1.870688869959718781e-01
-1.394180373023762576e-01
-4.960662996610042987e-03
1.093862323800518510e-01
8.901685767854648768e-02
-2.590109982704464908e-01
-1.807685356280290812e-01
-1.484344990048307722e-01
-2.669710555722716941e-02
1.233236774450621326e-01
2.915593112971348044e-01
1.934778939338646364e-01
3.278030913986433315e-01
1.093496202969119341e-01
-1.228010546205926257e-01
2.714321828780571697e-02
1.972895885323457665e-01
9.231432193645722206e-02
-2.880926089532137579e-01
-1.559365511402124593e-01
3.886776106055127127e-03
3.695966711356474255e-01
-1.220940857806231405e-01
-2.658992558277253893e-01
-1.982733830925852703e-01
-2.223009605992220528e-01
-8.018942285360030064e-01
-5.881608238773640418e-02
-6.523875161012325508e-02
-2.591170822419902042e-01
-8.668201123130947483e-02
-6.682963097425094479e-02
1.822624098999132969e-01
-3.963398101552479957e-01
4.910541721547099780e-01
-2.043938137355585105e-01
2.788199271623499897e-01
5.053900540418085896e-01
1.020559431179381138e-01
9.539206943450911913e-02
1.677126137807940232e-01
4.622374453051424914e-01
1.168386822143254039e-01
-7.972127565439970920e-02
-2.041537187035794565e-01
2.170788661896022598e-01
-3.161938116118594988e-01
-9.746912428082225854e-02
2.513745329439953102e-01
-4.176214967398216038e-04
-2.543540153195906206e-01
2.070985379467670806e-01
1.435836685132060309e-01
3.567808599484232901e-01
3.967854172119145845e-02
-2.111076245927902273e-01
-6.635798697363025356e-02
2.418952343169304131e-01
9.946306119647357891e-02
1.688569992026084654e-01
2.387867280016578442e-01
2.329681082000512882e-01
1.859043150253706089e-01
-9.727133909945151480e-02
2.390306574678182916e-01
9.018989932890868547e-03
-8.873199437653182808e-02
8.941080393170507123e-02
2.042687043960080551e-01
-4.785697397080461712e-01
2.731718395204510985e-01
-3.394022134776819022e-01
-1.408807598455047438e-01
2.313461257558463713e-01
-2.660996336557037711e-01
5.230504361562409582e-02
-1.959523781572453938e-01
1.678317082499996282e-01
-3.456883956810486436e-01
3.679672366429085351e-01
2.046806177368093727e-01
-3.441765460158159873e-01
-6.273043287855607775e-02
-1.296356392158367621e-01
2.365328221488042781e-01
9.956879591010493746e-02
5.985834006855394324e-02
3.050768101016679214e-04
-4.700356779027318743e-01
-1.688541829715873854e-01
-3.385452686092380037e-02
-1.791293701972596353e-01
-1.478542121428436107e-01
7.363194846903839408e-02
4.913475042372048018e-02
2.467452284160517526e-02
-2.032305467274839739e-01
-5.850253982152706644e-01
-2.575186224389739431e-01
1.917218294761954267e-01
-1.463880980097165274e-01
1.696594217681666183e-01
2.927413967123888572e-01
-2.207543901976438960e-01
-1.021680382207111881e-01
-2.120814913797211265e-01
-4.943730292835731288e-01
-3.058615231672636159e-01
1.179338293070895070e-02
-1.714754617309036666e-01
2.571994464932683688e-01
-1.079077968546568594e-01
-4.211367649633083188e-01
-1.106298761020221288e-01
-3.766179352684089765e-01
4.712293359263286519e-01
4.933969441782808385e-01
5.673725061002438119e-02
3.150342183329420953e-01
3.920267079151582013e-01
5.322527373714736054e-01
-1.042604788247010889e-01
-2.998471675985464602e-01
1.712142850472070377e-02
8.319649345654527017e-02
-2.601063466293218693e-03
1.467135411311758508e-01
-4.093707636768692537e-01
4.059838691943021272e-02
-2.742885728987721761e-01
-2.104642577336306719e-01
-5.406714818553615132e-01
-2.683648619494304333e-01
-6.202664682135458074e-01
-1.638967828708291774e-01
2.194298251193845528e-01
-1.926053531095540394e-01
-1.279987856748520669e-01
7.163957936777687330e-02
5.569699020657276067e-01
-3.723996706592845318e-01
3.169828977372589063e-01
5.869865308052329977e-02
-1.207390629239783741e-01
-4.519824894333580034e-01
-5.479611853003392152e-01
4.168392097282303532e-01
9.716940713644225958e-02
1.340226347587878952e-01
1.267985448609344201e-01
-3.575199245564761319e-01
-8.474660261540846451e-02
1.373386995787808096e-01
3.611419666069847212e-01
2.164946540691316534e-01
-1.976892031942927286e-01
2.683946260296827813e-01
-4.228993420749657117e-01
1.979677319167909566e-01
-1.286917690943798764e-01
4.356362076643252035e-01
4.739462406371974246e-01
7.802085487113309681e-02
2.778149041191819713e-01
1.634114203468793047e-01
1.591270217077213889e-01
-4.367511351626645055e-01
1.308199039470481218e-01
9.186228786699607296e-02
-2.086290414362676482e-01
-3.151134087540992668e-01
-2.711936262803970044e-01
-1.505370439550150763e-02
6.012130731928481131e-01
1.843025516906631189e-01
-3.291301008441432918e-01
7.046531647398589226e-02
-1.219990047768151897e-01
7.929293570198449326e-02
-6.565877908136043273e-02
-1.196693897978929472e-01
-7.287779401019719439e-01
-6.214905443673588437e-01
4.560021955668052684e-01
1.947213783716101876e-01
6.683758672057218964e-02
4.556404662463046651e-01
-3.778825528559262526e-04
-4.357917533612588046e-01
-2.263754132863652901e-01
-9.375091334811616259e-03
-3.275513849457974414e-01
1.613941847360883808e-01
2.702354875271077857e-04
-2.474511289309096473e-01
1.504178997443097743e-01
-1.857290792701396798e-01
-8.921988715596844421e-02
-5.002455559269949892e-02
2.853758424121545789e-01
9.337646071329153141e-02
-2.873467445508021481e-02
-2.106917385789708053e-01
-3.243132473617205136e-01
6.110142132069728005e-01
-4.875578977746059528e-01
3.602747815645558904e-01
-1.352962183478672864e-01
-1.450370201504139200e-01
-3.518744333346716657e-01
-7.330893234652992030e-01
2.669355214582779245e-01
-5.407149807630169391e-01
4.008729405681979441e-01
-1.363265505151746160e-01
-3.886527591152245109e-01
1.764141904432865449e-01
-4.531679693369163875e-01
-5.555598823394912733e-01
3.567587850926624560e-01
3.247523367126296523e-01
-2.459830075770919056e-01
-6.192790037153582672e-01
-1.037220711998381312e-01
-2.933283469799063958e-01
8.343826206667741274e-02
-5.508169598537385192e-02
1.319177447212050436e-01
1.493491678113273990e-01
-1.386108766309916140e-01
-3.974216842240894665e-01
-2.768430109489538604e-01
2.037143054146210996e-01
-7.282025709482112252e-02
1.600566330087651867e-01
-1.280256907276151601e-01
9.531926542996965734e-02
-5.762459235246771005e-02
1.369433368376014870e-01
2.814713181220175608e-02
1.283433645565194570e-01
4.148909812603492897e-01
2.860523728671444665e-01
1.888436184346668767e-01
-5.938012728380335226e-01
-5.290493598158908795e-02
5.375957643471499653e-02
2.268508988335872778e-01
-1.140969479822259158e-01
-1.486319218644716611e-01
4.507010554187008133e-01
1.549788333578834276e-01
-1.724822093600725803e-01
-7.789117220730347457e-02
-2.953103432651356108e-01
9.837023414260136212e-02
2.464989998616186062e-01
-7.064464716201744598e-02
-2.010853158833222354e-01
-1.645168579106956186e-01
-5.084092305736792605e-02
5.840697938406591572e-02
-3.612694028050645323e-01
1.441037184114569991e-01
1.061338899893414789e-01
