-8.634099294854349904e-02
-1.950507016377090175e-01
-3.524851243882067831e-01
2.354581656603400575e-01
-8.702244771039957527e-02
-3.949261032568248536e-02
1.941117209341345906e-01
4.179551676809835636e-01
3.778717189500299667e-01
5.360146085414077000e-01
4.037432742762253057e-01
-1.977663715652183685e-02
1.906449997450569145e-01
-2.642641190095438297e-01
2.185803750869255990e-01
1.231624202757225367e-01
1.027039560536169016e-01
-1.355813294566809990e-01
-1.899270749945710934e-01
-2.799470774039885534e-01
-1.910481523578267671e-01
-3.714841673109818831e-01
4.231900810773074895e-01
-8.710331581235504494e-02
-2.945569621437889585e-01
-1.500890266504094350e-01
-8.722799737983938373e-02
3.875504452665765043e-01
-2.522644857900529503e-01
-1.775246955280667949e-01
5.324534516005247076e-01
-2.303457707501683771e-01
2.424694757267520373e-01
-1.381230886983978445e-01
-3.235973597908277100e-01
-2.777779637272693725e-01
-2.090527461550038130e-02
8.513647336543715693e-02
-1.611361496769577739e-01
1.785181091176872570e-01
4.802733440077830429e-02
-1.775726107415633026e-01
-3.699223032238385667e-02
1.698910758390932141e-01
-5.282597896570098150e-01
4.014258752636305494e-01
4.216110506171523165e-01
2.226783542340726729e-01
-5.393327762495304656e-01
-7.612369068206512393e-03
1.202584706838869394e-01
5.272079934412907676e-01
-7.411680782928586897e-02
-4.076549000065247119e-01
-2.657742163072959740e-01
3.263843961482696954e-01
-5.284931299751279878e-03
5.632097878222545040e-01
4.610143105451062762e-01
2.112319440471673304e-01
3.106998776410975216e-01
5.787004219926258353e-01
5.409177747311093576e-01
-2.252321252189617984e-01
1.519698127056653691e-01
-3.606111435240109686e-01
-1.029388908575813444e-01
-2.920812793227986481e-01
-5.090939188291659923e-01
-8.136173633557278739e-01
-4.378392689635730028e-01
-1.634554098144612444e-01
1.772712370169133023e-01
6.261009180636188942e-01
-1.326079463086430599e-01
-1.180395136995365662e-01
-9.988087486369379153e-02
1.821268435626533233e-01
6.816435298014114630e-02
-4.604174418443996997e-01
2.367449795057418038e-01
4.440840265720438218e-01
1.770514407939193513e-01
-3.902363441482243900e-01
2.352689647995065414e-01
-2.211765305598431541e-01
-3.738022509726997011e-01
-4.265180759140359545e-01
-1.300421515531404171e-01
3.848413896670894174e-01
2.689497163830183446e-01
3.370304490790997365e-01
-1.450367628817951782e-01
-1.574565073794614856e-01
-8.296724690804622993e-02
-6.148936753772303865e-01
3.900691898546745917e-01
-1.710624739196812960e-01
-6.160284477918915869e-01
4.186971359626572714e-02
9.195612156824892192e-02
-2.468584597974579076e-01
3.275020536270947802e-02
-3.387331675792086272e-01
4.734238730649110716e-01
4.546238964838303920e-01
-5.475265018572045284e-01
-7.858614918806057503e-02
3.011379705108391813e-01
8.573059858752774681e-03
-6.844337476642148310e-02
5.262415116923352398e-01
8.272064022814558382e-02
1.728923206173043903e-01
1.163849418442676753e-01
-3.932082087374812462e-01
5.604845509171169082e-01
-1.134378379252988372e-01
8.097284154449359284e-02
-1.770050078589148757e-01
-2.901137666439067980e-02
-6.602630574169007227e-01
-3.959319161671451259e-01
-5.699732487794814118e-01
-2.434434685568297452e-01
-4.751899403600974292e-01
-1.185791723521319602e-04
1.343460429721294869e-01
-6.634604677086480828e-02
2.235763397768657235e-01
-3.087358263495290078e-01
-1.069912137677341418e-01
-3.958004390980955634e-02
4.972100011858645446e-02
-2.636535666150346957e-01
7.453587613799780298e-01
1.369664508741380293e-01
-3.472655069184567012e-01
3.917506658019855731e-02
-1.820958853478812922e-01
-2.018233744211858985e-02
2.161767193479247340e-01
3.844268388525967639e-01
1.930086148639979515e-01
-6.365187386824001647e-01
-3.014552962546194759e-01
-1.775122375270048528e-02
-5.476634948239261780e-01
-2.284284384686744440e-01
2.313373930565932879e-01
-9.771200850758086920e-02
1.927089809949709617e-02
1.691469056000995119e-01
-9.780626514035956065e-02
2.712815242319087106e-01
-1.454356767918912052e-01
1.838135192236615423e-01
-3.055769216188299886e-01
-4.134912281482448770e-02
-2.400148264062821890e-01
9.924791344060313047e-02
-1.251339923783975627e-01
-1.743633601843070091e-01
-4.500849406143263981e-02
-1.080864585240427916e-01
2.002193621459858255e-02
5.112487215655742157e-01
-3.513800754649850089e-01
-2.347574977452457357e-01
-3.188213204347717933e-01
-9.401771850892047533e-03
-2.034314252236410769e-01
2.917287600559031330e-02
-5.509991965262193148e-01
-1.941636319059943661e-01
-4.806682009608660433e-01
-5.991940043769782703e-02
-4.193031972729189816e-01
1.667556268731686109e-01
-2.516578922577101252e-01
7.872563554344610970e-02
-1.892137909011615965e-02
-2.182326300987660062e-01
-2.776754723888871790e-01
-3.991407810278842505e-01
-1.051028580416794866e-01
1.999070736625745137e-01
-1.403603115884661245e-01
7.225955917041239351e-02
-2.857651452242004897e-01
-4.314571356593719931e-01
1.432982788654114936e-01
-3.075177811150617280e-01
3.153862046352732748e-03
1.819540551816828666e-01
5.774215383449918804e-01
-3.419804251762438296e-01
6.404293490790716747e-01
1.352534659281514340e-01
1.875783279035958262e-01
5.375792010476247718e-02
1.518749687892010647e-01
7.572883095719433466e-02
1.507638170913905562e-01
3.061075652899943877e-01
2.327406313501171609e-01
-3.335486408986973461e-01
-5.441697127711677684e-01
3.532637231983314918e-01
4.049095551375677532e-02
-2.031748548671886700e-01
1.923870184602000932e-01
-4.740556880197969170e-01
2.560504843075594450e-01
-8.257609449210728814e-01
-1.002928949081847293e-01
4.594251481589388675e-01
4.025366380104810626e-01
2.453125833129807948e-02
-9.907793980265106049e-02
-5.080519745689834332e-01
3.044358777932658633e-01
-4.286562563928990044e-01
4.105865843895865064e-01
-7.437959773612413672e-01
-3.768066904132468253e-01
5.271457654234976836e-02
-2.010448968744284470e-01
6.731701544900039469e-01
8.591880413475083689e-02
-3.338518569571476413e-01
-4.526365788186606509e-02
1.205019549685303337e-01
4.454902244419812196e-01
-1.666926938784605572e-01
-3.789009363066275088e-02
3.587851503969918809e-01
-5.357055408028243981e-01
-7.172496278056794683e-02
-9.315860546368073813e-02
-6.066574821349910440e-01
3.118889301728558841e-02
-3.017062117398409682e-01
-1.715052025080622822e-01
-1.132502316836470936e-02
-9.781361309232478041e-02
3.470751667961465836e-01
1.281482067594817698e-01
2.367774131407930083e-01
1.223031256179318432e-01
-4.250109137638194978e-01
7.472491947794000777e-02
-2.990933610215076172e-02
4.354388887172050970e-01
-2.791949340657207679e-01
-2.136096748917395427e-01
-1.847133115175695617e-01
1.963450681162683120e-01
3.516209644378283095e-01
2.650666430691547282e-01
-8.415597413994378717e-02
-2.106866830398141099e-01
3.657632004846310125e-01
-1.896780818454408268e-01
6.296788540499241860e-01
