4.234425441748679853e-01
1.555833094339167111e-01
-2.106526266952554183e-01
1.524427661935353062e-01
8.065600887809511177e-02
-2.949630580019818593e-02
-3.315189936051506359e-01
-1.931952277505530613e-01
-7.791966614987660966e-01
-1.789712337319962210e-01
-6.085947803203908824e-02
-2.062911488800114324e-01
-1.883527514891535082e-01
1.821213860385497152e-01
2.584519726927896888e-01
5.763676402189069625e-01
-1.770672880686421924e-02
1.074216860972846965e-01
-9.331960067514921686e-02
-6.153090311769491283e-01
-2.379280288205245231e-01
2.541432545766379725e-03
-7.821755161497331854e-02
-1.078078918968143896e-01
3.720705938990391259e-01
4.737792081223218821e-01
-1.886383626357077681e-01
-9.673186617034650048e-02
-2.551011520457411308e-01
3.115515565844175772e-01
1.335462396749366176e-01
3.073514952032543324e-01
-2.528582879947166018e-01
-5.097164002542146077e-01
-8.917782999081472206e-02
4.946051014871236107e-02
3.050209952632603749e-01
-6.864023900660450039e-02
4.482725474033750768e-01
1.826758125294507817e-01
-1.115967879808355268e-01
5.253900218893354790e-01
3.967316773583683398e-01
3.735903509607436668e-01
9.780245505006923690e-02
-1.168973375803738224e-01
3.563754653391494887e-01
-2.231615986760512593e-01
-4.649926709648531942e-01
-9.921464421040783466e-02
6.137344554955265208e-01
-1.105730678848035331e-01
2.988845056897903030e-01
1.922820079344817745e-01
3.155883611872874472e-01
1.584272504348533533e-02
4.899584704932226642e-01
-7.165739320504349585e-04
-2.592425436979370335e-01
7.551810281117392609e-01
1.118490509531800403e-01
-5.971616642692084698e-02
-4.675126621417233785e-01
-7.239961471180812735e-03
7.110272659060481448e-01
-8.551234942184689214e-02
-2.504843108600193213e-01
5.401218408173706909e-01
-2.386312003362717760e-01
1.750172674286486207e-01
5.137571794471074149e-02
-6.084243048711728691e-02
-7.943632164553415809e-02
-6.867320412054515877e-02
6.326567914650207958e-04
2.318243717180511199e-01
6.121367178083620963e-01
-2.788681300908568694e-01
3.329704079053984467e-01
1.046125547967993452e-01
5.121531792050485477e-01
-1.112503998517345820e-02
2.273092718727784400e-01
2.334065007277364157e-01
-2.280100942011423215e-01
-2.334022861908274238e-01
8.749029031176282223e-02
3.922187725540488695e-02
-6.381378137146836993e-02
-1.095374046111654565e-01
1.931155174398004881e-01
-4.582775710307852857e-02
3.857149911301864520e-02
-5.242906056989631303e-01
-2.012943661844887600e-02
-2.308994567428349076e-01
-1.484014602687929590e-02
4.839377231902599608e-01
-3.008844314891032101e-02
-4.520920139587648046e-01
-6.055140124934209334e-02
7.969162128062659556e-03
2.453840541354741500e-01
-8.400630720825852382e-02
-1.552965349968074837e-01
-5.542735671083408588e-01
1.513559347629092958e-02
2.914379347703771050e-01
1.714515699938189142e-01
3.864767265800237578e-02
6.254056379065059401e-01
-4.487283357958583019e-01
1.121213635324471991e-01
5.572820998654678393e-01
3.644885621578438650e-01
1.814223507941741809e-01
-4.955297561532900352e-01
2.270581342116831935e-01
1.496728076331672042e-01
-1.998457133042948197e-01
7.349410146359449669e-01
2.598683806419287839e-02
-4.543386706800615904e-02
-1.434316825896631287e-01
-1.157157681442095576e-01
-1.114111123827266625e-01
3.443867892519084095e-01
-1.130413105380104755e-01
-2.365563349042777708e-01
4.312933006755003545e-02
-7.678357818941060342e-02
-2.099849716258301302e-01
-2.753000243464826524e-01
-3.822031621467437967e-02
-6.398158953338570765e-01
6.641449361464185630e-01
2.014015253525743357e-02
-2.456650283868432594e-01
-9.828405109083462321e-01
-8.350016730090306094e-01
-5.338141108861083062e-01
-2.574259664147262039e-01
-5.786893536728823784e-02
3.133100088940547479e-01
2.631833752687002398e-02
3.673901517317099685e-01
-3.484136630857143091e-02
1.397679477663775760e-01
5.331841704101764057e-01
4.106539511757013594e-01
1.574252086734234113e-01
1.040201482321298915e-01
2.604933024180209333e-01
1.357807455692603416e-01
5.438672547658671835e-02
1.323754787975346403e-01
-1.017753732706387360e-01
1.738594455749646606e-01
4.910378185813180640e-01
2.946653048294204380e-01
-1.133614671567900190e-01
3.253814566304705225e-01
1.849704795239159871e-01
-1.183717471760629275e-01
5.181735415424340019e-01
-6.120061702479460269e-02
2.167229992271524908e-01
-8.095641084537301413e-02
-2.161682343326771505e-01
4.246396753510598421e-01
3.314336448357034781e-01
-9.553267376407831302e-02
-3.550626203303572925e-01
-9.074673286726937793e-02
3.917431204464786876e-01
6.468973553567218815e-01
-4.227820617206324849e-01
-2.540789833874896320e-01
-1.165028684529847008e-01
-1.090729365799343598e-01
2.823235716381754246e-02
-2.549258556874825499e-01
-2.349473268245382274e-01
1.980592203011361518e-01
-1.095824250786789633e-01
-2.344740934344645700e-01
4.666766987249714171e-01
6.365111320882820278e-01
-2.453537918534225981e-01
-5.137539025080897215e-01
4.965691934252161044e-01
-1.194678444240089565e-01
2.025572507047830317e-01
-8.677269248909073862e-02
-2.035076660499785806e-01
1.791121953503830577e-01
-4.361456338638297625e-01
1.443360896236317858e-01
-1.734466854505928579e-01
-1.854983797616013147e-02
-4.066780673947122948e-01
1.933272938730403942e-02
-5.220471535438569316e-03
-3.687270084178716489e-01
2.006180793903468151e-01
-9.127897318831862394e-02
-2.478082711608189104e-01
-4.043374075756073771e-01
-3.721307394423888359e-01
5.506752476054852519e-01
1.360675048048374247e-01
-5.387488439109286986e-01
6.766138471971331336e-01
7.023739002839987644e-02
-2.596334877099182314e-01
-2.956123286960695706e-01
-4.821400759932747970e-01
1.611297978532522934e-01
-2.816184703742589668e-01
4.167072054204830622e-01
-1.214707611294552625e-01
-1.901390684513333817e-01
-2.072898138679728497e-01
-1.440859078016419430e-02
-2.374086988587323366e-01
-8.726391720797217477e-01
-2.902654772599509991e-01
3.083693679363080919e-01
2.867779551121400483e-01
-1.303794173430770399e-02
-4.661853901087270602e-01
3.894713509646611782e-01
-1.074700803778245867e-01
1.240199691894737777e-01
4.014869590431494051e-01
-2.112729058272302951e-01
4.437811999907974592e-01
-6.456723874561470788e-02
-4.116307036864806368e-01
2.872344758063794523e-01
5.806365394956617410e-01
7.559106850957572621e-02
8.362509747216152478e-01
4.671474830060552419e-01
-1.471311054320347533e-01
7.369401989529729240e-03
1.566014709056489651e-01
-1.853672655947521397e-01
-1.010217128705145767e-01
3.798044911930092415e-01
-5.433505343297021506e-01
-1.960012720405521769e-01
-5.722721582537931839e-02
8.636052183849790564e-02
-2.476491120795795697e-01
-2.000817175513038282e-01
2.143151255557207979e-01
4.097559249843606421e-01
5.483316757672393460e-02
-2.737218514723067098e-01
5.949955674101643777e-02
1.638123231110436562e-01
2.026788413967005320e-02
5.899333645538024085e-01
-4.108887268193116560e-01
