-1.941520748097582405e-01
-2.197275531610323740e-01
-1.559516895120185154e-01
1.548720222047053896e-01
-4.115471383224667684e-02
5.126789417889749956e-01
-6.582899075922095389e-02
-3.569976860987766343e-01
4.890767513844976877e-01
2.439259175782002020e-01
6.900825705767902329e-01
2.077058854892279982e-01
-4.964323615744880014e-01
3.532614821271242156e-01
-1.188404479331029995e-01
-9.324330272828063038e-02
-2.203846356847824831e-02
-3.127054043805831962e-01
2.035640412945090849e-01
-6.329743518509833855e-01
-6.177612182679914632e-02
1.586853478153625874e-01
4.830248328040028655e-02
4.575845694496929322e-02
1.555481085266040842e-01
4.249375421910093209e-01
-3.671167726094167194e-01
-1.042766549657889036e-01
-2.124856219533575452e-01
2.762140674761778270e-01
6.554471345635892732e-02
3.263905742125686738e-01
3.937189640835250248e-01
-2.847471388151391336e-01
8.718622181598432164e-01
-1.946333825294193492e-02
-2.875058526053251295e-01
5.604689808970739207e-02
-1.917809154313081937e-02
2.458170385265572300e-01
2.687749349091010376e-01
3.707392288186359686e-01
4.409402189878183220e-01
-2.738131325173990827e-01
-4.835402421564702902e-01
-5.362776998543015983e-02
1.143472041427001512e-01
4.037329028704667033e-01
2.277537481958555599e-01
-9.474634338672298373e-02
8.603570910020577056e-01
2.373594137076001642e-02
2.376636163993401940e-01
-4.424975061206636306e-01
-1.597868665908243058e-01
3.295083022335926204e-01
-5.087092735119767006e-01
-3.683868245651873430e-01
-6.125100742753937233e-01
-2.223265667713295868e-01
4.115158920249750718e-01
-1.468053270438962332e-01
-4.914833270085623984e-01
9.574188230865986193e-02
5.162720523688864027e-01
2.561000422726553705e-01
-2.949587832825513109e-02
-5.832350598938392805e-01
1.661315736557887612e-01
1.594764173294535847e-01
-1.295758795056879964e-01
-7.638916523118487178e-02
-1.550204185249962063e-02
-4.023863691367943751e-01
3.428835651195199508e-01
2.900163769590152762e-01
3.405466673255788113e-01
3.502373372118140482e-01
1.603166524410302440e-01
-7.410019403554878037e-02
1.582867023919868055e-01
-2.014517716426563465e-01
6.368905642807118350e-02
1.267103295022853904e-01
6.286550413154916306e-02
-5.931760032601350874e-01
4.643471927942426913e-01
-5.746058947512233672e-03
-1.422319492742036562e-01
-2.205844542911944081e-02
-8.553126340268184524e-01
-3.737117516695220298e-01
-1.298468037579142698e-01
8.519236388125561721e-02
4.822055184638810582e-02
-5.714777850355158562e-02
-5.849228500012594589e-02
3.277846448936562185e-01
1.262485105901067217e-01
-2.655541042293442788e-01
6.396326340795477350e-02
-5.103044183117690785e-02
4.548397575689213518e-02
-5.394876216103204614e-02
3.076665749050216947e-03
-7.806556774017776867e-02
5.808550174505273250e-02
2.504170420542706776e-01
2.480741828824289674e-01
-3.482684538010498154e-01
2.746797536877041979e-01
-3.511329044574033054e-01
1.552804382838478547e-01
6.322927534624916968e-01
-3.478220964654723524e-01
3.737611652578261001e-01
-5.333292453704157055e-01
-1.840796115372086150e-01
2.030906707774641218e-01
4.254120687420827052e-01
-1.056405565003328828e-01
-1.735563712872789932e-01
2.497663827222501853e-01
-2.813028457221518619e-01
-1.671546984334198738e-01
-5.525925213979523409e-01
2.715411665103537042e-01
2.309805398862135178e-02
-3.757745352048279946e-02
-8.193952034600257561e-02
1.604609344734671539e-01
2.533021170011763301e-01
-1.504727574112172950e-01
4.309089818887044121e-01
-7.353289461738014010e-01
4.369908293337230742e-01
5.316392798421761823e-01
-3.162575672121222259e-01
-8.739479987685099260e-01
7.733277776088426370e-02
4.445442345341982238e-02
-2.235922130252191234e-02
-3.560221002888243058e-01
1.673029160459152120e-01
7.398609041372219419e-01
-2.475855050329099083e-01
5.501021123291393033e-01
2.890222985302940417e-01
2.145216359331540701e-01
-4.180027826763089288e-02
-1.086624453799385909e-01
1.276368670309295517e-01
4.252536007540740903e-01
6.153288415546120937e-02
-2.195960675151990560e-01
2.296610208522792962e-01
-6.235244004216995706e-02
2.547804841260670194e-01
7.592838949844504803e-02
1.136460109355198617e-01
-1.012037874077780369e-01
1.129808981690285374e-01
1.538065436993645285e-01
-1.645010377385256739e-01
5.497183199919890573e-01
3.249397830039847668e-02
-4.459198225668586923e-02
3.370921457403407429e-01
-4.361148053762940457e-01
-1.744739166769277705e-01
-2.867388833155880001e-01
-6.966957014036723184e-02
1.497244830636281221e-01
-4.129758747173751382e-02
1.187526738368783197e-01
-1.035089320974994093e-01
-3.444938078794261838e-01
4.913622367179502071e-01
5.248475796275088590e-02
-5.001243667153480732e-02
-9.411019292527094196e-03
-2.426894871773195017e-01
4.591223900393697210e-01
-2.315593428195061865e-01
-1.518788903623841391e-01
-1.597681551319111992e-01
5.444286345866594656e-01
8.044230137370119715e-01
-4.669304948878915673e-01
1.007134733180858055e-01
3.521566570547790542e-02
1.917296000209461337e-01
-9.149479419434535243e-01
-2.227565854661624767e-01
-1.770364838714873768e-01
-4.309995061516188053e-01
-3.527741756156246300e-01
1.301001176917978563e-01
-2.650025888715237254e-01
2.083928749178848294e-01
-1.159495852447887387e-01
2.211244158180274144e-01
8.183805155342902329e-03
-3.324744916620798740e-01
5.352918817392540024e-02
4.201681342274899422e-01
7.974054254506621198e-02
2.954542875833822690e-01
9.247575647509810592e-02
4.485315993829170345e-01
1.193195920389781145e-01
-7.157058573140567814e-02
5.751287391491604062e-01
4.712781813364677053e-01
-1.105647848958857676e-01
-2.154057232180081605e-03
-5.963261947027923560e-01
-2.658828607154969936e-01
-2.477471488138354161e-01
3.247093721487446238e-01
1.891048512001733961e-01
-3.607595122158116507e-01
-2.787989155428697852e-01
7.869339013471284838e-01
7.182383056737130789e-02
-1.822782359772009420e-01
5.354655626946405178e-01
2.134992089179002239e-01
-4.930579802615343010e-01
2.323815435687518471e-01
-3.986816619137670825e-01
-3.391709092313841545e-01
2.000062808730743991e-01
1.432312737215871330e-02
5.731633357630869785e-01
-1.526352751186415002e-01
-3.041985885642149445e-01
2.590299480991152814e-01
-1.945653311667728258e-01
6.583055996345776872e-02
5.450688555898969279e-01
2.898832122500250019e-01
1.161171739241781409e-02
4.292430504426577587e-01
2.075871203347133820e-01
1.357414022323542580e-01
1.467983328408925259e-01
1.304705202021455221e-02
-4.696096207297948411e-01
-5.031651245858688171e-01
-5.997837855538892260e-01
1.596424713736500633e-01
1.621068405771854404e-01
3.112953128566920413e-01
1.486340967160345305e-01
-2.550771068633551630e-01
-1.457814523738550361e-01
5.163122969158080722e-02
6.862705469722407865e-03
2.620367259463672327e-01
-2.024570481837402181e-01
-4.331731592626427707e-01
1.539754587293665489e-01
5.522506123348371876e-01
-4.205766544442869348e-01
