-2.477478085102936545e-01
2.307785743734817041e-01
-2.094376062210157319e-01
-3.818121878107023082e-01
-7.729636930213935608e-01
7.099902932250798382e-02
3.091207359312278524e-01
1.406974879511150300e-01
1.779814658592082099e-01
-2.087427406460887480e-01
-1.095659855497621293e-01
-1.185800523850850802e-01
2.304541738173284671e-01
5.919328032655982730e-01
-7.192956222866814242e-02
-4.541792593487304908e-01
-1.828461207780207598e-01
-4.040027044370191334e-01
-2.478934781244336305e-01
-7.906025954794641819e-02
-1.596764837556715333e-01
3.215565581057775596e-02
8.900818263269132113e-02
1.272242219016768705e-01
-1.638009088531779955e-01
1.025450370952975809e-01
4.422544483795792791e-01
-2.875772640094594879e-01
6.081305309140103144e-02
-2.301551919019557135e-01
2.931460607841709920e-01
-3.263277161306592511e-01
2.151762453940997133e-01
-2.648605097819037857e-01
-8.902031178576463866e-04
5.383227393708408526e-01
-4.069820819990401795e-01
-3.535489046086085496e-01
3.504879023584634989e-01
3.502060743966322054e-01
2.227576728437483111e-01
3.610499237915026360e-01
5.914164719439373163e-01
4.747782107263093243e-02
7.924567473419311670e-01
-3.256836443450772389e-01
4.233205088049659531e-02
-4.879495476003143373e-01
3.896746859589971662e-02
-3.081650877912416320e-01
-5.080215559759532901e-02
1.987081583272167218e-01
-1.628391840725353090e-01
-1.503466837586023008e-01
1.469615163956941861e-01
-3.586218289551080796e-01
-1.673309552814921386e-01
-4.003005620773417844e-02
-1.497563814576652608e-01
6.484228273082056626e-01
3.676906712127146482e-01
-6.811598815069631607e-01
5.335835965941647385e-02
4.782938807734783415e-01
-7.436072136414414446e-01
2.103590423052008607e-01
-6.598802070794113073e-02
4.916755465954458781e-01
-1.337250729394752827e-03
1.663261418240664091e-01
3.099839984754460542e-01
4.509927267512281457e-01
2.454507503290750403e-01
-3.083012573014929925e-01
-4.182158033956520082e-01
9.697376433839935417e-02
5.589880742587301221e-02
4.545773671412211003e-01
2.594466368996121153e-01
1.761663822683844915e-01
-1.005332436416836589e-01
2.050835053052235402e-01
7.478389747775444629e-01
-8.904204936090216391e-03
5.359493487721848082e-01
-2.747674275928565363e-02
-8.272093455143213203e-02
-2.469023990685014769e-01
1.034753609166178534e-01
-1.709331073604102025e-01
-5.093677584981118889e-01
-1.820491267934271074e-01
-2.618270634842067568e-01
-8.695559130992916441e-03
3.424521744953301639e-01
2.674067480879500081e-01
-1.904056871377154958e-01
-3.804134836952404175e-01
6.754983307636930334e-01
2.313954461778759339e-02
-1.985253384161126677e-01
-4.922206320798443169e-02
5.026642229839159426e-02
-1.036501817211375187e-01
4.426580319716393735e-02
1.213603478372674571e-01
4.013027457566496481e-01
-1.010223334075706636e-01
-2.625650061817155073e-02
1.470535154660465582e-02
-1.206552405808268003e-01
2.987374647143804796e-02
2.780981373547590785e-01
4.894405819421319276e-02
3.262160173597681845e-01
5.314567350237342502e-01
-3.409832666929987766e-01
2.268756671149692872e-01
-3.382229906392955621e-01
3.581420798992463461e-01
9.393409549440534523e-02
-2.643058834029022863e-01
-7.920323990611008447e-02
-6.158718685534643467e-02
2.101500673585667001e-02
-9.555767807526793778e-02
-1.556719187456994669e-01
-2.792893153348706692e-01
1.493810901152970994e-01
-7.035233529935795982e-01
-7.687283575149440884e-02
1.998095405870188926e-02
-1.594523262391608909e-01
-1.144322979752431801e-01
-5.034716268634802788e-02
3.927375233760110884e-01
-5.791029556748203411e-02
7.712562401852497418e-01
-1.846220489309554069e-01
7.398273548320056792e-01
-3.154092633135313628e-01
-1.129653707794186779e-01
8.154581716988941187e-01
-1.517515921363523368e-01
-1.834358547076367363e-02
-8.324044690816886916e-02
-1.628987189881950237e-02
4.369203156236076135e-02
-2.229281694602972541e-01
-2.078335043305778451e-01
-2.272603661731843749e-02
-1.495189599296785354e-01
-5.461987364760128028e-01
-3.482404627779092654e-01
-3.056099689711858636e-01
-7.996988757234466672e-01
2.163218172929907701e-01
1.366725652497087218e-01
-2.730615289793314471e-01
-3.999359151965701797e-01
-7.786055632629797219e-02
-7.572348370771929404e-02
1.666005854992475832e-01
2.706628339491983781e-01
-2.702270635044065061e-01
2.260007566052817940e-01
-2.159909234726178628e-01
-5.148692976752332617e-01
-2.201760415701862206e-01
4.373642049689890343e-01
2.722979877951409167e-01
-6.301910720748984951e-02
2.384972554948775469e-01
-2.996497620665765360e-02
2.022679775056129281e-01
-2.307697513626123798e-02
1.010367967346118834e-01
6.490634293611683425e-01
-4.121725638330545061e-01
-4.515288705925984414e-01
1.664467123208670796e-01
-1.423765753345293816e-01
5.821795366674039490e-02
-4.791450335873433802e-02
3.060935847575037561e-01
-2.795160874647303340e-01
1.000000000000000000e+00
-1.986856347653662702e-01
-6.547439408405496541e-01
1.483058075508301155e-01
6.881356966466999070e-02
2.543830691316943948e-01
-3.754397322288852146e-02
-3.941609258177120045e-01
-3.653696893083895336e-01
-1.573028187155524615e-01
-4.614694302950576033e-01
-3.790539584298793230e-01
-3.604157849893512844e-01
-4.473238160803801877e-01
5.448052264262035482e-01
9.078335458416217363e-02
3.555707616802515347e-01
8.258982294843059124e-02
4.632828212157701353e-01
-1.167765180449484436e-01
-2.688417738096903625e-02
-3.748064545853860285e-01
7.939181852721229060e-02
-9.982969045561648769e-02
-3.815833583301282417e-01
-9.519263715202352927e-02
-6.334773839354788938e-02
2.569756560179140004e-01
2.158181056289134314e-01
3.276904687715641584e-01
2.472134999703006486e-01
2.004332504437768558e-01
6.067102379388671779e-02
6.160194859407777668e-02
7.917194734664482203e-01
3.264412615180893595e-02
-6.681641634189223744e-01
6.112612281650672830e-02
-5.470847910924788726e-01
-5.186614797973171376e-01
-4.982584805933512606e-02
2.890442133968725291e-01
-3.942996697085082158e-01
6.058674659656262257e-02
-1.392652029011469395e-01
2.510514752135161176e-01
-1.785196761229546625e-01
3.096909745631140631e-01
-3.622443482472780252e-01
-1.621184450787965803e-01
4.612946351130421396e-01
3.498057590016706575e-01
1.326546412228127858e-01
9.369742672318163990e-02
-4.001514495485109513e-01
-4.360189234762717470e-01
1.119917022052261540e-01
3.079986529043503285e-02
2.823613196135380532e-01
-1.755965815423725374e-01
-1.429635383135627880e-01
1.346281075376877245e-01
6.446243389065520191e-01
2.238094334718839784e-01
2.787311746339157792e-01
-6.276039739143061957e-02
-1.765091356999805017e-01
2.458151723546323636e-02
1.545143035832018674e-01
-4.321959938948739532e-01
-3.129219222616015372e-01
2.959057840172563680e-01
7.421851117150476962e-02
2.344697218797489324e-01
5.526584341654128263e-02
-3.909165152958760103e-02
-8.116537003369544978e-02
-4.969340281872569043e-01
1.682226028154228947e-01
