-2.729571420727348041e-01
1.005429071707891198e-01
-3.054424095171976994e-01
2.926035493877191529e-01
2.042440583462706294e-01
-2.667614935586731240e-01
-8.686299032261921016e-02
-3.506182543699565279e-01
4.764144652067474062e-01
2.095969917411762418e-01
8.993290644901444364e-02
2.894081478681193587e-01
-2.388432765220687426e-01
1.349490573386623593e-01
3.227348838471604808e-01
-8.067033047460475670e-01
-4.575713243619329573e-02
-1.678134329738195929e-01
4.915882127300308380e-01
2.231484566252689428e-02
7.566761078370841387e-02
1.008094422814695967e-01
-5.719478628139702120e-02
5.327635657470211061e-01
-1.098828266610272497e-01
5.214024262323609937e-01
4.179410291595769822e-03
1.400732589956935059e-01
-2.636700350253977088e-01
5.882945354381345637e-02
-9.439785717312732666e-03
-3.565424470682240221e-01
-4.417420256246362698e-02
-6.679307420345991231e-01
-3.455549548381082747e-01
2.807728300725518059e-02
1.000000000000000000e+00
3.453071794235443304e-01
3.486749031641473984e-01
3.385559206631509332e-01
1.316540318619079386e-01
-3.353634581917861457e-01
-2.008847827124134455e-01
4.885304520680319729e-02
9.384441594983956511e-03
-1.832679324745360161e-01
6.128607840376119054e-01
-9.965514652964750641e-02
3.991370590598742885e-01
2.672697201706439873e-01
2.627193096346801537e-01
1.146854625470540012e-01
-1.000000000000000000e+00
-4.546973283325442261e-03
6.507481826989555129e-01
4.827851187087664475e-01
-1.814476293403947116e-01
-3.550054025319977491e-01
-4.177060901072051080e-01
5.649176689662456230e-01
8.639053030239003672e-02
4.072122511505206210e-01
-5.157143372975627749e-01
4.719765289907169870e-02
3.325648359478704935e-02
4.228083079507886644e-01
7.439753032482759876e-03
3.257644779762955967e-01
1.246875758744789564e-01
2.361472507418141409e-01
7.477315639501588840e-04
-8.144619473899390727e-02
6.566385995827980215e-01
-5.101639948519866019e-01
-3.003434377249806775e-01
-2.097399336192894426e-01
2.369883361878505068e-01
5.354209962046461158e-01
1.017183587245299586e-01
-5.746846533386895661e-01
2.441208872702276683e-02
-8.580451611753217578e-02
2.980519171095199482e-01
-2.127405997655509029e-01
1.711458242440805910e-01
1.463864144650035282e-01
-4.200541340946521429e-01
5.807047265372022871e-02
1.175946850848753195e-01
2.594416075222176210e-01
1.506945284337060931e-01
-2.314905967671717080e-01
-5.099277800655621640e-02
-1.078705864388283392e-01
3.123678127055605578e-03
-2.527137316995924365e-01
5.289377119269016159e-02
1.233163034539301456e-01
1.379034979457936239e-01
-1.900771014847913998e-01
-2.338747432839026821e-02
1.630268301744501602e-03
1.779989454894900791e-01
-7.759816248015243001e-02
-3.941398271766812234e-01
7.522424400919226761e-02
-4.957826115768839692e-01
-2.686340984164045653e-01
3.848548221322489193e-01
2.267995779767821296e-01
1.732548507354537692e-01
-4.677204109480179728e-01
6.141191936627436038e-02
-2.461803822421127497e-01
6.236513313461334862e-01
2.129683939640352186e-01
-4.143892784759521941e-01
3.659616814271154928e-02
-2.738647746222923063e-01
-7.643973683670556296e-01
-1.684519393178992297e-01
-1.104790331024831651e-01
-3.264726867999299675e-01
5.722442155134001979e-02
-2.856061763511927309e-01
-2.744699808342594416e-01
4.736254467208912411e-01
1.382604556443403077e-01
-1.030950517436835939e-01
-1.973055439791761845e-01
1.458961298709741117e-01
-1.493855286732964083e-01
2.401526325226458203e-01
-9.817556981943498240e-02
3.367638623640284434e-01
-4.546393922145385291e-01
1.825245361974538183e-01
3.718139226663988439e-01
3.029496467862261011e-01
3.520857241080361799e-01
3.836604960474307435e-01
-3.571579643134829007e-01
1.965085907168668822e-01
2.716318080919338795e-01
7.229964814433947895e-02
-3.481552243446944805e-01
-1.256790298064499878e-01
1.971204074691015329e-01
1.403340744095304404e-01
5.013016425127900244e-02
5.657738911245822067e-01
3.558740386757590635e-01
-5.599603992961266208e-01
3.288708569479933397e-01
1.362830394782054144e-01
-3.179239692058870026e-01
1.888395410508501571e-01
1.552715551884153167e-01
3.884298049835619576e-02
2.837749053124004606e-01
-7.951770625483198240e-02
1.458730147155047896e-01
2.352071953176838037e-01
-1.258664678122023602e-02
-1.885399797854594717e-01
2.788018700369931380e-01
2.925817016874991405e-01
-5.123236868514937647e-01
-7.891829449145257858e-01
-4.071669467693585232e-02
-1.900935674468337000e-01
-1.111949757693244389e-01
-2.418490915461294632e-01
-2.059026935716992690e-01
7.662093413958949439e-02
-8.598241961703313729e-02
2.336782405579617972e-01
-2.929751936834243398e-02
2.321928253366861705e-01
2.341220733281262623e-01
1.585137476856032512e-01
4.690595157661287540e-01
-8.154902929708119849e-03
3.828031522860444458e-01
-6.030215875970786898e-01
1.556702357456478669e-01
-1.408947176178090566e-01
4.790879786377130189e-01
-1.549335104962717979e-01
3.666256615063477886e-01
-7.091210341842576481e-01
1.084073455847231193e-01
-4.112727348724674603e-01
2.742396890285425104e-01
-3.249312716799598877e-01
-9.552645641196252924e-02
1.249686345129096543e-01
4.454816137582837121e-01
1.947489865103787035e-02
1.375241861291525980e-01
3.344233228416956805e-01
-2.268249831056011467e-01
7.389292822091760027e-02
-5.285850531107898487e-01
-1.068413299549929724e-01
6.045826204146578231e-01
7.545434777871085075e-02
-8.781449610527974903e-02
-1.684434753291026987e-01
1.579809638944322525e-01
5.632522135823928022e-02
-1.490223610839902235e-01
-6.875687326673031452e-02
-1.953951537166882246e-01
3.695398731942562964e-01
-1.961454512760947011e-01
-2.017313323743974984e-01
4.176670545455457573e-01
4.972382455163424364e-01
5.204614720744114020e-01
-3.618092780454324475e-01
3.076768560496124238e-01
5.745089332141486982e-02
4.411806727790943961e-01
2.378223205777383886e-01
1.090415639077021992e-01
-4.609457850380364874e-02
1.465302855083226996e-01
-3.999102120610448785e-01
2.817514369132257945e-01
-1.633206634772766119e-01
-3.015644152294841285e-01
-1.059699679090105873e-01
-6.225514436159156756e-02
2.781152081825414846e-01
-3.820799632208386476e-01
-4.356480410700282468e-01
-4.386737031735779002e-01
1.845092688762184074e-01
5.492447917555694226e-02
-2.336783503144969076e-01
-6.175908251489990730e-02
-3.272521495600022590e-02
9.039063535855498821e-02
-8.769934067585589965e-03
-9.763633388189359857e-03
-3.778322740220830395e-02
2.880055896514469027e-01
-7.810890953950146154e-02
-5.377066426555671130e-01
-3.149075524552508165e-01
-9.137583597593304519e-02
-5.641046195919521833e-02
3.385103240775558797e-01
-2.373847168872058877e-01
-1.220093847112226904e-01
-2.047284074340384175e-01
-9.694821026696484600e-03
-2.064294105163018422e-01
4.004073746113405163e-01
3.219480030450979635e-01
-1.934370942471267396e-01
-2.692898725539859539e-01
-1.184628597640618730e-01
-3.399376123096682356e-01
