-2.079375060882571735e-01
7.867657316236210951e-03
-2.586408443137828694e-01
3.862725244607356778e-01
2.012579189586899409e-01
-3.074319614135943568e-01
-1.063268205877661854e-01
-3.099973187851725043e-01
4.960787594676662193e-01
-7.769447260500625396e-02
2.072151606099109644e-02
2.740133396022311763e-01
-1.569584358593975604e-01
5.583016505421289910e-02
4.125798999729605732e-01
-7.625954770822364059e-01
1.952813441468519151e-02
-1.776855220326107876e-01
-1.968302506685003228e-01
8.996675800115813693e-02
6.210947406903183365e-02
5.216783785974309084e-02
9.945780759779694613e-02
5.923089454747456628e-01
-2.935921016215676804e-01
4.538709686536550603e-01
-3.366553890774517249e-02
2.037603106062311209e-01
-1.405631247219039093e-01
-8.777053646624663474e-02
3.365796418127597889e-02
-3.259350421639443662e-01
-2.301563612586539354e-02
-6.710518577729290834e-01
-3.501007187403514798e-01
-6.537944031236475606e-01
9.892494817876689162e-01
4.052461037159792445e-01
2.380361965152542614e-01
2.206912713882603350e-01
1.703972604915375555e-01
-2.185265376024720929e-01
-1.684100853881037307e-01
-4.903263426189185537e-01
1.088098262360372714e-01
-2.476456863679036280e-01
6.263611392413354073e-01
-1.239678833634849653e-01
3.774074464724435085e-01
3.185747419395096869e-01
2.294985280770556746e-01
1.782221669746643089e-01
-1.000000000000000000e+00
-3.341942267066430605e-02
6.379271839791422760e-01
7.161253627590345727e-02
-1.208677679235212188e-01
-3.324797019376428686e-01
1.377778525949146723e-02
5.380552896555816922e-01
8.279073676507915647e-02
4.149644587920897076e-01
-5.637049615305101957e-01
-5.411456131475910619e-02
9.612175961395881540e-02
5.700914613138529097e-01
-8.197825041873230134e-02
3.097492350112028836e-01
-1.306696564601739496e-01
1.939951842045522512e-01
-3.018378746759636799e-02
-9.665652150500991802e-02
5.901291800803233345e-01
-6.225740760156776021e-01
-3.781470936141903549e-01
3.411006827054431367e-01
3.142537748441815992e-01
5.576025579934116294e-01
2.389770940889192619e-01
-5.498077320938132839e-01
6.095389448488388595e-01
1.713321749691252421e-02
2.487106608663157414e-01
-2.416854481712045200e-01
1.420935118723370694e-01
1.574207751423213342e-01
-4.632543563361473660e-01
-1.431913192478747807e-02
1.511549509498645583e-01
4.092252383303295327e-01
2.989739957177383473e-02
-2.106974006733575155e-01
-3.686456379722483773e-02
-1.694810236043368112e-01
3.868245280826855537e-02
-2.855931542419696822e-01
-1.048095572363449968e-02
-5.972020312564391142e-02
1.535772757673994349e-01
-2.998429924963677551e-01
6.055016497684986149e-02
4.138947517226993465e-03
2.979135509464719833e-01
3.485968935737613905e-01
-2.989417049484460187e-01
-1.428047364387936002e-01
-5.523096058992164048e-01
-2.085122049640285580e-01
3.935716009723998488e-01
2.478161367057945541e-01
2.607133043220319357e-01
1.306705982581549130e-01
-4.958803918531211608e-01
-2.459559334608086567e-01
5.966525601324020878e-01
2.790357442855732062e-01
-3.695109628294314663e-01
3.388919416319219335e-02
1.379184525554707219e-01
-7.848580303370530364e-01
-1.518568338764194059e-01
-1.868130664183671186e-01
-3.242937273356056305e-01
1.527677383022740254e-01
-1.789120712549543968e-01
-3.227608422489768314e-01
2.363094449336836933e-01
-2.066753371637146397e-01
-1.613513093445081981e-01
-2.714359809318157568e-01
1.661917941635436546e-01
-2.506954220218793883e-01
5.633211394091209856e-01
-8.641934229104049348e-02
3.925178264441137599e-01
-4.856786499447772187e-01
2.719522299947032540e-01
-2.548505795635182536e-01
2.901395290882486377e-01
2.110463659802970793e-01
5.097931694018809079e-01
-3.092163701519916597e-01
6.477507818907425330e-01
1.839649617466248555e-01
1.067955130630984517e-01
-3.643372339451175779e-01
-2.102843962045164994e-01
2.859304479334918714e-01
-1.216652287947398575e-02
-5.031641932209057755e-02
5.616105212262559876e-01
5.044980946930223142e-01
-5.721841990736592498e-01
4.053163687453656960e-01
-2.072705347188071590e-01
-4.531434759687464897e-01
2.054773838507994999e-01
1.567482907046640339e-01
6.909662313935518996e-02
3.003435321701569682e-01
-1.081213475470638730e-01
6.875744777480535808e-02
1.922405615212491037e-01
-1.488832288921838193e-02
-2.267108418622015287e-01
4.726882948576286575e-02
1.195753359226782997e-01
1.813112513942489179e-01
-7.626455010800599066e-01
-4.813486222482642879e-02
-2.879562968126329059e-01
-1.298307781958719098e-01
-2.622385937737416461e-01
-2.329497298722324472e-01
1.432708219383178536e-02
-1.446233182640701276e-01
2.860900974934199592e-01
5.021031046020267563e-02
2.867607844682180662e-01
2.338193612241578068e-01
1.680942574781792986e-01
4.385262649592242545e-01
-8.274013845555060198e-03
2.915530422259632881e-01
-4.786190210068728135e-01
4.820835205044973759e-01
-2.066603645634311204e-01
1.902021216881319976e-01
-3.899091277250535392e-01
3.762907980536192576e-01
-6.713963394101678528e-01
1.012818380615172070e-01
-3.483887282570175686e-02
3.466214714845344269e-01
-2.988362425568477643e-01
4.292886329192171502e-01
1.364735875108708529e-01
4.330227181486741572e-01
1.265736140934933252e-01
6.587362162143263478e-02
2.458647535779503457e-01
-2.268249831056011467e-01
-7.146013224979798351e-03
-6.228089101653366821e-01
-1.371990070548398388e-01
3.203965790891465798e-02
9.512265568627858991e-02
-2.015295148272908399e-01
6.240013474725157883e-01
2.105328102366478549e-01
-1.283990444990632668e-02
-2.067788981499674439e-01
-1.682561970268661167e-01
-1.953951537166882246e-01
3.156888951175246816e-01
-2.156851021615573960e-01
-2.200515199180135550e-01
3.834559527118062139e-01
5.281904245430923961e-01
4.466064339976890674e-01
-3.624736428760465534e-01
3.917543706090975686e-01
1.304166180174169964e-01
3.329764201123114886e-01
3.066590716370075631e-01
9.957299450359691217e-02
-1.016518272047574334e-01
-4.863035318924073258e-01
-4.521335372008730702e-01
2.038040698962610697e-01
-2.476308198542955530e-01
-3.594264355416871837e-01
-4.847600266575449734e-04
-5.428802277002517385e-02
3.089464618089887704e-01
-4.007436416062028495e-01
-4.016360928227750149e-01
-4.513213708234853350e-01
3.146624316231210194e-01
2.452509447763951689e-01
-3.316298888398444555e-01
-5.439828516196836689e-02
2.139548575171523054e-02
7.965093230120499912e-02
1.258682262693152920e-01
6.855171280981967041e-02
1.322142799939288182e-02
2.880055896514469027e-01
-7.497078848132396334e-02
-5.599946802983355454e-01
-3.280630245056379568e-01
-1.321398695705108817e-01
2.981581434613573833e-01
3.562313944059034010e-01
1.194708805543525376e-01
-9.436413873209208159e-02
-1.132558164042045401e-01
1.070361269986876002e-01
-2.687469385388366327e-01
3.726142311214147296e-01
2.520789131233399649e-01
-2.817513099873925064e-01
-3.376977400045999556e-01
-1.807722077478284006e-01
-4.488855145088452292e-01
