2.304093799781780083e-01
-1.701807766871046013e-01
4.124676864683128330e-01
2.195382033104373576e-01
2.361148174401125621e-01
2.210055596527925881e-01
2.525776596611275515e-01
2.517389370134756055e-01
-3.195468388964568529e-01
1.132177423237984426e-01
1.966868686426110624e-01
-7.413156559860772932e-01
-4.978845713118521532e-01
-3.877518682233472846e-01
-6.080971719745942305e-02
6.791439821056413639e-02
-3.908354762798551540e-01
-2.198908667552964269e-01
-2.910520940015925428e-01
1.486529670841892255e-02
7.403319010204523209e-02
1.974493391490509675e-01
-8.321043724980396739e-02
3.880035740027448221e-01
-1.226555187091077880e-02
1.448054797182688272e-02
-2.124436711121263366e-01
3.899096480042626295e-02
4.803018946807267042e-01
-1.871066840747847015e-01
6.804865635790711131e-01
4.998764949983417610e-02
4.406861386876395059e-01
-1.583859142673226250e-01
1.644196638272825972e-01
5.128790973432405531e-01
-6.496100250263900922e-01
-2.141570705289871923e-02
1.736785409191438784e-02
8.923138001630957772e-02
4.893434497806239403e-01
9.149855994097054815e-03
-3.201724997370246073e-01
3.445552678672386127e-01
-1.420180016011965696e-01
-4.813298557160730073e-01
7.056965929781799929e-02
-4.986382962055312951e-01
3.329129731957949923e-01
2.302699114794443114e-01
2.925697965407804135e-01
-2.153918317327691845e-01
-3.870601824196074903e-01
-1.824176647137821239e-01
-1.920045265932304179e-01
1.810422948296771528e-01
6.718642278638164989e-02
-1.595852348473765850e-02
3.930387738806920273e-01
1.280290637966121914e-01
7.780276121168451520e-02
-2.739020668709014061e-01
-2.150919179891561117e-01
-1.501481325609956563e-01
2.440628416571346548e-01
-1.537302160906603155e-01
-1.597889804784478340e-01
-1.178693921701132359e-02
9.968888660708757898e-02
3.729183752842856747e-01
7.045518134806566524e-02
-8.982047404564495741e-02
-6.394418017175911018e-02
1.604791945388818752e-01
1.567506232750084938e-01
-1.194759308465231096e-01
-1.681488085730480919e-01
-1.327879125913826730e-01
-3.776092213268490982e-01
7.782190303972479350e-01
7.925318561987565458e-01
-8.104218700073920756e-01
3.020406992659686873e-02
-3.492314589264649549e-01
-3.473287724286507339e-01
5.572195332372390508e-01
-3.841983496404214882e-01
1.444050591418197527e-01
3.202104135414818864e-01
7.987714582171320243e-01
-1.351330372550023085e-01
-6.750189420865002066e-02
-3.806926664733897847e-01
-7.080656750561721557e-02
1.183897221554117314e-02
-2.170468079346855872e-01
1.702438999384738305e-01
3.638516455871368405e-01
-1.891180267871343246e-01
5.899307677939783501e-01
1.123438796355170910e-01
2.632608438342486923e-01
-1.752357909534902614e-01
1.014248597520207712e-01
-1.343052576478660498e-01
1.436943571356127936e-01
2.510092409317143947e-01
1.592588019292148771e-02
-3.096652203539248527e-01
-2.046598380265736428e-01
1.342220325600350372e-01
-1.250658282893809259e-01
-1.106947522292373864e-01
-5.712884494191561302e-01
1.625102399011198184e-01
-3.839341847861757473e-01
-2.166479996833447219e-01
5.179091373471091941e-01
1.617017711242572930e-01
-1.323760372855328771e-01
-4.341379409963713187e-01
9.623167051471032130e-02
-5.534094305249315227e-01
-3.103469106620666551e-01
-9.786119966920446556e-02
8.644987623121053177e-02
-6.225424981650434786e-01
-4.724641588791393676e-02
-7.432206472085490789e-01
-6.784965599445239581e-01
-3.285982196291422075e-01
2.090755365325199511e-01
-2.569330728887331272e-01
-2.630579748836742726e-01
2.428830083714806076e-01
2.010595426615777725e-01
-2.784102417506383320e-01
-1.656130464159438764e-01
-2.579830585474893190e-01
-3.258012729693168102e-02
6.250502252809037040e-01
1.865878640183273318e-01
5.762334070260567431e-01
-2.498299063830179967e-01
-1.497953616508800323e-01
2.028915726460325530e-01
-2.184226226354602229e-01
-9.915868348437360813e-02
-9.878150102844153457e-02
9.128616129374096666e-02
-2.393539859046766860e-01
-1.961796433019724895e-01
3.125721972037396323e-01
3.403546273315695425e-02
5.722377182377493821e-01
-9.234961119344093916e-01
-3.606625253240395845e-01
1.038542359231151013e-01
-3.010083909359568821e-01
1.285710431176401158e-01
4.663363526656004177e-01
2.533398043650055276e-01
-5.589203541168818318e-02
1.450016353984328044e-01
1.331084078434218998e-01
3.355411834780318570e-01
-1.287799505867907313e-01
-2.340552014533450742e-01
7.845166565077008047e-02
1.028537214382146264e-01
2.492384029055898509e-01
-4.015013673374510650e-01
1.214887668752009792e-01
-1.446449106607977930e-01
-4.953225441968356915e-05
3.084044842297968270e-01
1.605427263650911762e-02
1.825040303361599447e-01
-1.401351930948068203e-01
1.192778922601668012e-01
-5.637995907359893283e-02
-3.404614601344729263e-01
1.351862323979940300e-02
-3.298596489839290130e-02
-1.987847152461103273e-01
1.026740389274608811e-01
-1.706693398449908861e-01
7.746650935250191418e-03
4.579227794604489032e-01
-3.263262843177487937e-01
-6.899856842252100053e-02
-1.298174664730164241e-01
-8.355918878677687234e-02
-1.639228135355785820e-01
-2.547790862674382262e-01
-3.499994532532790248e-01
1.076121474767111896e-01
3.483306461457657544e-01
-3.084449245169481602e-01
4.621464038218991432e-01
-3.741515585531154930e-01
1.384376129559652113e-01
1.745102606120066124e-01
-2.630698475686832905e-01
-2.800317398463657570e-01
-2.069433114922250572e-01
-3.683680226659347690e-01
-3.603579826633049876e-01
-6.363228365029517664e-02
1.431090469219221673e-01
1.060343654426113558e-01
-9.986040471335107943e-03
-1.967853491368988517e-01
-2.344979840852869368e-01
1.748955461999358030e-01
1.341977006479919965e-01
-1.317006881415824227e-01
-7.913978196486209926e-02
-2.399202120491528839e-02
-1.505726535635244258e-02
4.077923713347816337e-01
-5.098281553049554410e-02
-5.878472092619872746e-02
1.591536679549907796e-01
-1.754493503428714296e-01
-2.105677619738811623e-01
-1.483305169626604946e-03
2.405999866686284738e-01
3.258529165515178794e-01
-1.085228238419388702e-01
-7.214247812793493642e-02
2.168964817866577965e-01
-5.531487907355176099e-03
-3.180511911611176301e-01
-5.146911424774170962e-01
-4.268249270944856621e-01
-1.309803227351959143e-01
7.471733924882152378e-01
3.147047353567841710e-01
6.730310777982111137e-02
2.537419014556840380e-01
-1.920261646938824784e-01
-3.812347462909632806e-02
-1.699433562153553623e-01
-2.404647054399930983e-01
-1.727112209588289593e-01
6.201392433520022847e-03
-2.852411953207871220e-01
-2.208836146217350860e-01
-1.822485390125513915e-01
2.801059634117314956e-01
-9.809768259920308153e-02
1.122776413891978936e-01
4.535387860741326715e-01
-4.982372400583328642e-01
-1.029224061821847336e-01
4.343373819254005980e-02
-2.623768986823293292e-01
-3.431126918362578104e-01
-1.593070672463629822e-01
8.184222853467629580e-03
-1.049455161120759067e-01
-1.317210985574188697e-01
-4.049320763706903414e-01
-6.045489565862324222e-01
