1.626978059151193146e-01
3.161778257714997764e-01
2.675423875180896749e-01
-3.558602199746306871e-01
9.994612567150308602e-02
-1.141061270936391675e-01
1.583548418936341351e-01
-9.953423514241831194e-02
-2.264619588646780285e-02
2.511109128077360642e-01
-3.664288547827564413e-01
-2.484579028899651654e-01
-1.354540399993154620e-01
-1.180923079557718615e-02
-1.918291231791722784e-01
-2.712111124321153199e-01
6.931225167041477064e-01
7.652674887426547112e-02
2.761716369053088260e-01
1.562826262868413363e-01
-4.802883371926003342e-01
8.721835772543788667e-02
-2.116778018601846167e-01
5.709179652848817010e-02
-7.935585988286324166e-02
-3.924931509930022488e-01
5.103414560789935051e-01
6.330099594174810607e-01
5.324709927824511357e-01
6.083188407352656535e-01
-2.058579909777805139e-01
3.404722576869133044e-01
1.243804613952776417e-01
-4.633189434989294364e-01
5.153689999448676229e-01
3.646992015130830211e-02
-3.898569014986090764e-01
-3.531870482380538440e-02
1.914599085659188238e-01
-2.379447284574698340e-01
-1.770587169010022222e-01
3.641380597266272168e-02
2.131934728601184992e-01
-4.122255236607487716e-01
-1.002717900625136119e-02
2.754484639782964761e-01
-6.168759815893549991e-02
9.990501159267357878e-02
-4.997929357327012267e-01
-7.262935190166098787e-01
3.147720308769239722e-02
7.171915361978015158e-02
-5.961030181959235952e-01
1.294085522142368883e-01
-3.090309163748964499e-02
-1.075179835224891883e-01
2.031704309429078203e-01
-8.668503349408558656e-02
-5.383978922964072905e-02
-6.002134931621218028e-01
2.020561318813703100e-01
9.419169113572367635e-02
-4.498054085493990994e-01
2.978201558257013715e-01
5.976518450733785820e-02
-2.333606643700168737e-01
-4.792690314017156172e-01
-2.446948159079250784e-01
2.596976180316141192e-01
1.076058068202256392e-02
-3.550476759935522475e-01
-1.715208587664217577e-01
-1.067368686254019650e-01
-1.024355405775217720e-01
2.171655882055431308e-01
1.725465564356762627e-01
1.535340012506025420e-01
-2.213308816177096683e-01
4.561073046792859520e-01
-1.591019326217459062e-01
3.136232325957313827e-01
-1.810620564104092195e-02
-2.238065586582851582e-02
2.910193384845797815e-01
5.953128351644729754e-01
4.177680254295806361e-01
3.827582978871881675e-02
1.210362820132613315e-01
-1.725699785980664563e-02
-6.267617389461647981e-02
-8.673432513823881029e-02
3.418089901492096794e-01
1.238139203070104527e-01
1.089206295430339838e-01
-5.346243102160370686e-01
1.316456510845740169e-01
-4.268135544354021982e-01
4.202354515467912055e-01
-3.348215608966092494e-01
-5.919075607532750527e-02
3.682087311314157230e-01
-6.233713689903956912e-01
-1.286461687730396097e-01
-3.946235016498002568e-01
5.752348783221561401e-01
-1.884483540957256065e-01
-1.268583757910497767e-01
2.268568957332053604e-01
-5.433829272049819359e-01
8.693079585166492429e-02
-5.836298871763370144e-01
1.494783441962958814e-01
-2.338965416478616388e-01
8.591157807349267261e-02
1.799636657337377876e-01
-6.564453593312369328e-01
-1.217826061380731795e-01
1.433051639278126559e-02
-5.392034205259959023e-01
-2.646122737504575939e-01
3.419193883227168995e-01
2.267513540848571096e-01
1.419716996872013859e-01
1.469333178363806669e-01
-5.492626340220830260e-03
1.292217257908104822e-01
-3.698477973574164079e-01
4.942037293639424400e-02
-2.576402796476247592e-01
3.188556405724316534e-01
5.227319364445259797e-01
7.188144078877838350e-01
3.014557008097657476e-01
2.381157071534050484e-01
1.207147797563751651e-01
-4.244262335025567601e-01
2.447682490120636767e-01
6.735807652548432556e-02
3.829919334582213564e-01
3.579495774989231438e-01
-1.127134662281047972e-01
-1.546059475354617796e-01
4.092748175234078856e-02
1.830595784821611172e-01
9.568556143349463139e-02
1.432836253260579007e-01
1.316830474320045685e-01
1.184763249635799494e-02
-1.511718070939023495e-01
1.687053037534773092e-01
5.644131791641660012e-01
-9.357301388610601844e-02
8.153651727653252745e-01
1.772170275804474115e-01
-1.698536093564371463e-01
-1.864776090824718235e-01
8.402098441142484830e-01
4.205984224583732278e-02
2.904751670699003419e-01
-1.876649490378812235e-01
3.158147233380734220e-02
1.550987819815214941e-01
2.854096946531773926e-01
5.107609128185657266e-01
2.548003922464021076e-01
1.100615190891404277e-01
-2.255121873542318411e-01
1.795071721024179279e-01
-2.601917691774029845e-02
-4.637648841806879529e-01
2.024531814717705214e-01
1.422843700718765536e-01
-1.955573732259765496e-01
1.612722314020415548e-01
-3.875808646781741529e-01
-1.664010077713212743e-01
-4.949320697785615231e-01
4.834401228294626929e-01
-7.725919623922274104e-02
2.223670830957451827e-01
-7.922518917097016999e-02
-1.956382368055460952e-01
-1.671705165873547949e-01
-3.312850206222380800e-01
2.049782166840495023e-01
1.070839949509521799e-01
1.964655160982696491e-02
-2.510955196907791592e-02
4.022594497482788189e-01
-2.636625010163904867e-02
-1.504109710855949800e-01
-3.354234060065995893e-01
-8.730387372517061512e-03
3.018479685278322236e-02
-2.738027718417372289e-02
2.572563106281777201e-01
-3.424021518145926174e-02
-2.054695483774385267e-01
1.688890575171350661e-01
-4.017610533745091250e-01
1.111344461678676204e-01
1.379105842659191124e-02
-2.223774726135759050e-01
3.653653863049289852e-01
-6.391451665489871203e-01
6.810699932976141402e-02
3.291174992907050512e-02
1.649182636711759853e-01
7.056410474941705868e-02
-7.113363794266415185e-01
-2.758522121286128281e-01
2.774757003585875265e-02
-1.237580788646781838e-01
2.737134257135592427e-02
3.586018237869818548e-01
6.899841238018562806e-02
6.178487574551984052e-01
3.812908535309571523e-01
-4.927652956671367823e-01
-3.346500606690480661e-01
5.796414307918238557e-02
-1.424007619193197183e-01
3.224037447765730202e-01
1.676266520233751084e-02
2.056505573024429157e-01
1.041014192103377894e-01
-1.333877483721651047e-01
3.741753411644169885e-02
4.585319557510093569e-01
-9.874284827965663577e-03
3.921773157750355066e-02
-2.218620381656184193e-01
-2.392999480261102235e-02
4.428981029146024095e-01
3.885362652968089026e-01
-7.139056435595998729e-02
1.897017491068754003e-01
-2.176542875347972292e-02
-2.247973456586739582e-01
-3.270827089099437868e-01
1.222980991676048818e-01
-2.868909789834050428e-01
1.929928193466130260e-01
1.485817858657185464e-01
2.663009032540307741e-01
2.294140168524282375e-01
-3.346773264621501487e-01
-3.853705573447438471e-01
6.000612939310739913e-01
1.084522555082730599e-01
-9.851079392063713525e-02
5.471311317384466300e-01
-3.771633049868887422e-02
-3.464422619477017934e-02
2.815813763056046470e-01
-1.622725380390942773e-01
-9.117767794658787617e-01
-1.585370369251821177e-01
6.496423598364505780e-01
-3.799359847040074678e-01
6.088705664344924717e-02
5.857900529941184598e-01
-4.740584764266813078e-01
-3.078566631494352723e-01
3.003816694200235893e-01
