2.339178971320723388e-01
2.578591539511183583e-01
3.164041994655347745e-01
-1.649746496270974305e-01
2.002940878532048219e-01
5.395261777128744773e-01
2.749851784188295789e-01
-4.824138686542258636e-01
-5.066415464299406368e-02
2.843076992016188576e-01
-4.869025673882003691e-01
-1.586949015047517397e-01
-4.763393927070723455e-02
-2.376629602597393059e-02
-2.284762878305473532e-01
-3.977573456553424869e-01
6.728630712184217044e-01
-2.771579989447354175e-01
1.657396420611192966e-01
3.031014247882877211e-01
-2.918704453805549548e-01
1.466383827884284174e-01
-3.364407868998148810e-01
-2.085048580565809773e-03
7.832961223972255416e-02
-3.846564206966145427e-01
1.610041282800553641e-01
6.236879600991458439e-01
5.128887715760549471e-01
6.178695489150408671e-01
-2.382528792124482542e-01
2.089513248127857215e-01
9.396039724439965435e-02
1.996503730424403072e-02
6.546031701506602740e-01
2.626752120323238432e-02
-4.876570655303432700e-01
-5.645237985495383387e-02
5.736197245930350908e-02
-2.453424549328099002e-01
-4.406870222745080112e-01
1.959239576167450814e-01
-8.836853346988815527e-02
-3.245607725680723643e-01
-3.987303443903058436e-02
2.754484639782964761e-01
-1.238017327590495292e-01
2.118424668435782421e-02
5.322851490034487959e-02
-7.771490876844654450e-01
3.866510534900159668e-02
-5.048066547486602940e-02
-6.408121949953131669e-01
2.681326991074504673e-01
1.027199459340411292e-01
-7.826833254717471822e-02
3.049036408479345317e-01
-5.037820695158229389e-02
-4.223910934891643432e-02
-1.942900318205325327e-01
1.762622159903582675e-01
1.204371885847806828e-01
-3.726438351176596941e-01
3.081019247862690769e-01
6.358933658882021112e-02
-2.497956232102342411e-01
3.986991237962047574e-01
-2.747478261144987166e-01
3.276011569679335156e-01
6.492469702599718007e-02
-2.993623405480348443e-01
-4.126196769994754099e-02
-8.633648667127959142e-02
-1.293741812548999601e-02
1.185171886476224790e-01
7.088017368430951648e-02
-6.808707220603708032e-01
-2.901069343016594582e-01
5.226212125876262826e-01
-1.115033661560118489e-01
1.052477235999600830e-01
-8.962393006068304635e-03
3.371426273291902587e-02
3.171725901522431945e-01
6.569045180677017814e-01
3.783161464136235996e-01
6.031564475485118315e-02
2.172149181007184959e-01
-4.449050203344309673e-03
-2.020288084747191570e-01
-8.142151646538059451e-02
3.468377531031019423e-01
3.222329808886721381e-01
1.971454355177012369e-02
-4.613096297659417533e-01
3.084068480327764594e-01
-4.428263293027658865e-01
4.288934138428393550e-01
-6.702845077721082401e-01
-2.608240199510326873e-02
3.932045948205059593e-01
-8.237971200085209000e-01
-8.897120590496095105e-02
-5.175723010590544959e-01
5.602972391607032865e-01
-2.241707790548042034e-01
-2.305785185966142681e-01
3.054327232756023358e-01
-5.172773192560693456e-01
5.496408474182080950e-02
-5.269721427526510293e-01
2.386754829624091190e-01
-2.487575677328796864e-01
9.251706469250142728e-02
2.578785839994913731e-01
-5.897839016290260528e-01
-1.659114619049296413e-01
2.326550653728664264e-01
-4.948150834687524147e-01
-1.429657423556076057e-01
3.556767416751392408e-01
2.267513540848571096e-01
1.525110286764004841e-01
7.705023745215538664e-03
-3.283311466507519288e-02
2.318429288229618412e-01
-3.956706582091985003e-01
1.303900268546312746e-01
-2.155516598923074845e-01
2.731957068307453440e-01
4.550692158010082311e-01
-1.500201502467541359e-01
3.766763799542870994e-01
2.753202664282622947e-01
-8.341873589471911210e-02
4.718659100547342028e-02
1.824865745108243398e-01
8.133901688353969983e-02
4.199620356680627831e-01
3.534101705465871324e-01
-1.874824311474158345e-01
-2.130988253658971099e-01
1.208151106809530334e-02
-5.136576742715616151e-01
2.091905975472074242e-01
1.830633825932127812e-01
1.475569506743619197e-01
7.300820232427666923e-03
-1.120779936069412341e-01
2.576403051837887759e-01
5.918982813347127836e-01
-1.679521595896135353e-02
-4.202335010577807339e-01
1.616299819058651388e-01
-1.047282862455590907e-01
-1.339374047922879396e-01
9.065197395990466644e-02
7.896099933057551534e-02
4.154975756389065467e-01
1.060000436211386288e-02
8.388756045318737642e-02
1.319579060316793118e-01
1.722442637946078603e-01
6.084149637735616345e-01
-6.138137612328647963e-02
-1.846076689934113557e-01
-8.012678796744453213e-02
1.923552465282358237e-01
-2.812734986406521115e-02
-5.384423721801608886e-01
-2.249377710374366179e-01
2.087892676003019199e-01
-1.255060022219684768e-01
-1.365983532288395259e-02
-3.941030205572910172e-01
-2.212589086550365014e-01
-5.284228339395610208e-01
5.020591595243973915e-01
-1.421292834385921022e-01
2.748860579485032929e-01
3.146099754368050783e-02
-8.502899809384245611e-02
-1.560412938695396878e-01
-3.056057365195936626e-01
2.830484534408292396e-01
1.652878908796998891e-01
7.741450263531236831e-02
9.970455154375273965e-02
2.969103658793748046e-01
-1.452049076660955063e-01
-1.601038298861288123e-01
-2.969636228585923465e-01
3.464188818624461957e-02
-7.449963461301858936e-02
-7.252330915116708687e-02
3.442897327950646957e-01
-1.647553021289403508e-01
-2.585094235770459270e-01
-2.758823996495032849e-01
2.256665033761627859e-01
2.799952171287517499e-01
-2.007844007998672159e-02
-2.348672534836959425e-01
2.932043827821173010e-01
-5.392435451552388681e-01
9.552586467862153596e-02
-5.414412120848476062e-02
2.107086905050279124e-01
-2.478639321016053998e-01
-6.878467648112192023e-01
-2.577976080209827270e-01
6.318235498937918582e-02
6.696011720217957819e-02
3.409460683568121819e-02
3.757741813508062023e-01
4.287152012474415574e-01
7.662936036262615325e-01
4.799126406690196744e-01
-5.421734051731079695e-01
-3.173558718499476794e-01
8.930147711345429867e-03
-4.049479623502252879e-01
3.920505713591401764e-01
-1.008308111947905650e-01
1.814602392769604777e-01
7.902691993422468475e-02
-1.209185398426104729e-01
5.945018067904619952e-02
4.850535032158546089e-01
5.428622514409699867e-02
-5.243713091449610231e-02
-3.069397115942720800e-01
-8.078546398935564088e-03
4.877603093336347895e-01
3.449659174662526584e-01
-1.377182169921709609e-01
3.851086445573789763e-01
-1.892412997403260799e-01
2.582072982255157467e-01
-3.755178043441664282e-01
1.400650741404617650e-01
3.147060236525264787e-01
5.138932674973703540e-02
1.854578841926246002e-01
3.350691819697850238e-01
1.621299583818123502e-01
-3.376777406976885776e-01
6.455802189142150205e-01
6.074531686559789811e-01
2.254803656226651576e-01
-1.849054933774069986e-01
5.474083501477641223e-01
-1.765946334304058507e-01
-8.938411035648588521e-02
9.514264170501941786e-02
-1.414680424503496070e-01
-9.983897482304318061e-01
-1.821333672807903814e-02
5.014568073602931886e-01
-4.198623754988668466e-01
1.122753594650559850e-01
-9.169341035299541365e-02
-5.911369579722803858e-01
-2.953851359253946152e-01
6.170547109999846569e-01
