2.454032156312900004e-01
-1.247285147143934771e-02
1.505566819726629479e-02
-1.518629232946947794e-01
1.895581899920543156e-01
-1.658666670451289238e-01
1.578368140861147739e-01
-5.765501870508336069e-01
-6.829205356489645440e-02
1.522531238019190492e-01
-3.169814073622671535e-01
-2.601186364785783023e-01
-1.728448021616371122e-01
2.109096509882809611e-01
-1.928796682215049019e-01
-2.568100600506178499e-01
6.307555153564101680e-01
1.930725938579930523e-01
2.374877242637643548e-01
2.969239073525826722e-01
-2.011067196933593038e-01
2.056703155894691049e-01
1.251757950141466937e-02
-1.798825085201345986e-01
-7.249899265824751027e-02
-3.171877075547975822e-01
4.749009850249047426e-01
6.941387666726190897e-01
5.666899650025951640e-01
6.468843534452293209e-01
-3.093619452721422802e-01
2.723032848672357620e-01
1.740968671906638066e-01
-1.746342161795977344e-03
2.856527700890887367e-01
1.754340828265656821e-02
-4.079797189289728343e-01
-1.421339276689697062e-01
1.939637003097196277e-01
-1.581941187676038918e-01
-1.963069649562046437e-01
-2.182771701700022757e-02
5.142856067202878495e-02
-4.364513033703122380e-01
6.354169130347843419e-02
-1.252438111113840513e-02
-1.384476575308061230e-01
4.848410714860362791e-02
-4.792891213749395085e-01
-3.274327771617111527e-01
5.213690221689604165e-03
-9.658018098746859459e-02
-6.494657237298446795e-01
3.152095560904571991e-01
1.477355751197208245e-03
-1.488494242779501986e-01
3.411599555075984225e-01
-3.909633721586353028e-02
-1.235738858421843861e-01
-6.071495925473758826e-01
2.300931040511054460e-01
5.793455748089541141e-02
-3.776680773787173817e-01
3.780449114447696490e-01
1.140702237780658046e-01
-2.383295315520905788e-01
-8.572003160608755723e-02
1.064104008330755136e-01
4.210997783700297092e-01
-3.619033832973789222e-02
-3.630782470882821800e-01
-6.900990369956729042e-02
-1.434315657138176547e-01
6.837460295748665207e-01
2.807487829099106214e-01
1.398143144836911655e-01
-5.771626109335467048e-01
-1.064232369570665138e-01
4.450764217222010766e-01
-1.971694266440067733e-01
2.760623766006713442e-01
-3.350875893865308541e-02
4.389541351875698993e-03
2.145122224636352437e-01
1.739132337090015523e-01
4.045839255726237926e-01
-3.768397919664605022e-01
1.945944822696458743e-01
1.933553288014208393e-01
-6.413452995691905356e-02
-6.274357166642960393e-02
-2.589740945189735952e-02
4.697905987369397351e-01
2.284489938641372786e-01
-4.055267040829622638e-01
1.613178842775431221e-01
-4.513936240807202571e-01
-3.053317309854938211e-01
1.685633744152847946e-01
1.317023450240656368e-01
3.171411794116408833e-01
-4.888085156708006362e-01
-4.234676401382161948e-01
-6.025302268487379154e-01
5.784005756066603610e-01
-3.035705086314343659e-01
-1.367413300491360784e-01
2.957115057915012946e-01
-5.889874851863325933e-01
5.806541683029925460e-02
1.317058808306373063e-01
-6.250739104146935815e-03
-2.666003179627601249e-01
3.513112984200974717e-03
8.433049851567347988e-02
-1.904092810632063704e-01
-7.378972610633116602e-02
1.113715840533749113e-01
-3.171790469160528092e-01
-1.364084872074713961e-01
8.832475155355111740e-01
1.328698280118168484e-01
1.929227862345592737e-01
1.594591655841745559e-01
-2.649850701332914088e-02
2.548616111226071901e-01
-5.775932982939725457e-01
4.629860651370536900e-02
1.013752009674961929e-02
2.465619540586354019e-01
-7.060367831136429850e-02
-2.754873817592992657e-01
3.321315424323164622e-01
3.542467952344593995e-01
-1.544257560321329326e-01
-3.178659641097757449e-01
-1.837220597900699193e-01
1.303186566848137384e-01
2.215241404326593333e-01
4.642796454455354049e-01
-1.435774145500964272e-01
-1.927832114583889200e-01
4.162100639613402348e-03
1.445979418270755892e-02
1.411614312069463251e-01
7.251649453855321670e-02
1.353711780681121357e-01
-1.952659371225345109e-01
-2.262951708710730925e-01
2.282354420225075065e-01
5.404143867071132812e-01
1.792732678958498804e-03
-5.229500365877367551e-01
2.281927954447677265e-01
-1.767781311361236452e-01
-5.096793088890988477e-02
5.211943477386793422e-02
2.783963317892562128e-01
3.731376196643179100e-01
2.607530664438252876e-01
1.096175515401889011e-01
1.513882438855107260e-01
2.388370488307506312e-01
4.870666831813946773e-02
1.333330272445945597e-02
-1.555981378643314372e-01
-1.686454107965687510e-01
2.096576046767479329e-01
-1.923126653388341697e-02
-3.559256383660147627e-01
2.000352763793364907e-01
1.318257261145769910e-01
-1.552306111541971734e-01
4.906432496802634602e-02
-2.629240139756490180e-01
-1.258673019286292438e-01
-5.919388267551662919e-01
4.207119477089010240e-01
-3.917618901994991965e-01
-1.615604757496459931e-01
1.032519494634453194e-01
-1.473811603050127761e-01
3.074709494465356907e-01
-1.901699041659486444e-01
1.744707321929170885e-01
1.357214455761313054e-01
1.382910292395285179e-01
8.142855381986174867e-02
-3.306634165517996493e-01
2.862718948485045573e-02
-1.112793972531632147e-01
-2.723789309522022251e-01
1.401008996875077461e-01
5.664647152984061962e-02
2.567572265653218777e-04
4.713065977689232522e-01
7.300567396744575555e-03
-2.140305789887993471e-01
9.473338537258552128e-02
-3.401090557053564334e-01
3.349264004017967200e-01
-1.322650748883776317e-01
-3.326774723882494622e-01
4.172810195873946082e-01
-6.495198239533763740e-01
-4.677098154483845249e-01
4.909020217244416256e-02
3.790543818726450631e-01
-3.585227462737523019e-01
-7.690452393405752263e-01
-1.173918232284682228e-01
3.228222964597250721e-02
1.990304613308877674e-02
3.409460683568121819e-02
3.533765521623087880e-01
7.537456014115315184e-02
7.637395958073450730e-01
3.714384234304064503e-01
-6.040900311710704074e-01
-2.254722844914286983e-01
-8.631072606522333102e-02
-3.660900173341293251e-01
3.434088069692138867e-01
4.931283917095893865e-03
2.056505573024429157e-01
1.498248289064926242e-01
-9.225129669293757884e-03
4.433542551745292548e-02
6.370105688754466033e-01
3.849143023873613512e-02
-2.007069205330048317e-03
-3.611462548716606324e-01
-3.364056957824726468e-03
4.196242660678854985e-01
2.919451187668796743e-01
-1.276074106784545747e-01
-4.814175360710458429e-02
-4.610384500741937508e-02
-3.295617414250255894e-01
-3.782267675216175462e-01
1.311823119767287216e-01
-2.710666384172654708e-01
7.818658356563998324e-02
8.738220327247168961e-02
-4.021404983670820998e-01
2.350221357202563477e-01
-4.048582041833046485e-01
5.270071809004147623e-01
5.576555278618595679e-01
1.852455477416043161e-01
-1.659385228197333972e-01
5.060435533018692311e-01
-2.824722910350405680e-01
-3.666471834105979044e-02
2.610745536647344212e-01
-1.681388209252697719e-01
-9.814961692693316975e-01
-7.259705890508481863e-02
5.905413527466840673e-01
-4.784848554744404181e-01
1.317665618330606248e-01
6.084786566910179717e-01
-5.414353365487040159e-01
-2.869191739498935245e-01
5.389044783427423546e-01
