2.384094284024977362e-01
3.612772651808191515e-01
2.444067086491564789e-01
-5.865122003968933906e-02
5.709617253870595543e-02
-1.069456934264886860e-01
1.700892134448233062e-01
-1.484872403655048134e-01
-4.597311980327668107e-02
3.428069442820898538e-01
-3.595622258299899787e-01
-2.484579028899651654e-01
-1.872941147820181562e-01
-1.484716500778086173e-02
-1.528250141429516040e-01
-3.144040467507701053e-01
6.734947060463861712e-01
-3.342113589062759016e-01
2.190406048379051063e-01
1.886333162469825964e-01
-4.368436170076457348e-01
1.009289976249423543e-01
-2.706163399949256254e-01
3.643796642611493719e-02
2.645097163714947575e-02
-3.412057710881490902e-01
5.023615736115225605e-01
6.256128291748879189e-01
5.598767935816139074e-01
5.935037390340360819e-01
-1.970044560588954941e-01
2.591519312917715534e-01
1.110033092143472983e-01
-4.633189434989294364e-01
5.153689999448676229e-01
1.139568135616399192e-02
-4.368693881115022215e-01
-8.438552586838360403e-02
1.616308942409724614e-01
3.398304048330034743e-01
-2.434744663451624547e-01
3.990825550499975394e-03
2.001434827409676320e-01
-4.282179895253721003e-01
3.770319811484823189e-03
2.125248900661802498e-01
-1.238017327590495292e-01
-4.321015497015842644e-03
-4.246821786147756406e-01
-6.258499727104473997e-01
6.318709560684526716e-02
-1.358480949094342805e-02
-5.961030181959235952e-01
8.991896469651473878e-02
1.070894194304539138e-02
-1.174803514355139272e-01
2.485175347142062063e-01
-4.916786521320291869e-02
-5.383978922964072905e-02
-7.031047356990407504e-01
2.174542484480589122e-01
3.537168955465819914e-02
-4.872171952790444460e-01
2.982112147712347450e-01
4.677367470195931132e-02
-2.333606643700168737e-01
-4.792690314017156172e-01
-2.498992754314213194e-01
2.596976180316141192e-01
2.227331414763251277e-02
-2.853527329049430072e-01
-1.715208587664217577e-01
-1.199949164848781447e-01
-1.293741812548999601e-02
1.042058441854315093e-01
1.460467772139408538e-01
1.041667313244867277e-01
-2.213308816177096683e-01
4.860972468047361494e-01
-1.591019326217459062e-01
3.226570575512623940e-01
-3.666927265683628256e-02
-2.635353189361073697e-02
1.897589664003738741e-01
5.953128351644729754e-01
4.409798411647544158e-01
-3.093323220391124007e-03
1.721278601513263617e-01
9.551212243787735034e-02
-2.192429762579858332e-01
-1.693036668091272845e-01
2.671600513975188051e-01
9.247040498116873564e-02
1.089206295430339838e-01
-4.969254983556116168e-01
1.784036319814104044e-01
-4.978959426395130894e-01
4.664719117238135815e-01
-2.747032224671104306e-01
1.600048028613096363e-02
3.382268479555304297e-01
-6.890250638612703815e-01
-3.902034717118381679e-01
-3.946235016498002568e-01
6.194030629715550074e-01
-1.884483540957256065e-01
-1.494199612631421370e-01
2.300076807831085424e-01
-5.433829272049819359e-01
8.693079585166492429e-02
-5.642926957514655673e-01
1.886042926076168247e-01
-2.373910035159368659e-01
9.688011612251459792e-02
1.799636657337377876e-01
-5.337940513183909719e-01
-1.219047127769307681e-01
3.878672670106508846e-02
-5.696452998220798980e-01
-2.231876651725986371e-01
3.521758556021830633e-01
1.692393770071826398e-01
3.132754189495993158e-01
1.493495849753804228e-01
3.208332565378298890e-02
1.741167063797709469e-01
-4.242436950716081401e-01
7.557215850573342775e-02
-2.307929572200465296e-01
2.112453316572024675e-01
4.395180349325089608e-01
7.583015428720817352e-01
2.944083746624640563e-01
2.489809098488016681e-01
-2.241188933075715164e-02
-4.344889077867190030e-01
2.494699449278416359e-01
7.597036433031585656e-02
4.625323715763288712e-01
3.579495774989231438e-01
-1.695095721126596566e-01
-1.140893097882499096e-01
5.341378052346749949e-02
-4.292553521518487347e-01
1.313738269013832449e-02
1.924158491715599051e-01
1.298063788853962841e-01
-4.052538651232918954e-02
-1.411078979170684033e-01
2.175780307893040444e-01
5.752966653785972495e-01
1.715550250610264893e-03
-6.118230034516969340e-01
1.889300942029619179e-01
1.325469218641782757e-02
-1.676408010345193100e-01
-1.220507536829908979e-01
-1.457682561163922003e-02
3.771732493012519560e-01
-1.876649490378812235e-01
8.601541354604566592e-02
2.467443957968214474e-01
2.582571966070625336e-01
5.235453849607359933e-01
-9.922725459587984631e-02
9.865351013413398151e-02
-2.148239349098927387e-01
1.506704536775215764e-01
-5.979597872142349696e-02
-4.299099315191661774e-01
1.627905774336898537e-01
3.001456908994920569e-01
-1.612693284188271292e-01
1.524811157282733032e-01
-3.258566503907828205e-01
-1.510547772100007957e-01
-5.024303155242459962e-01
4.924457810363480625e-01
-1.680861752076272531e-01
1.392391822504364107e-01
-2.450958283339752658e-02
-1.437310222292423334e-01
-2.073791455006517848e-01
-1.972843034093871017e-01
1.773294611199803250e-01
1.032571424998939419e-01
8.771093980874967999e-02
5.755813594932730065e-03
3.308972656874935026e-01
-3.755637164170828879e-03
-2.291636361061715199e-01
-2.620732785199398895e-01
-6.195459016396941132e-02
2.503985999321979572e-03
-6.319164377709969582e-02
2.820251380772708649e-01
-7.977931154385373147e-02
-2.108712545553358131e-01
1.655749641860149723e-01
-3.779307937196263456e-01
2.675923383057535188e-02
-1.098133504101793563e-02
-1.850352384848036880e-01
3.653653863049289852e-01
-6.657837722394673863e-01
6.810699932976141402e-02
6.685857849555412735e-02
1.513321362395549929e-01
-1.642496162111545532e-01
-7.556451093798829399e-01
-2.731939569853491512e-01
-1.614895241232226775e-03
-1.237580788646781838e-01
-2.425526891764772167e-02
3.270598815419526462e-01
5.802061016545845273e-02
6.178487574551984052e-01
3.113621835699504348e-01
-5.588084909044563897e-01
4.715207210839978957e-01
5.240059956499197591e-02
-1.424007619193197183e-01
2.397585362216091975e-01
-5.988362336140149594e-02
1.716910377496183859e-01
1.947046402637194751e-01
-1.333877483721651047e-01
3.731294411795176708e-02
4.585319557510093569e-01
-9.934390474595246323e-03
6.458969786233530186e-02
-2.375138838651428275e-01
5.272113424989333802e-03
4.187295839729611724e-01
4.325048086444153728e-01
-8.391936060366618488e-02
1.761946423178703536e-01
-4.595277453057135253e-02
-2.219361367228377402e-01
-3.647655701744177414e-01
1.187063712582909769e-01
-2.981799131635786693e-01
1.350213819058150855e-01
9.482466637233494255e-02
2.743742468637765941e-01
2.294140168524282375e-01
-2.942392457609718792e-01
-3.277571476780966053e-01
6.119133741689898320e-01
1.758461309052026800e-01
-1.160138155340571381e-01
4.718110590853314412e-01
-5.783952469421325265e-02
8.214634759469589820e-03
2.815813763056046470e-01
-8.910851228509102107e-02
-1.000000000000000000e+00
9.002736553098903416e-01
5.818524756589522617e-01
-3.898742148714488542e-01
3.711324245101382813e-02
5.477848901230459866e-01
-4.925162621252170414e-01
-3.497618202273778953e-01
3.003816694200235893e-01
