3.940657395526709489e-02
-7.357153552304118715e-02
-3.062619268994197785e-01
2.237776562725681262e-01
-9.647451178988769582e-03
-4.993130812595920620e-01
-1.301993312813455317e-01
4.643760643041559000e-01
4.524556421298791542e-01
-9.029051155776458837e-02
-4.082257894428558131e-01
4.773384624785748098e-01
1.535436501337028581e-01
1.561876145032558005e-01
2.077714612259941585e-01
-3.364563585917494937e-01
8.692884080323097507e-02
2.801704164739633462e-01
-2.305199226272955093e-01
-8.376194392924515841e-02
-1.780140730340972477e-01
3.714943724747419296e-01
-3.147742890280221806e-01
1.330236352861186716e-02
1.355623411882849461e-01
-7.797854036827461810e-02
2.812829341097266567e-01
7.895506423938480900e-02
-1.022888649140837602e-01
-1.375680179306653650e-01
-1.944782533421523241e-01
-4.978189731931857431e-01
-7.989399627895764355e-03
-8.720849147379670929e-02
1.148720443782916406e-01
1.861594476299943679e-01
-3.454561642832398860e-02
1.145863777979668763e-01
-2.124540894061596741e-02
5.671981982086825302e-02
1.558611043121105599e-01
2.474948801640475260e-01
1.668060769563030066e-01
5.109953424247940523e-01
-1.064604275884676321e-01
-7.253495049419523832e-01
-2.381979644907136762e-01
3.352741107808485110e-01
-3.497840377897687425e-02
4.657589520407444672e-01
9.600502176904662788e-02
3.312764203681184405e-01
-3.924870227097518316e-01
2.231195066224583023e-01
7.581625480684514584e-04
9.945769594384359924e-02
1.547327530788101257e-01
-9.150252521405325412e-01
4.243146705574514232e-01
4.095229950735790325e-02
2.730655145839042675e-01
1.856774959754097232e-01
3.056759516541901478e-02
5.692511092926636485e-01
-5.748617183936371999e-01
-2.005816714180404595e-02
4.572391949146881185e-02
2.193306431509323973e-01
2.005705219690824825e-01
1.764133845161955649e-01
-4.088286212963946897e-01
-9.248067469348690561e-03
5.895522859340177613e-01
2.735843466644105604e-01
-3.540027916719282741e-01
1.191420818660165470e-01
-3.098650534833867765e-01
-7.702948061702881433e-02
-4.602717892367875763e-01
6.183832543436253992e-01
2.271673140874188798e-02
2.002767718670307451e-01
1.837986312320931404e-01
1.703533628420371704e-01
-2.464080225615248865e-01
4.769358163823390895e-02
6.798437624427762505e-02
1.000653116631438494e-01
3.740377986546840061e-01
1.313736231264199805e-01
8.766005767173182250e-02
-2.183236408691500707e-01
1.930737352979794985e-01
-1.264452095807902798e-01
1.754158845415700052e-01
-6.144005287013595273e-01
4.449460331244575739e-02
3.135717071414774182e-01
-2.587020813443318135e-01
-3.033732336746987612e-01
2.315074896130556725e-01
-2.876006721815111411e-01
5.950991351550914965e-01
3.178054677275686524e-02
2.978651828182485861e-01
1.277489928565433974e-01
-1.013192257102646654e-01
2.878935659479097131e-01
-1.052058740791985206e-02
3.499644320513972673e-02
5.387658730348912628e-02
3.712769649308713671e-01
-9.755214769080514103e-02
5.702990354602231055e-02
6.049213112740179366e-01
9.464942434634626700e-02
3.187023123899032639e-01
1.520826183470926074e-01
-4.137126869348312641e-01
-1.295881551931145070e-01
6.153958542147548033e-02
-2.153250312114844967e-01
-1.951764286286649386e-01
-2.862967373442738134e-02
3.637531468986636707e-01
-7.094640518410551266e-02
-3.760563180070559952e-02
-8.187601151844127456e-02
-1.906108605508923526e-01
4.298519474116954675e-01
3.092642887432109355e-01
2.495196870021037031e-02
1.068181064927514884e-01
-4.995832223721246579e-01
-1.167799118924578577e-01
3.269452269360130503e-02
-8.243402130743766876e-02
8.434803284648997868e-02
-5.412244043112846015e-02
6.419914872538828865e-02
3.604447758658577694e-01
-4.588729053202469932e-01
5.775907303417244371e-02
-4.469155559021216473e-02
-1.492333067163875704e-01
2.361326606372923242e-01
4.419326815847965384e-01
4.167798565591259718e-01
1.055175567816585558e-01
1.955282335118828652e-01
-1.690276090181225821e-01
2.254928971164442755e-02
-1.885930949155698866e-01
5.619777480884188270e-01
-1.659731499769845353e-01
2.203136841109003263e-01
3.110772394049192424e-02
-4.627858588642399379e-02
-2.504539188050219217e-02
-2.537114783481987379e-01
-4.771695244735449926e-01
-4.359163387092864217e-01
-1.813504957311485866e-01
-1.888483199165823523e-01
2.151136748229601769e-01
1.776110887358638424e-01
-7.427153366135721968e-02
-3.602498191660126747e-01
-1.130799882056133382e-01
1.210966948015620021e-01
2.660771749578106360e-01
-1.454990763878960536e-02
1.574858803708339972e-01
-3.050051510680957811e-01
1.656647207739327388e-01
-4.357005941819384193e-02
1.988115381047988323e-02
-4.229948226072864359e-01
3.332712446104343917e-01
-1.987747821297219109e-01
-1.643592504823112310e-01
-6.127715187244742179e-01
-3.200674270997496129e-01
-2.698480264221770342e-01
-1.324627393816172477e-02
4.081176268689132303e-01
-3.305541069395285803e-01
-7.673434682970486920e-02
-1.652075605170516270e-01
1.874603259684834433e-01
-1.595951209682076877e-01
1.300712830029583378e-01
-2.741054542041895248e-01
-1.510226185663559040e-01
1.471540680410333701e-01
7.517740925319577050e-02
4.030846780430812348e-01
1.925864828043002963e-01
3.322954817756251789e-02
1.921176577892503429e-02
6.396198284917010979e-02
-4.810168004648198159e-01
6.781928727552689606e-01
-1.658011393681828038e-01
1.213747279906154525e-01
-1.998872248471806889e-01
2.496543205221387063e-01
1.128067968634984403e-01
1.860140421972488189e-01
1.968288424173925411e-01
1.578799674124768126e-01
-3.983494363943370087e-01
-4.235745818313475519e-01
-2.102151529001585473e-01
1.383859695441344850e-01
4.821706229375747332e-01
-2.772300110329666278e-01
-1.830186098246068538e-01
2.816285866380959790e-01
2.236328996257373747e-02
4.882299526330763362e-01
-5.680692815965722176e-01
-1.132459081127218659e-01
1.945641128532650810e-01
1.169075484074759141e-01
-4.810014977154783988e-01
4.825401857100986569e-01
-5.500872807741260390e-02
1.948720684697197170e-02
2.458942894851641192e-01
-4.798829204133830961e-01
1.835487437663825272e-01
2.883842641855892397e-03
3.788827006094450667e-01
1.088250639747358472e-01
-4.124066885862314735e-01
4.472551876913886115e-01
1.228039822522277030e-01
-1.888968547275039489e-01
-2.237013764289026707e-01
3.192264444022480108e-02
-2.756937698466926934e-01
7.114000675104814597e-01
-5.720274913025297225e-01
-2.870705287051338872e-01
-1.873056388557638730e-01
-5.411428322755648113e-01
3.407487500340471986e-01
1.139860059287095828e-01
-8.873665801956975852e-02
4.638135298446723065e-02
9.083446548560894507e-02
-1.053583514656697417e-01
3.344061283676872387e-01
-2.185232544005259459e-01
-4.764798716735278439e-01
3.704727502804430750e-01
1.991631249710077989e-01
-2.841290717294406298e-01
4.303075074795392058e-02
-1.199651734125172786e-01
4.018569788610459881e-01
-1.652341327580896246e-01
5.694767405252352255e-01
-3.187394746518375510e-01
