-5.625403958950608851e-01
3.815254019020300480e-01
-7.383827175470202286e-01
6.794535470357114526e-02
-2.222723092065293504e-01
-3.398611052980688441e-01
5.016605319698191900e-01
-3.803321655977680571e-01
-3.123856907920523340e-02
9.343717545429273963e-02
-4.143210031959538853e-01
-5.797775525719002232e-01
2.208332170956523177e-01
3.628828040727933302e-01
-4.892030312291457683e-01
-3.730281509501801041e-01
-2.704472955225317981e-03
-4.818055180445055541e-01
-2.543056935247501316e-01
-2.067075120349169126e-01
4.444832690374923012e-01
4.068950305015574531e-01
8.313973823955701781e-02
-3.078121863052843410e-01
-1.587053561661251055e-01
3.144056656875895972e-01
-2.286471956957505103e-01
-1.957794843492819958e-01
5.271729389829249435e-01
3.547833372845824451e-01
-2.802731224060544535e-01
-4.952578638422340251e-01
4.927720705788465189e-02
-4.748942166091734696e-01
-3.216549647799457276e-03
-2.685051160406744519e-01
4.892798722955833401e-01
-3.210113535845041666e-01
-1.942301986392215019e-01
-6.274381187650406380e-03
1.696336675646080705e-01
-5.876698594806473164e-02
-2.284240669436455318e-01
8.132605857869288843e-03
-1.246287763493319212e-01
3.859463872912691218e-01
1.229603819433514877e-01
1.166469305463514738e-01
1.329036589630604448e-01
1.929336042484144087e-01
1.534299858476290690e-01
1.759398322456831587e-01
-1.207873400715381851e-01
9.679580806229291789e-02
-7.390146439948021007e-01
-7.802207301670395223e-01
-5.112013299750649553e-01
-4.408925068665996844e-02
7.086122373050586509e-02
1.458703333911507694e-01
3.959341670935334068e-01
4.918631309299135168e-01
-1.387656506472920992e-01
-1.853148441805013355e-02
-1.437198470773970449e-02
-3.101957872788405068e-01
-2.583949954092015222e-01
6.350671897768549456e-01
-3.981729147274077341e-01
-1.910207906374519204e-01
-2.011457493652090700e-01
-3.483764452381686860e-01
-7.442479663610175600e-02
-7.999495874579991284e-02
-2.684156418083019635e-01
3.737436787871714627e-01
-4.581844888608568866e-01
-4.666686829040794238e-01
-1.721881071942639452e-01
4.931937684705143266e-01
2.989275850696420656e-01
-4.232900619368172301e-01
1.613398961447929381e-01
4.749027028367370784e-01
-2.005269949204402380e-01
2.573915886175099921e-01
5.505374212324299910e-01
-1.622875578714836620e-01
-5.206186345335936938e-01
-2.541634421703386493e-01
-4.907458729859718316e-01
-1.924644986808539127e-01
-8.814322246026322361e-02
-5.868644900301419609e-01
-8.373591312320573243e-02
1.487775585884654472e-01
1.473119900229441503e-02
3.093851511797109377e-01
-8.066897213164726799e-02
-2.311453564975392561e-01
-3.408104006161208899e-01
-1.878161289906413733e-01
3.256003382395750712e-01
2.994421778254424127e-01
-1.816976020942365488e-01
-3.025783343860000696e-01
2.732615775719163254e-01
-4.441933198804288163e-01
7.121615246943971411e-02
1.306060952481808979e-01
9.442561547971786706e-02
-1.365947388512216143e-01
-2.652333211718453376e-01
6.055590786056465336e-02
8.447153183339743965e-01
-1.230869606270326710e-01
2.656982036439256567e-01
1.811171360859736013e-01
-1.586748228217970680e-01
4.322220427223605888e-01
-6.701424029781580943e-03
-3.275422804087997630e-03
-3.388396875934274882e-02
1.527766838226678470e-01
-4.230878236333569797e-02
2.639639821985476642e-01
4.949765314914420511e-01
2.875791017288837903e-01
2.075049818514457592e-02
-3.698170848681758827e-01
-1.155303303786386071e-01
-1.102724842630315588e-01
3.853665698694154762e-01
-7.874609414184195050e-03
2.865097146524697158e-01
-1.476633119989640384e-03
9.837418915486943749e-02
2.767459069521206461e-01
1.039895424945560115e-01
2.211166830070086797e-01
6.877521782085837653e-04
4.880187206313258419e-01
-1.247776713586939423e-01
6.386482896814640875e-02
-1.535789133631605130e-01
-4.430524249639233303e-01
-5.827042713050223366e-02
-5.187390616510448860e-01
1.505722139242380297e-01
-4.664247388288161322e-01
-1.231821344687533404e-01
4.508728682894527218e-01
-4.732232115289575908e-02
1.574729644119171879e-01
3.404831778916761476e-01
-3.134863614461327885e-01
-2.379816074943101600e-01
-1.536786603360406622e-01
3.012816533334680691e-01
-4.901375296653222025e-01
-5.210250423040831969e-01
-3.119535759142896825e-01
-2.014134159150762493e-01
2.135900171682022231e-01
-7.720676321186724367e-02
1.710057137176591302e-01
5.746810535432928663e-02
-6.802714534901032825e-03
-1.742521191959952309e-01
-1.308914443164045371e-01
5.252408523071851187e-02
-4.461830594680409878e-01
1.321512670067651329e-01
-6.975253625999381368e-01
4.789256410813458320e-01
5.423310659637810976e-02
-1.366934310389977536e-01
6.821009819278722741e-02
-2.067477618494552305e-01
-2.232700316868347634e-01
-1.998745973364152162e-01
1.931875254898103925e-02
3.351875558929425791e-01
1.708784640498238749e-01
-1.308183557470892489e-01
1.115203200187167565e-02
4.037928133090798455e-02
2.284417150140548580e-01
-2.668767013922532932e-02
5.038504527316659543e-01
-2.995708967881040991e-02
-3.190101888425724841e-01
7.285955274244067248e-02
-7.240978571934731933e-01
4.992879096764058500e-01
1.470424706849034202e-02
-1.126134835654056393e-01
1.812085374983262165e-01
1.820779116804694675e-01
-3.673184619599730305e-01
-5.465099759447306083e-01
-1.971221374408134164e-01
-7.075759873708192815e-02
-4.271154001907260800e-01
-5.136860198146896428e-01
-1.072611007922360943e-01
2.487140524826789989e-01
3.294125217628848801e-01
-1.259810348215196774e-01
-4.489518105427994787e-01
-7.076907453770675538e-01
1.439493662935885654e-01
1.419215352728819546e-01
1.074765086070489789e-01
-6.466630022537740718e-02
-5.971464304795931488e-01
-4.617799191645817758e-01
-1.321512264783366968e-02
3.407192248391308076e-02
-3.502023523359567014e-01
-3.952172276507492921e-02
-8.393591248668588745e-02
1.441459264296345577e-01
-1.319363158076380937e-01
-2.409966858318611238e-01
-3.345521914276797931e-02
5.503252408849461375e-02
-2.945556819960460371e-01
3.505810094748997019e-02
8.456671704661541944e-02
2.233050208267947090e-01
-2.245463002555873333e-01
3.332215008843759096e-01
5.915165645270610562e-02
-3.559463441280961704e-01
-2.281224583985621279e-01
-1.518764299779596094e-01
2.229863622770928422e-01
2.503283657218164371e-01
-1.794693452526452404e-01
8.449489625025115302e-02
-6.174673714532921132e-01
7.683816730484568369e-01
-2.145720637135490050e-01
-3.163521246479619742e-01
2.423473552895477612e-01
-8.717163442143358032e-02
2.061061270492259012e-01
8.058311346780330231e-01
3.263783257427840812e-01
7.480464755328988802e-02
3.297798169056372908e-01
-2.561038824243199175e-01
-2.864031581614164268e-01
2.577817960031599243e-01
-7.021781733946864945e-02
5.009204181458288829e-01
-4.567699810874922828e-01
7.295597433719845648e-02
-2.420247654698854944e-01
2.066187502990161629e-01
-5.341096510052745217e-01
2.107502540387972412e-01
5.499745450304559941e-02
-2.515053816130525810e-01
