5.603156747351162315e-02
-3.736195104911466669e-01
7.416478729698557926e-01
3.871197718035340740e-02
3.199811777152899439e-01
1.087504871002494822e-01
1.740591130870329795e-01
5.313119720765815956e-02
8.209251917673784926e-02
1.030015929685655779e-01
5.633732704645683098e-01
-3.396403129065332649e-02
-5.267764840455844144e-01
4.898032015913231230e-01
-2.774657505141857605e-01
3.446992476286743767e-01
3.083184000967989502e-02
-4.139221101522345680e-01
6.331563469902858898e-01
6.020265409884285601e-01
-2.705204377001543259e-01
-1.393225515706965865e-02
-1.895682773562530898e-01
5.138272662502335608e-01
-2.548384414405006210e-02
2.281912085209409913e-01
-2.948202494112957261e-02
-2.710680308053899923e-01
2.937692049272430106e-01
5.710977334761910829e-01
-3.655484226019020677e-02
1.756710628583033895e-01
2.271757247910179134e-01
3.878734987852313632e-01
3.864715270805524350e-01
2.809471931318528459e-01
2.381420190955988170e-01
3.881583187507421651e-02
1.227295102848228042e-01
8.846112392810780156e-03
-2.561560473805026827e-01
3.101408355117104554e-01
-2.178117327087884525e-01
6.518796419316725752e-03
-3.511013360038444525e-02
-2.152516322372432511e-01
1.619470914661629291e-01
1.827276003957045425e-01
2.881224398350705207e-01
-4.439656161052479844e-01
2.072767635427411326e-01
-7.816183884539643634e-01
5.236279474269018852e-01
4.156052376711316665e-01
-5.684057060175738973e-01
1.553059662965646237e-01
9.771659250432243593e-02
-1.158454360539476202e-01
7.062712144148842741e-01
5.213197696406951520e-01
1.519756824091665071e-01
4.472566336888655902e-01
4.145663099302887566e-01
3.546721260487948890e-01
7.481749937396885153e-04
-6.272672846654304968e-02
3.410886723891028427e-01
-4.807692927225664659e-01
-1.179800727483296258e-01
-2.114703031346978346e-01
2.915501328516828528e-01
2.442778053659448168e-01
6.800750134743470676e-01
-3.918970210615256855e-01
-1.211436047679860517e-02
-4.908401719889902148e-01
3.017986679048616505e-01
5.162548604016111709e-01
-3.167249986780870108e-01
6.914397830863870942e-01
-4.984047959789700832e-01
-1.134224709039337309e-01
3.587075027563536578e-01
1.719687517050197401e-01
2.587631489139398111e-01
5.130839171938511578e-01
3.037298272919409375e-02
5.853555395017854268e-01
2.962847921024239217e-02
-1.293674920601917411e-01
-4.521127201324331990e-01
3.321129237932092804e-01
5.068664383504439819e-01
2.186379033135162075e-01
-1.000000000000000000e+00
3.001704951696761992e-01
6.402954719131812023e-02
9.040866919532583590e-02
-5.112170198406920107e-01
2.696342616122433117e-02
1.546601938373899088e-01
-2.057180649747411827e-01
4.573679393973359431e-01
1.023383952312483525e-01
4.111624591384399618e-02
-1.146606135076294747e-01
3.623718268417043253e-01
-1.254575747153274801e-02
1.024628839032565436e-01
1.229396641720570393e-01
2.859470728771634773e-01
3.044896500001806339e-01
-9.448331310263306804e-02
1.016019444536684635e-01
-4.746447861332970392e-02
-4.144729154560513051e-01
-1.066925310684878475e-01
2.852109277898793316e-01
1.452618791834969225e-01
6.647201035601080221e-02
-1.080886975806747419e-01
-1.476410526175689353e-01
5.422083361697320747e-01
4.191452205995461339e-02
3.218091222092063219e-01
-3.976134986794733761e-01
3.417154982312217704e-01
1.230269169433132193e-01
-3.646993556975027806e-01
-3.179703100228901125e-01
5.941153790351418051e-02
-2.225194363971062239e-01
-2.256609146912214869e-01
5.274889411741903178e-01
1.530529353920932062e-02
1.395217066764898595e-01
-6.343150458937682479e-02
-1.309270221481212762e-02
-1.440135642226983703e-01
2.678150454660313540e-03
3.625587476484057325e-01
-4.263483904408534864e-01
-2.998606023767041995e-01
-4.134086524825326681e-01
-4.276243441954651059e-02
-1.021250923457838605e-01
2.085862252488380475e-01
-1.819023408758120852e-01
5.508237409983185451e-01
2.926907208748156242e-01
5.718114306987399920e-02
2.126665259293754606e-01
9.433240167056797243e-02
-2.063962369205372960e-01
3.971270688305178487e-01
5.421877958462008040e-01
1.858823726983196423e-01
-2.986361841532477746e-01
5.802987513413205428e-02
-6.052610452473237979e-02
6.885635431554047725e-02
-2.036334871822334802e-01
2.951554232375425829e-02
-7.858638191026851016e-02
1.795015250921174199e-01
2.374103989042508911e-01
-2.266457322066982027e-01
-1.552597247567607530e-01
-6.404177893016782530e-02
-9.329356103292947566e-03
-2.861767822398549876e-01
-5.544238106479482120e-01
1.049601772371388103e-01
-1.495637580983077419e-01
-4.716033304537439186e-01
1.002867412185925872e-01
-5.710190175912399635e-04
-4.763491036169340692e-02
-1.333740803599575697e-01
6.784090817812932217e-02
-1.219531097430579247e-01
-3.339181519404290088e-01
2.621778465152744264e-01
2.484284107137923678e-02
-6.734257422886197331e-02
-2.077879140288824700e-01
-1.654789733198129206e-02
-4.703609858103215968e-01
-5.937152337829185167e-02
1.446394866804678325e-01
5.850186443246797874e-02
-4.521689450423318352e-02
2.496302287228869821e-01
6.367812696906618442e-01
5.369568958835160277e-01
1.468894164601996372e-02
1.918288982721558233e-02
-1.053633013290054266e-01
-1.699191883421136140e-01
-2.469964160875052217e-01
3.090984911334507812e-01
2.149734706368758852e-01
1.353190136847336467e-01
5.720400571723890937e-03
-2.602142984214163013e-01
-2.736940523637201306e-01
3.231273046454104236e-02
2.239018450046878217e-01
-9.773623578172827009e-02
2.072106238972971637e-01
-6.421481564625596272e-01
6.960343136426031529e-01
-1.255839611299686964e-01
9.283592087869634024e-02
4.058958751142356380e-01
3.026939014452291812e-02
-2.337553490448490978e-01
-8.250749696045300841e-01
-8.914901877569943178e-02
2.765509428057404406e-01
-3.459411634394890522e-01
-5.074946948675419789e-02
-8.456008936824568889e-02
-3.898168750264920934e-01
-5.763907490938702943e-02
3.508327693305287043e-01
-5.376473502346608424e-03
-5.980176224572103516e-01
3.014872012829553083e-01
-2.119685856112948907e-02
-5.086405826635882477e-01
-1.313608355507062952e-01
-2.720743712729576380e-01
2.394085283305427692e-01
-6.299871049265916012e-01
-7.134871360232040993e-02
-7.719688692573012379e-02
-4.495713677527211904e-02
4.409623312036271142e-02
-3.094681520372169134e-03
-3.538502689368662191e-01
6.109284647016739456e-01
-1.031127083947835504e-01
4.752018464739337089e-01
4.846804244173816834e-01
1.960069362242690683e-01
7.365969137452772764e-02
4.294262186712538565e-01
-1.232407064230580662e-01
-2.617308812507892490e-01
-8.192249673075112648e-01
-1.964016593175151593e-01
-2.473394156315299186e-01
8.021763695833294960e-03
-6.789327014104031000e-02
5.347577187498674112e-02
7.111582405280763020e-01
-1.081352764893022955e-01
-4.936373808965918708e-02
-2.154309146092478131e-02
-3.243993446108830447e-01
1.293768440205272374e-01
-1.823673157307053316e-01
-6.226592946011040297e-01
1.553767314112961817e-01
