-1.359247460880133596e-02
-1.439782426026138817e-01
7.057034663889993897e-01
4.817422358725542142e-01
3.464991642079590650e-01
-2.759673147261206515e-03
1.740591130870329795e-01
8.773197890631724560e-02
3.153090259071523183e-01
1.249336968251501812e-01
5.633732704645683098e-01
6.523819529087363511e-01
-6.711729406624002969e-01
4.920089726263272012e-01
-6.759884817835973281e-02
3.536685172705922864e-01
1.368904046520206808e-01
-5.950694467284401989e-01
5.470105946086781801e-01
6.020265409884285601e-01
-4.218408459558619095e-01
-6.384690036266116309e-02
-2.294694122558391947e-01
4.923068663867136152e-01
-1.794544016339911369e-02
2.890772480048952042e-01
-8.056051475493902769e-02
-2.563110311911930839e-01
2.510255434357633320e-01
5.710977334761910829e-01
-1.409332748899234933e-02
1.379990056546389621e-01
3.760309646327719690e-01
4.160502514666480911e-01
3.609524894822615515e-01
2.315964676760268737e-01
-3.672049328943373103e-01
-5.626982476290379176e-02
2.701974619392941146e-02
1.401151420546362381e-01
-2.408731671546477937e-01
3.218445507422345586e-01
-1.751375240010911438e-01
6.518796419316725752e-03
-1.251459954936149643e-01
1.784649084589295387e-01
2.274527494513144815e-02
1.854917496182494629e-01
2.941649844368787181e-01
-4.439656161052479844e-01
2.072767635427411326e-01
-8.174426795336687812e-01
4.270480169150430161e-01
4.633862564907512138e-01
-5.098455953233470561e-01
8.461016703797777372e-02
1.366891205091971262e-01
3.365895338849771989e-01
7.054920478168651421e-01
4.470705679116576126e-01
1.731054846299211192e-01
4.816207726174977499e-01
-1.022181178264865570e-01
3.493966819511976074e-01
-5.272798313815590943e-02
-8.552274297772231859e-02
3.699954515204688099e-01
-5.745969456177496548e-01
-1.792546605747254718e-01
-1.328463457853722995e-01
3.388587175295345033e-01
1.921493966080689009e-01
6.258090294829496969e-01
2.600503413479110515e-01
-5.145085320249116745e-02
1.165653239476704406e-01
-2.613949588450089068e-01
3.357395442188342294e-01
-3.492411228415521762e-01
6.281416587892977299e-01
-5.596814091006092617e-01
-1.857317757993661722e-01
-1.000000000000000000e+00
8.402350963112906190e-02
2.376791744502123327e-01
-1.471210032093958793e-02
2.438692356651438881e-02
6.403084151716044170e-01
3.744822157598953760e-02
-1.469498471339339418e-01
-3.615679643155776946e-01
4.068030112896892092e-01
6.088769246666269064e-01
3.328629968502123671e-01
-9.369045492340876136e-01
3.278513389128515088e-01
2.158938313842468648e-01
7.192855408015296631e-03
-1.217965402961622007e-01
9.967246227439899298e-03
1.421835646599466652e-01
-5.770342765488289949e-01
-9.479346660084894682e-02
3.655984540158798562e-02
4.820709084181976772e-02
-1.848633230647699355e-01
3.761112236553198485e-01
-1.636863686630618542e-02
1.338229780622598453e-01
1.702114632994603804e-01
2.838964704689719287e-01
3.003470463606234819e-01
-7.274229762568600044e-02
7.523189360685893223e-02
-6.228436929306242764e-02
-4.798176067965637115e-01
-1.147927185103435610e-01
3.010295438448594707e-01
-2.607844019385418405e-02
1.328958130894187795e-01
1.337204854874958770e-01
-3.004727715772276264e-01
5.415165471606938619e-01
-3.828956134337490463e-02
2.068753912009667351e-02
-3.993813020692968951e-01
-2.279158261562352628e-01
1.722392508736586003e-01
-3.263746305564298456e-01
-3.337349695829154861e-01
1.795576291338858432e-01
-1.967087012085822761e-01
-1.993808548182630092e-01
5.045284217184546893e-01
-4.740649600328961794e-02
1.316987802714286449e-01
-1.075364582566453869e-01
-3.079498450018060274e-02
8.765800099305336157e-02
9.529701031688764257e-02
4.259992782240919484e-01
-4.287167814228490248e-01
-1.946033417501397134e-01
-3.543541453855866830e-01
-6.767914954585152465e-02
-1.688483457127098186e-01
2.232521224100426360e-01
-1.557335522415772555e-01
5.438324775094901531e-01
2.680942817630921349e-01
8.681147723231327773e-02
1.750086446087608938e-01
2.288357818500088015e-01
-1.812480399036666412e-01
3.916079854756251977e-01
5.459814743321390607e-01
1.540250881952557327e-01
2.118166448161742099e-01
-4.953904699264038286e-02
1.156753874067879828e-02
6.400085898353077840e-02
3.057938814858012222e-01
6.951939833436066030e-02
-7.858638191026851016e-02
2.125223255033608649e-01
2.726231392146438171e-01
-1.355800766921788358e-01
-1.301432072624381930e-01
-4.595361489685997197e-02
9.947115035015320628e-02
-5.313836682630494052e-02
-5.518083015469646968e-01
1.300530686379033907e-01
-8.546734816831554060e-03
-1.849856461903677529e-01
1.002867412185925872e-01
-4.729744852520492010e-02
2.618084750768382568e-02
-1.265792814899453500e-01
1.432541971656004220e-01
-1.219531097430579247e-01
-4.200099187040824966e-01
3.985061277568541227e-01
4.931013787111275526e-02
-6.330494664558886098e-02
-1.876816151560125601e-01
-2.933705797393506079e-02
-4.760210256106143789e-01
-1.902732641986696893e-01
3.126901173524326838e-01
-3.297525929220867513e-01
-1.207230431436943745e-02
1.901306048061036924e-01
-7.484253330900261791e-03
5.787676238955168362e-01
9.218840701537273086e-02
1.918288982721558233e-02
-2.203692699125931742e-01
-1.209639822157823064e-01
-3.064437616126164388e-01
2.067093804578083449e-01
2.047254722220210321e-01
1.750518623733835211e-01
1.544173607202057041e-01
-2.476662590302473599e-01
-1.431433306247351378e-01
4.865711913800238042e-01
2.598923378402450135e-01
-1.740119283999988498e-02
2.057710192606600486e-01
-6.685429679319333518e-01
8.700815771500940432e-01
1.417666573080816339e-01
3.183693239659978746e-01
4.689183820501891531e-01
-6.076275713292468295e-01
-1.799309675831589628e-01
-8.250749696045300841e-01
-3.964668972084068876e-01
3.257887188107320697e-01
-3.647544763657626365e-01
-1.750613289539091899e-01
-1.434443718319245165e-01
-4.544285209972683259e-01
-9.255221665190452307e-02
4.344520330668816266e-01
-8.146693866839407883e-02
-5.500462723771408768e-01
2.650833334195470958e-01
3.913595598191044744e-01
3.645953990012102963e-01
-1.171586489255690422e-01
-1.878978936702846991e-01
2.620509754800294799e-01
-6.421792586902004274e-01
-1.593227400595211563e-01
-5.215629883570602199e-02
8.751708499879196079e-02
2.177112428608374284e-02
-1.352235644468899323e-01
-3.840017964669021899e-01
5.489566044571313475e-01
-3.923128927852427561e-02
3.984123503397147270e-01
4.089684177832063616e-01
1.499162684500787435e-01
4.922481326137835567e-02
1.631524929764425202e-01
-1.560880453361757902e-01
-2.052574973633390087e-01
-1.817897839880596167e-01
3.844819937763428452e-01
-5.663162871790536346e-02
3.626242600409491923e-02
-4.847112063449458136e-02
-4.888836586249558080e-01
6.545818394616244040e-01
-1.011325568088650290e-01
3.291369339665700233e-03
-1.047116847662093730e-01
-2.826148390222369966e-01
7.789326116469781625e-02
-1.638546389598562469e-01
-6.226592946011040297e-01
2.155361833614831413e-01
