3.846636054652604608e-01
-1.281402613171037930e-01
1.201923108958043995e-01
-5.556086051309382379e-01
-6.066123296074388271e-02
1.624007379061138123e-01
4.363017564538437809e-02
-4.617578310902961669e-01
2.332067888237228936e-01
6.239504931865441639e-01
4.620371961795171484e-02
-3.681748018556020852e-01
1.482152104247694835e-01
6.597620525435675676e-01
3.803636247927964509e-01
6.501803015366672267e-02
-7.343538680285212061e-01
-1.340501461867349697e-01
-2.746777419058047953e-01
2.282399321233917755e-01
3.114957277078409525e-01
-3.750622050841257993e-01
-2.587151947460563095e-01
-2.435065398971871520e-01
2.362670836024358678e-01
4.120128998860464464e-01
3.258196637812648122e-01
-1.227228244264761264e-01
2.239929180056319802e-01
-7.740843816016473866e-02
5.033318226516917404e-01
4.482399954422615351e-02
4.017824436212565908e-01
-1.882345358804227153e-02
-1.241894833542898091e-01
-1.802954482199107741e-02
2.543497078695314828e-01
1.392998464218713796e-02
-6.699195731631769901e-02
1.353520868979909975e-02
-2.059765152524581366e-01
-1.784311998354014550e-01
-8.026801143892707546e-02
-3.824690605672640964e-01
1.552058973381769957e-01
4.166022983347227315e-01
-1.463630418303032976e-01
2.272025519535782467e-01
-1.403448097382318516e-01
2.554077976233060654e-01
2.909589692581623921e-01
-1.135811772115969953e-01
5.014533409503267869e-01
3.267372900347957909e-01
-4.667270778412866417e-01
-4.038386882703109276e-02
-3.830912767959567811e-01
4.840741192079024008e-02
4.009901566245305804e-01
-5.130531509719784555e-01
1.773919075449607030e-01
1.630228364151681264e-02
2.800874485903941946e-01
-2.159832614415704843e-02
2.020920854156425805e-01
-3.981721711918274204e-02
1.792499318766693772e-01
-8.048302696739517703e-02
-1.060071177011391308e-01
2.472444520396724077e-01
-3.770580804363785066e-01
3.362313065558794611e-02
1.142828610642727533e-01
-1.687020841203266674e-01
2.759695279704968418e-01
2.064191128529208885e-01
1.115623887462862951e-01
9.306296226005908445e-02
-1.335790364074612713e-02
2.444231990201344018e-01
3.138884353402100758e-02
-2.883492063582667186e-01
-2.355456904937926199e-01
-5.971614964917291157e-01
1.295181463690686652e-01
2.967159492246567165e-01
4.333767096329079749e-01
2.027331563471835574e-01
-2.697321632885278930e-01
4.924607451926921731e-01
1.146088766516079188e-01
1.365922416718182986e-01
-6.390124993807116960e-03
2.469168523863468634e-01
-2.582517414081283436e-01
-9.804688920855708645e-02
1.499584400175772991e-01
1.149942362566815091e-02
-2.365398649360719585e-01
1.720347870982091507e-02
-4.200730579351249494e-01
5.785039088217128755e-01
5.160455326549995281e-02
-1.898790706447829046e-01
-4.657640874374487788e-02
3.370645842210909238e-02
-4.708064322635269749e-01
-2.704990196569810879e-01
-1.404812475908869540e-01
-1.819314878464269591e-01
-1.988477131631395944e-01
3.597849031182052681e-01
2.978250089290671032e-01
6.285128838278089547e-02
-2.534406788026909441e-01
-1.448438473740181753e-01
6.181230604938590771e-03
3.596661105273279979e-01
2.682733159670404044e-01
1.583428841444749560e-02
8.791686279408843230e-03
-4.123935370617380913e-01
7.092243676618628645e-02
1.387071728749629806e-01
-2.670361689552661760e-02
-2.608286182725195745e-01
-6.216324790205481898e-01
-2.389610563269700116e-01
6.085802425715404473e-02
4.713846817646019094e-01
-9.554966034351020099e-03
2.325355752845192359e-01
3.733917921924136407e-01
-1.502173365885745293e-01
-1.998205921148605846e-01
-3.580119599754967574e-03
-5.356748099145836051e-02
-6.195135689692308212e-01
-2.999124401268747353e-01
-2.769793125132318790e-01
1.135070628130017412e-01
-3.349360913922250216e-01
1.650538395619842724e-01
-1.724241936246213025e-01
-2.073182757180253855e-01
1.595716866479306162e-01
3.694010390463616789e-01
3.943394453915837206e-01
4.818215003560116227e-01
1.502782070350140164e-01
2.201668538095189753e-01
1.685364472216105969e-01
-2.421528922951688700e-01
-1.155244438294576598e-01
-1.299897655598997170e-01
5.944185240680780469e-01
4.503037603510121750e-02
-2.374359111995001381e-01
-4.277896908591778957e-01
-2.740136910436156703e-01
-2.483773018042860770e-01
1.196697251131165207e-01
-3.535002258645537077e-01
1.187829398783477458e-01
-5.297435035490003497e-01
9.615704062767314875e-02
-1.581675803921245294e-01
7.652609911161453726e-02
2.396729407943883061e-01
1.742790473596781409e-01
-6.240477097086387370e-02
-2.161509057962882618e-01
-7.609646772238126688e-02
8.777223972025231802e-03
-8.700327250221555342e-02
-1.046385497696079442e-01
-3.670558448731258139e-01
3.780138435261083396e-01
-2.034685525763817449e-01
-4.116282412077442721e-01
7.041414587319813623e-03
-3.802579094669934490e-01
-4.096968838963195303e-01
8.219270984786189449e-02
-5.383667637126557937e-01
-1.007469585410483426e-01
1.431646301683546230e-01
3.059032424212626000e-01
3.496477530619092333e-02
-2.891854525708198453e-01
4.614480416906135973e-01
5.018019120414226597e-01
-1.681122461616302854e-01
1.533484319435617083e-01
3.096802085214833133e-01
1.294986580166959389e-01
7.401698051855250954e-03
1.278154435167417127e-02
1.461795318948086175e-01
-9.537204033201399089e-02
-3.632776946853292221e-01
3.211682438961510622e-02
-5.037467663504555659e-01
9.111411379271855404e-02
3.715857641978463910e-01
1.052460339244726678e-01
3.559625842976773535e-01
1.482057115967522209e-01
-4.631014641936178067e-01
-2.164082993682442391e-01
-6.643805626683567667e-01
3.622143870118720299e-01
7.161777758113127557e-02
2.091182419191283948e-01
1.064596521302507703e-02
7.904741339432728997e-02
7.159748617860733910e-02
-2.294265105540839178e-01
1.974487444251906421e-01
3.970344789692726306e-01
-5.960471779070983245e-02
-1.795633757178949907e-01
2.203615431975613770e-01
1.395790989235208834e-01
4.229917617544410452e-02
2.580837112039228165e-01
-1.586637072635063150e-01
-2.476949876115052962e-01
-2.387003035326890066e-01
3.210154785187179782e-01
4.466956428099408960e-01
-2.892540015501439687e-01
-2.554130607264451513e-01
-1.447053327894459729e-01
1.558083637657822762e-02
5.235927276277048126e-01
6.090540636377388128e-02
1.579547085074827217e-01
-1.155149320394831675e-01
-1.556608352391277983e-01
2.023079933241513362e-01
5.366975953511358144e-01
-3.877138478847521608e-01
-2.400043314360469637e-01
5.801004980621558005e-01
4.800225030067327703e-01
-4.573271914027976504e-01
4.335325561128255401e-01
-2.321090344192696109e-01
2.927921038508636831e-01
-9.297952717587948390e-01
-4.406934052974366134e-01
-7.628384523357462088e-02
8.114356041319986668e-02
5.975445340650827747e-02
-4.811281902553660172e-01
1.021189518776810246e-01
4.949166948421528933e-01
6.825631982463345460e-02
1.913917042789883838e-03
1.901064888808729481e-01
-2.987517220255963002e-01
2.218623493077647724e-01
5.228442742615443395e-01
-4.269730603100804767e-01
