3.496818823080388716e-01
-2.307330892620664542e-01
1.245387942081147004e-01
-2.530027260182838855e-01
1.709739458895291608e-01
1.134438352704059821e-01
2.065110403705454345e-01
-1.526140723594142656e-01
2.483955954608420003e-01
7.916424815902675660e-02
-1.791976307656204803e-01
-2.357051112934805681e-01
-1.600310951166381557e-01
-1.051891725527339116e-01
5.356549615057718539e-01
-3.040758634155006912e-01
-2.369102155698836198e-01
1.139891641302144543e-01
-6.616543140254287081e-02
-2.370550156032923961e-01
-9.446437502776766637e-02
4.586548394415843749e-02
2.024372185830936310e-01
-2.249849099429830912e-01
-1.358248738001447131e-01
1.237258066644109367e-01
-2.195242254925217351e-01
5.952704890869821297e-02
1.361066413935442809e-01
-4.155867653469371148e-01
-2.858180937735970706e-01
-1.289859688836448026e-01
5.628858517835959308e-02
2.556722473459486222e-01
1.250911649737231346e-01
4.117655439997752742e-01
3.417375522516844649e-02
-1.496773786221967072e-02
-6.422944891267987622e-01
-2.991981688083580337e-01
-1.024148267948353924e-01
-5.458057598394136511e-02
-9.227918304391033444e-02
-2.706204012936075376e-01
-9.795629409262707199e-02
3.493641805268140610e-01
3.062965095513400793e-01
-9.730582967301939501e-01
1.032438582052826875e-01
-9.472656538566560924e-02
2.219874423472796912e-02
-1.267311952418957721e-01
-5.918158584878078221e-01
-3.430819395180363940e-01
1.969679955467775745e-01
-7.000869834541975090e-01
-3.036780893703773798e-01
-2.253077983450545996e-01
1.514163806678658630e-01
-3.356975424933428820e-01
5.174368885635377557e-01
-3.782060465902520405e-03
-5.329221435097505344e-01
-6.300565940000922849e-01
-7.390818015326847124e-02
-1.294581837364455201e-01
9.107430719264859864e-02
4.431579456370354775e-01
-7.134854023143206714e-01
2.636593129704505739e-02
-1.608951187911768776e-01
-8.748986034331127093e-02
-1.811889717047700799e-01
8.370840030385155381e-03
-5.590602099412601556e-01
2.848696831377391381e-01
4.422863061547132463e-02
-4.442088629654393772e-01
-6.273545486698866025e-01
-5.597160285388657064e-01
-5.454512574896522858e-01
-2.012161745077990227e-01
4.747869590335817604e-03
-4.869964040396718152e-01
-8.963753474402540167e-02
3.196607875490084516e-01
2.347406771463636244e-01
8.352634000345307563e-02
9.624574676948305374e-02
2.235325398624248283e-01
-2.562319109543450546e-01
1.716965090637076752e-01
-2.462017807055254595e-02
2.578611023335542485e-01
-1.075940520511904919e-01
1.272042632198401926e-02
-5.878290492839375325e-01
1.086049852233074431e-01
-1.641612705663630101e-01
9.825793112341194013e-02
5.077594192478133150e-01
-2.474249877432359856e-01
5.430220205717282284e-02
1.214674161556126564e-01
-3.658284921665405087e-01
1.443915468625649734e-01
1.275637272070155072e-02
2.141011844092094996e-01
4.749347364095163337e-01
1.598021814132884466e-01
-3.389130335868562605e-01
-2.979215023792051720e-01
1.930563785128671661e-01
-1.614242600158083130e-01
5.935274383435460432e-01
2.034699555279467220e-01
3.182229200759554288e-01
-9.352321138624776486e-02
7.496720337088297326e-02
2.504151284916890097e-01
1.915798879061413051e-02
-1.789822735911689722e-01
-4.662394259362296900e-01
6.357241242297150263e-01
1.709628383995861756e-01
1.664615692171551309e-01
1.033386631268141398e-01
2.774861386125613838e-01
-2.243038166515482768e-01
4.839213471836448233e-01
1.525661009883158836e-01
-5.378160960934030843e-01
-2.507572913880137255e-01
1.769368987346215949e-01
6.774572653215130691e-01
2.086250886875007093e-01
6.935361072878447330e-02
3.233255002514592857e-01
-1.330509496735419669e-02
2.125328015204922261e-01
-2.859263761711439145e-01
1.520555535417207893e-01
-5.768740917797591239e-01
-1.694204783669189252e-01
-1.128633287290830289e-01
2.678909615214659645e-01
1.654797739155088876e-01
3.305803975513475490e-01
3.958844241886346760e-01
-3.796037382160139528e-01
8.156870719339184284e-01
1.978046675048183156e-01
-3.629648740051943379e-01
-4.735281729022160907e-02
9.012327315269857628e-03
2.885370422221522624e-01
1.274486194008296949e-02
1.416214460410491482e-01
8.763402387464144794e-02
-7.971415994403240057e-02
-5.715865069321969250e-01
-3.579255063767857181e-01
-1.241113594845209417e-01
-4.867850493756316343e-02
-1.889724672639692959e-01
-2.612945749202345014e-01
-1.600725168720015801e-02
-1.366859044290918423e-01
-1.877903546381351485e-01
-1.223107962268396853e-01
4.811398805804917300e-01
1.965301584659554235e-01
2.192585859172523077e-01
2.457203383160037891e-01
2.641637127940675289e-01
-4.805750467358010924e-01
-8.298365253331173308e-02
2.658592953475175102e-01
-6.469673785625103257e-02
2.622761435245623760e-02
4.688827442017701880e-02
1.266198365708022799e-01
6.469099857757780458e-02
1.890728424520405904e-01
-6.131674251244621614e-03
-2.293254069792129146e-01
-8.384984070424254810e-03
-5.722669612543467288e-01
1.507942210818641604e-01
6.415511151889512209e-02
-4.897558420123251377e-01
5.834074882015571895e-02
-1.320661659254806775e-01
3.437286379962169180e-02
2.360967322756913345e-01
3.852229160209430514e-01
-4.250320508456073010e-01
-3.178843754567603486e-01
9.201819929112096258e-03
-4.957195477486153745e-01
-2.466303445156249885e-01
-1.392804446142276720e-01
-2.205501154997606961e-01
2.612584625213181244e-01
-8.819497903768789282e-01
-1.034105642678542630e-01
-7.452655924690677891e-02
-4.438233773528097448e-01
-1.170459662170416359e-01
1.481164058961837726e-01
-2.694531821271107797e-01
-2.106331541011838560e-01
-9.733996027452097854e-03
-3.280625812132637042e-02
-8.502473728884357707e-02
5.938839984453988391e-02
2.956234043070074535e-01
-7.178698536723636392e-02
7.695802129470234731e-02
-6.700183302306953470e-01
-2.709882208085897526e-01
1.020456296421173720e-01
-1.591323123129736450e-01
-3.715514708441841063e-01
2.905259719065921287e-01
-5.367584178688733498e-01
6.499917640967694740e-03
1.050576144081637325e-01
-2.198237566427759249e-01
1.810094960394223740e-01
-2.112968412172124555e-01
-4.847364592430965513e-01
-1.703775672439346578e-01
2.124395556197004598e-01
-1.975352436743912921e-01
2.047241300971688327e-01
-3.555073285753276857e-01
1.444835289643253001e-02
5.727367653971516814e-01
5.538530354606101269e-02
-1.765321915209104864e-01
-1.576844059256674868e-01
1.779398959754139309e-01
-6.628836141389556069e-02
3.737616240325897232e-01
1.452053407815072639e-01
3.485367239897094183e-01
-1.676929637617579488e-02
-1.576680562515367021e-02
-3.827027607803585307e-01
-1.597675763866122089e-01
-4.813688000265502476e-01
2.095844737163244931e-01
2.985416349842273109e-01
4.168362640976878697e-01
-2.358208234741540066e-01
-1.322097951424514861e-01
-2.246500435453902683e-02
1.549227414242717871e-01
2.103537840979047280e-01
1.431511660509847015e-03
2.698422132606831947e-01
-1.018779873945117043e-01
4.469078197418658860e-01
3.331588328118590403e-01
