-4.182907235164802784e-01
7.603523940662981762e-02
4.962167198846684918e-02
-1.701468031915414625e-01
2.542919105661615997e-02
-5.421398574091125522e-02
-9.814238834890079421e-02
-9.649425064700394017e-02
4.461666183134812558e-01
4.692301262285643038e-01
-1.809539166226555307e-01
5.940490213324996216e-03
-1.173785215959363415e-01
1.296603335602690699e-01
-1.905564459743991912e-01
-4.168238209723765242e-01
-4.174028024467829612e-01
1.208561026804061966e-01
3.274815677132064673e-01
4.712898483774687342e-01
-8.672064912888443056e-01
-1.645073478754642896e-02
2.892809909784631039e-01
6.212543939099574031e-02
1.486470224988784353e-02
-2.953355340133762552e-01
4.259569969075281959e-01
7.662100129964563577e-02
1.190730320531189629e-01
-4.689113306477805665e-01
-3.284901874004199362e-02
2.299725446068731638e-01
-1.102161460010737531e-01
3.583109205322990709e-01
1.035366904673164640e-01
5.276245284912098876e-01
5.204474379057256739e-01
-1.323291519661357746e-02
7.680867818098200406e-01
-1.069940934642871488e-01
-2.408391301716547861e-01
-2.488281510038490574e-01
-5.760059166495155869e-02
2.189556882647141212e-01
4.838693977040125493e-01
-2.044278971473108830e-01
3.455204127403974645e-01
-2.586290500140357440e-01
-8.211712554228248195e-02
-2.837908818479721873e-01
-2.879264453872246859e-02
-5.199481820539380017e-01
-9.055892440380639008e-02
-1.423151393096704909e-01
2.442099338292627875e-01
-4.058720898553310197e-01
-3.056675168455410541e-01
-1.552819878144586115e-03
-2.742623169667449678e-01
-1.743204195740657991e-02
1.813288567712220689e-01
7.401092336126749438e-02
-6.783367327945641345e-02
5.870846294464826531e-03
-4.116819401626158337e-01
-4.949302042421011016e-02
1.905487399564511838e-02
-5.675650087279282552e-01
6.577127065928152216e-01
1.579402844038581277e-01
4.859035752226611993e-02
-2.833729917457192618e-02
-5.991347587417018145e-02
3.599285497362880726e-03
7.152957685808407351e-02
-4.217167844897661277e-01
-5.786045000195215726e-01
-1.869807961217783698e-01
-2.845918520502035975e-01
1.100544408614782810e-01
3.781937345460372746e-01
2.222842035073375466e-01
-3.404804202948796821e-02
2.347030285392641691e-01
8.531975025225570219e-02
2.837434098986289510e-01
6.343483577305190080e-01
2.237326858782435479e-01
-1.727946922287455778e-01
-2.081059563938829349e-01
2.580560449927120636e-01
9.881457722521962139e-02
9.509017274191389202e-02
-3.523752014468963245e-01
2.196050793611473151e-03
5.338769987380805881e-01
-4.074534775581104551e-01
4.479396665092516550e-02
2.146583236109343706e-01
3.212608006333349531e-01
1.466295593043136780e-01
2.873908965048918573e-01
1.825653705767444901e-01
-3.749330288399101985e-01
-7.999679601175448962e-01
-8.149011346963612457e-02
-3.041342747807862512e-01
3.664677155674706532e-01
-9.018375604748733732e-02
4.702213700307807387e-01
1.763073118216256507e-01
-1.546968051593616278e-01
2.075823651027747241e-02
-1.508029397687792594e-01
2.931589858697503659e-01
-9.489879638668732853e-02
1.138609383356431470e-02
1.631948503194567412e-01
1.511662082087036896e-01
2.452095709160386633e-02
2.640129162598372492e-01
-6.481329852189390284e-01
-4.018311172109878537e-01
-2.035729863247529026e-01
2.683957734891225244e-01
-4.187957263289739801e-03
2.641055295103093559e-01
3.148159323884469618e-01
2.541389306482676469e-01
2.993322480932136265e-01
-9.589304224643517560e-02
3.991362665392381159e-02
-2.790454468065880489e-01
3.460945110986080597e-01
3.951148330015149535e-01
1.743061667245345836e-01
3.654822737544293210e-01
-3.059430470494139409e-01
7.077067095555174270e-02
2.833918196608093965e-01
1.484302420598831718e-01
3.003732243764921650e-01
-3.257387615941800263e-01
-7.914075059529886991e-01
-2.840798655266369988e-01
-4.501360714752142833e-01
-7.768022755918271849e-02
3.871655109047064669e-01
2.759011637104045178e-01
-7.988902937404218640e-02
4.448545725690811192e-03
3.035453798470839071e-01
1.485947821538943781e-01
-2.829536866378861704e-01
-3.359602546325066719e-01
-3.495887814543883199e-01
4.904673581299540119e-02
-2.449475258895837393e-01
-1.611923539970612843e-03
1.583728463550774235e-01
-6.996040502536494954e-02
-5.115992410694774478e-02
3.697411705892167388e-01
3.551134510296387325e-02
1.360095584987832396e-01
1.080492708143674097e-01
-1.246997242866348665e-01
8.152535639859195826e-02
2.395871495453558708e-01
-5.184308301526231455e-01
-6.817245015521403162e-03
-2.106145023239239522e-01
-9.489157664257566460e-02
-1.816855183834164278e-01
1.667468157173649379e-01
-2.549861804798285725e-01
3.160933968665015359e-02
4.919414386202610179e-01
-1.450850076110254128e-01
2.430389423518879155e-01
-1.553406221302942869e-01
-5.394338218723473410e-01
-3.139121240958477332e-01
-2.559158039439548005e-01
-1.661268161027219803e-03
2.060319231783383220e-01
-4.284194584765821379e-01
-2.817204414344518515e-01
-6.569045157622860343e-02
4.150796201818428982e-02
4.440273120428635534e-01
-2.257505087302032754e-01
-5.199980622466450486e-02
3.444154248963881559e-01
3.727995070843405645e-01
5.186249669293351294e-01
2.644575672946529732e-01
1.710052624762641860e-01
-1.382308204816693753e-01
-5.017372763246923384e-01
-3.100488915964195735e-01
-7.701672909428614044e-02
-3.610907189193723332e-01
-1.475351326842037902e-01
-1.587631376236127156e-01
-1.260085792186563247e-01
6.003011207598500931e-01
-8.655955460707963345e-02
-2.043045803290274298e-01
3.112891217935115362e-01
-2.485107644274207050e-01
4.001220976175534627e-01
-1.837532623159108536e-01
9.939599124276643494e-02
2.667700931196652081e-01
3.375966609674337926e-01
7.699851048632005979e-01
6.513111450420232262e-02
-8.032801415933599198e-02
3.594425922882891755e-01
3.083016825185342369e-01
-4.203938502485246032e-01
5.829501843517854720e-01
9.298769496423070491e-01
4.027411704539472781e-02
2.952442884625007813e-01
-1.562887595290523013e-01
3.645044520481738881e-01
-4.807218087952875307e-01
1.391563126473640555e-01
3.816161609429160467e-02
2.644599000733743321e-01
2.356895741178544335e-01
1.357945828075124706e-01
-6.057663323407809219e-01
5.380865064840794076e-01
-4.051047054793555091e-01
4.275696006398718718e-01
2.582717380057814593e-01
3.614337367742835871e-01
-6.318313365657969305e-01
-5.679631827243283165e-02
-6.651882635747843886e-02
3.642057096110809522e-01
-1.920567429723887484e-02
-5.699457347837629806e-01
1.952271674670659207e-01
-8.767338133152832724e-02
-3.175813485649820606e-02
3.746657465027528056e-01
-3.823095286841088347e-01
-2.360741567228478166e-01
4.961878031506838233e-02
5.900797329548901349e-01
2.094566900714257551e-01
-3.270063854372993184e-01
6.691199424891544068e-01
2.123712266575890351e-02
-1.670378347352633464e-01
1.488551056822343954e-01
6.451414948587804732e-01
5.538695385806956251e-02
5.318084488081436384e-02
-3.161471372164300631e-01
-2.193878672989592049e-01
