-2.710240717391318999e-01
-3.022551179251445341e-01
4.407439949177581195e-01
-2.977415723207521570e-01
1.071854223797393812e-01
-2.858093602201300376e-01
-2.233991907106905872e-01
5.245103721128501623e-02
3.142847374502122926e-01
-1.788870502816408414e-01
-1.073493706145587090e-01
-3.266657373435861988e-02
4.540614413025126361e-02
-1.776310851094204113e-01
-2.160475589274535035e-01
-3.364052689712720423e-01
-3.973783371871740799e-01
-2.002209048400907521e-02
-3.580099107839279649e-01
7.561473729433312307e-01
3.332673156483840771e-01
4.594278933118610408e-02
3.547087552464166516e-01
-3.126900442815817027e-01
4.230403935870019811e-04
-2.431190558974080929e-01
5.558285766685673313e-01
4.451885433560852645e-01
1.251499020229097092e-01
4.273012717320588960e-01
-2.759291946210565283e-02
2.618005709241578716e-01
-7.065998131647297648e-03
3.407120753962671889e-01
5.847308223891513335e-02
6.261221879715456184e-01
6.476277598607340646e-01
-1.305619017673023685e-01
2.771780509521123426e-01
-6.158387624511477837e-02
-8.092587623795418628e-01
-2.601410919242366226e-01
1.942846169092279918e-04
-6.105562614070926541e-02
6.038995969555228660e-01
1.677395636596696882e-01
5.514387279572521838e-02
1.357274800499139733e-01
2.770474810848673197e-01
-1.196512563697611081e-01
-4.115575867786264719e-01
1.366033369666104780e-01
-1.986809134592733561e-01
3.317233679505977861e-02
2.592332022072284525e-01
-4.750653586610713019e-01
-2.626570316584576625e-01
-9.483004316719532978e-02
-4.278739744387508592e-01
6.353799841755226607e-01
-2.116344612943635295e-01
2.696278106977484379e-02
2.370214934836681331e-02
-2.114877996886059264e-01
3.502756647361013886e-01
1.181992166513974318e-01
-1.929295822478837574e-01
-3.335931452578856371e-01
7.785877756278815065e-01
-5.098414246675873063e-01
-3.377444731776256537e-02
-2.080013503573719391e-01
6.838298150562603650e-03
-1.496210498417581969e-01
-8.430053955357710849e-02
4.205766268535039432e-01
-7.384019256705564027e-01
-3.256702226192214611e-01
-4.244876073893734669e-01
9.987378079611421156e-02
-4.684493126195327650e-01
1.175566334421564996e-01
-1.334449978448560281e-01
2.752766981440824545e-01
-5.955730348081758954e-03
1.078359855060040534e-01
2.245291897296622929e-01
1.875524383927691385e-01
5.417009925065964238e-01
-5.881806657391056570e-01
-4.358979293867609739e-01
1.007580137323999953e-01
-2.056325791226946698e-01
-4.088275345653580861e-01
-2.167682474896975159e-02
2.974071541160013821e-01
-3.922754926139891407e-01
9.587457706136431890e-02
-3.302605450371137730e-01
3.310326025523424587e-01
1.768497619717226410e-01
1.287471224187303476e-01
7.192875000932987817e-01
4.961188202246589324e-02
-7.658267345151434924e-01
9.586616997630578729e-02
-4.257547091123824179e-02
2.731783338461302169e-01
3.448373644648625169e-02
4.765281018231810051e-01
-3.072971200669731284e-01
-1.446491873236785963e-01
9.144729798431679157e-03
-5.486258113914681545e-01
1.610345791272890514e-01
7.007065215014934845e-01
2.480963247047641151e-01
-9.666279053364959517e-02
-5.604666223350565080e-01
1.484814850641980322e-01
2.171396067551229769e-01
-5.911704982421948085e-01
-2.716927204628097337e-01
-2.161506367398806083e-01
-4.547400158528697722e-01
1.150376166395461475e-01
9.924990587465049030e-02
2.875915369814736611e-01
2.431447145935066168e-01
-6.328675381842705505e-01
-2.282195291545517368e-01
5.765516933956388312e-02
-2.362100410255088268e-01
2.235578073803568544e-01
6.232786718171900997e-02
-5.331049276966914885e-01
-1.021076688610281918e-01
1.594614830300127295e-01
7.470434655832128290e-02
-1.452332990147928507e-02
1.859309947002073526e-01
-1.305182517707175471e-01
-2.387185594737181726e-01
-5.289684021200786734e-01
-2.466296969937488703e-01
1.047727185028159147e-01
4.657993922682410748e-01
4.230064880264614580e-01
2.162068376046540341e-01
-1.724963803804338558e-01
-4.821329516552110006e-02
3.616834339728118852e-01
3.059427130029188091e-01
-2.130613648461138210e-01
5.215842269028259787e-02
1.239710706860315259e-01
-1.889517651315137867e-02
1.659908424589605358e-01
2.157800594829319685e-01
6.387705154931905271e-02
-7.162813829306401148e-02
-2.019047471421995532e-01
4.241069064995711124e-01
-1.862927637609714318e-02
-3.533231960912894820e-01
6.840558524655238060e-02
-2.829780654163339682e-01
-2.978658430548891678e-02
4.571943534702965772e-01
1.441356533539802087e-01
-6.195519307141562904e-02
2.325138850780469890e-02
-1.789047722073292268e-01
8.629179291199282065e-02
6.567642538357657336e-03
-1.954537822280782156e-01
5.032165750891396394e-01
-2.814180110679382896e-01
-2.178658105295968317e-01
-4.589335005821854607e-01
-2.662947512827092966e-01
-3.766793001812645536e-01
-1.738021451809382834e-01
-1.594002215265701017e-01
-4.540850583813004632e-02
9.781118289844001334e-02
-1.448631656732145556e-01
-1.947082372610151324e-01
1.764595222471966041e-01
-1.834650212006451453e-01
2.054801081146105102e-01
-6.845866813447169796e-02
-2.276628976029011764e-02
2.213252647522505612e-01
-1.296991875725385102e-01
-5.419863576008578931e-01
-2.373648016197529020e-01
1.443542904833651219e-01
3.632725068156191228e-01
1.478813061532446849e-02
2.975127613024395878e-01
9.342383544096324877e-02
-3.592500708833645806e-01
2.397063069819125106e-02
-1.090262883747687012e-01
4.663557406128017169e-01
1.335858060604393771e-01
1.943604952382440854e-01
-1.997845899015344151e-01
2.555080071810401088e-01
1.104834801521040535e-02
4.189177706541994950e-01
2.805609679266518053e-01
7.802600409778824575e-02
3.998174405137495668e-01
4.895661491505163276e-01
4.974588996050474665e-02
-2.339321906859027911e-01
-9.603395725298202734e-02
3.175588799770207582e-01
3.366038043432419413e-01
-2.153428216208769230e-01
4.886659237103305187e-01
8.597128177650152914e-01
1.691135030612400947e-01
1.614321621058749379e-01
2.521291425994365287e-01
1.879824421148498792e-01
1.461640961367204061e-01
-1.849279363974672130e-01
-3.183395707532775398e-02
3.656982321421527460e-01
4.098245709940179227e-01
-6.410351248473929175e-02
-4.555255024305276401e-01
2.755817231688814650e-02
-3.205555221266946919e-01
1.163919614022156275e-02
-3.180372732673114600e-01
4.345727657287971057e-01
-6.972960147323881142e-01
4.939149799210832414e-01
-2.741643206907962149e-01
2.794535425974213894e-01
1.052343459220943522e-01
-8.664975606176730238e-01
5.462042232776320727e-02
1.132048421220964024e-01
-4.321736517365386276e-02
3.137845760059032041e-01
-3.138125711242849003e-01
-3.978398063469537616e-01
2.145809771236365515e-01
5.587606762331248644e-01
5.091404290455106563e-02
-2.330185102495563321e-01
3.892048243587222650e-02
-2.980577553184994566e-02
-2.040841155193994783e-01
5.659213332428222887e-02
6.288421210127613792e-01
2.055154658978363205e-02
-2.870838575465434195e-02
6.136442015227372426e-01
5.636557314271274655e-02
