-2.980897971747617503e-01
-7.023166695446433905e-02
4.212709082050863363e-01
-1.667096626172389073e-01
7.241128085555942340e-02
-2.841437397226786454e-01
-2.233991907106905872e-01
1.669263631978938622e-03
3.997112715337088895e-01
-1.788870502816408414e-01
-1.553202159360845269e-01
-5.618034785288612831e-02
-1.622809244153134434e-01
-3.469256128155812635e-01
-2.932211293233229488e-01
-3.305589870895227489e-01
-3.973783371871740799e-01
-2.002209048400907521e-02
-1.561051974691698430e-01
7.381796806617265672e-01
2.109390656243388396e-01
4.594278933118610408e-02
3.547087552464166516e-01
-2.789528352256300248e-01
-2.827354300072794369e-02
-2.431190558974080929e-01
5.123566364305871534e-01
1.177678355617419875e-01
1.609938924022670248e-01
5.191108307406048228e-01
-2.759291946210565283e-02
2.618005709241578716e-01
-3.890105652587450002e-02
3.104093347003933911e-01
1.262116607471612806e-01
6.750585322712081560e-01
1.915452709666847497e-01
-1.596994879631830899e-01
2.894342011723581853e-01
1.722227516119893553e-01
-3.096763719474981413e-01
-2.091490920285326571e-01
-2.019593921376446402e-02
-8.353762899361016903e-04
5.797996049973362931e-01
8.474712164682006443e-02
-1.968220707986137463e-01
5.057570557854907528e-02
2.772698291140687221e-01
-1.731161088569089512e-01
-4.115575867786264719e-01
1.527629723161429420e-01
-1.935650723420636043e-01
6.978908095629574038e-02
2.368812650849395907e-01
-4.969812765449627689e-01
-2.967837207779512321e-01
-3.093829335101616618e-01
-2.813134963067183136e-01
5.867280689736460442e-01
-1.922074026437114447e-01
3.078007393253942570e-02
-1.893954379980442859e-01
3.536395038572158478e-02
3.829576136747659398e-01
7.538245261935815067e-02
-2.010996247230376899e-01
-3.528979572383497687e-01
6.594822506593380762e-01
1.068784847306102348e-01
-1.109015998659918789e-01
-1.128156121966184811e-01
-5.635892727231518046e-03
-1.768308380113103317e-01
-1.288774600467864073e-01
-2.235511783948346820e-01
-7.113027675388494675e-01
-3.510082296649271738e-01
-3.496144023044524540e-01
1.441958540966099822e-01
-4.519892409874888828e-01
1.830499672848012738e-02
-1.734549692039177027e-01
3.204601732908723410e-01
-7.045732210537639095e-02
1.395436781790500014e-01
-1.752202782340001874e-01
1.314882460289837907e-01
4.964049009305944171e-01
-5.807039381044564186e-01
-4.358979293867609739e-01
2.593478251031395843e-01
-1.059749679439838180e-02
-3.975729254700880455e-01
-1.301495438243813543e-02
3.917760219991459625e-01
-4.342884090180981205e-01
4.266108369727142358e-02
3.732307739051208828e-01
4.279302870369238176e-01
1.872855688113135297e-01
1.810298126694214749e-01
7.773033669197944029e-01
1.906456075085466439e-05
-7.822133830420566758e-01
9.101158956399744981e-02
-8.521635812939437615e-02
3.656908146864955578e-01
1.506580824764621462e-01
5.543872489203179876e-01
-3.571273216938506412e-01
-1.134960240888905070e-01
-9.275671584475109199e-02
-2.656839720788184422e-01
1.610345791272890514e-01
5.896707898092419242e-01
2.725509591548252453e-01
-9.798853738829547966e-02
-5.629524217486459037e-01
1.510448994991763494e-01
2.171396067551229769e-01
-6.208589710841299070e-01
-2.857423060932386405e-01
1.194019308734814017e-01
-3.429452599534326129e-01
1.032367886877468832e-01
2.247611464513803170e-01
3.303166835586329730e-01
2.205610560299999523e-01
-5.648217676853484193e-01
-2.062504792472389381e-01
1.282156602507262266e-01
-2.568267191137339478e-01
2.770671323561489929e-01
-2.258858906447407111e-02
-5.270230189308555691e-01
-3.016714336477079317e-01
6.909827478182672955e-02
7.845511332540541782e-02
-6.118951287704010866e-02
1.925978181559569735e-01
-1.918159810281063193e-01
-3.514189245556617602e-01
-5.289684021200786734e-01
-1.965661223135957147e-01
1.617863941970568153e-01
7.245618297980203071e-01
4.331219237161427205e-01
2.983121869344775301e-01
-1.810151925794309946e-01
-2.545312048402678662e-03
3.616834339728118852e-01
2.565842499476988503e-01
-1.869119849058067939e-01
3.148455019088557127e-02
-2.754784978353699287e-01
-1.889517651315137867e-02
3.186345265495901247e-01
2.320318467786277039e-01
1.278243917408165009e-01
-4.162519391203938213e-01
-2.122163286039151220e-01
3.807613411434663808e-01
-8.968184748712862420e-02
-3.533231960912894820e-01
1.233306789931881420e-01
-1.182453235818579085e-01
-2.978658430548891678e-02
4.087285044736588269e-01
1.441356533539802087e-01
-1.244201778302123917e-01
-2.061278391122067233e-01
-1.545136465437922935e-01
2.651683869369239610e-02
2.112729025224361068e-01
-1.954537822280782156e-01
3.491018604305869827e-02
-2.949512348781581639e-01
-1.921044559995808143e-01
3.833573920295386683e-01
5.285934988453558359e-02
-3.815320667483255157e-01
-2.281484977263234792e-01
-2.175671378068860518e-01
-7.517864261381047852e-02
9.659307563023501741e-02
-6.196280074518880632e-01
-1.696224820480680684e-01
-9.750577137680206674e-02
3.067175701222499273e-01
2.859805657503827203e-01
-2.649440474862337913e-01
-2.276628976029011764e-02
2.405187773312201793e-01
-1.198279898965724233e-01
-5.245605500545025279e-01
-1.755159176913332064e-01
4.388225962984364237e-02
-1.726571162800915049e-01
-3.114618678212563441e-01
-3.208175956036741772e-01
9.587326428436884762e-02
-3.178082470713706753e-01
-3.948644616011187658e-02
-7.413885926095170609e-02
4.695673038130240839e-01
3.420381560997323017e-02
7.059453888982082648e-02
-2.598261666773977185e-01
2.177634527092739136e-01
-2.485107644274207050e-01
4.189177706541994950e-01
9.664915722226632977e-02
4.986922662142539986e-03
4.126129203300282211e-01
4.937746950429077186e-01
7.020526326222796820e-01
3.368657426240919545e-02
-3.181912123046003182e-02
3.865724095089986267e-01
1.916064790795353467e-01
-4.065215674841732296e-01
5.469185565446115227e-01
9.280105591487867178e-01
1.985289650815129092e-01
1.673581138733117868e-01
2.521291425994365287e-01
1.879824421148498792e-01
-3.143919104896694683e-01
-3.831767516365614523e-01
-3.759648214081201534e-03
2.967873446678178651e-01
2.808680211518767011e-01
-8.528769767157327875e-02
-5.189275232689100070e-01
1.906867203391343635e-01
-4.084472247444441151e-01
-2.771018241420240558e-01
-2.875245951869080385e-01
4.133850569497809491e-01
-8.307517944802791376e-01
5.261367446033360373e-01
-3.041475692124638863e-01
3.103244440654035485e-01
-1.470255685261752723e-02
-7.996834682681561723e-01
-2.197104609811480203e-02
-1.321559864790657346e-01
-2.908596753502441512e-01
3.642301678214640570e-01
-2.869906774159032281e-01
-3.116477969924967284e-01
6.423902528558241010e-02
5.776648555767640580e-01
1.389848866649427694e-01
-2.032859259780084027e-01
4.683948007556344439e-01
2.344659966980541105e-02
-1.602191636980190848e-01
3.749481165214173933e-02
6.073526440230235801e-01
1.922292160464220828e-03
-6.741018819726828093e-02
5.656890526836537703e-01
5.636557314271274655e-02
