-3.752231692217676828e-01
-1.896757223134939441e-01
2.337531658269915713e-01
3.146063659928631240e-01
-4.480363155785666018e-01
2.491103650238860046e-02
-5.948974544434772194e-02
1.078595313889342405e-01
1.703513585780178086e-01
5.257468546543291738e-02
-1.727206409011566857e-01
-4.380911200956130735e-01
5.007827233051798804e-02
-2.873303882839789436e-02
-2.812314636362964193e-01
-5.746234081017856377e-02
-9.950764429040867554e-02
5.303298179390664169e-01
-3.077582913286854294e-01
6.520396776193086996e-01
-8.077354330370383195e-01
3.210534887854524788e-01
-3.982260475219739915e-01
-5.110943168603070408e-01
-1.908543597200484943e-01
-1.157898978068142015e-02
5.004730025920063330e-01
3.556644977026556242e-01
-4.027137216447441992e-02
-7.013095779953731901e-01
-1.444129922820799328e-01
-4.148003461348524490e-01
3.931419827258710031e-02
-8.177035993821910043e-02
3.003443545376823232e-01
3.304608437600117798e-02
-2.033483235314769155e-01
1.925182598753339136e-01
-6.452253300506572559e-03
7.717707917430910447e-02
-2.446452127838423807e-01
1.267900002208585675e-02
-9.611989275285594270e-02
-1.669697418949945000e-01
-7.033703493585911903e-02
-4.297574383102500950e-02
1.603228705635651175e-01
-2.712186260834111851e-01
-1.058579792959900012e-01
5.012255473291470087e-02
4.298320291469469034e-01
5.568920068024711956e-01
-1.560633406216595243e-01
-2.845059894107224707e-01
2.149743394206758695e-01
-3.982537873701122444e-01
1.239330079271805801e-01
3.160897321988331843e-01
-1.711643371301570238e-02
5.456949647101221323e-01
2.714397302275485813e-01
-2.391833366627786339e-01
5.064652999505298708e-02
4.223808565128803205e-01
-2.707443024785018415e-01
-1.774918510433085017e-01
1.613458949707415324e-01
-8.907148101756897640e-01
-3.977073235475732903e-03
9.058738003431628105e-02
4.872645899428346694e-01
-2.810527256734078883e-01
4.820835065972061684e-01
1.717862923826740662e-02
-1.010148882295292261e-01
3.119154477477316667e-01
-3.160619251960760101e-01
-2.353984163129994589e-01
-3.361097537813139691e-01
-2.259794008935533949e-01
2.295827320425981866e-01
3.452877390562255622e-01
-6.131418068780192243e-01
1.472554651560719352e-01
3.409862895404561223e-01
-1.480500814310696869e-02
-2.185416530880292599e-02
-1.146737479851410585e-01
-3.670502126835867296e-02
1.685165524043289731e-01
-3.672338438741521438e-01
-8.022304229364160544e-02
-9.700150490502625067e-02
-1.069246128187836681e-01
8.918364492191850623e-02
5.446876826235086400e-01
1.196210805764410523e-01
3.065302144618046731e-01
4.139972784967303476e-01
2.081526805930304092e-01
-1.052701852726314058e-01
2.408270193350258992e-01
-1.027678694421824482e-02
-5.051116239439720212e-01
-2.209839526225218509e-01
-3.418508519078238828e-01
-3.917761652001284789e-01
2.383960655922202909e-01
-1.771209215167811046e-01
1.632740401539249375e-01
6.670821328686338259e-02
-2.278161148126628677e-01
-2.404732770261992780e-01
1.626530790085850831e-01
2.965364464977609527e-01
2.163817934387832764e-01
-4.539241655391391683e-01
1.300089800311989008e-01
2.273587415518729393e-01
2.706826798058264427e-01
3.059599155064484516e-02
1.502667844024076736e-02
-3.307322641751428427e-01
1.660578084689084966e-03
2.362822811147990421e-01
3.805375571390848810e-01
-9.645508979068219413e-03
-1.914926376090079485e-01
-1.632715592731067977e-01
-5.734601970326425047e-01
1.707484645330111239e-01
4.033865516286773700e-01
2.910496427614816528e-01
2.806478251470684304e-01
3.757916118071172873e-01
8.240754822420318093e-02
2.804718605712317459e-01
-8.028146456906584683e-02
-2.829052246511961077e-01
-3.467127694548043371e-01
-4.973465999260906489e-02
1.247942187801315828e-01
-6.049459757157831241e-01
-8.157878874566385496e-01
2.763991746268339433e-01
2.891318879012843568e-01
1.105479068457058955e-03
4.393387427638949516e-01
-9.135321332053815066e-03
1.879220507044120358e-01
3.280511732480775877e-01
-4.705748470155732832e-01
3.152884743584180582e-01
2.217661060186819910e-01
9.417270227566804097e-03
-1.335895734826207104e-01
2.506340770966226650e-01
-2.324661437156645138e-01
-7.618394228258287826e-02
4.501776790513317694e-02
-1.242209333792959058e-01
-2.119615875126637863e-02
5.666374897535647603e-02
-1.398637114782944335e-01
-9.939673136610227555e-02
1.642729717200037964e-02
-1.958874607936886281e-01
1.956316841530753026e-01
1.620137413561244522e-01
-5.479152626494541156e-01
1.396296712263582485e-02
-5.581523612877055118e-01
-1.336819918941503649e-01
-2.801522556016216581e-01
-1.041396428292227089e-01
5.414324971488398974e-01
2.591408178351315220e-02
-2.843635596910999430e-01
-7.476716261882709880e-02
2.347280367048723559e-01
-5.521732077302176078e-01
-3.725248816841084110e-01
-1.389436528156986483e-01
-1.839815628623065191e-01
2.154918097097792418e-01
2.165863250850072752e-01
-1.213969933496622799e-01
-7.702199840458888724e-01
-2.861153791470344432e-01
3.826785651768119245e-01
1.085235123928208860e-02
-2.467889801316556220e-01
-9.112668799364800898e-02
-5.034382295104163907e-01
-1.857448672014196667e-01
7.084821884116581092e-01
-2.087016264913996444e-01
-4.100703621823024725e-01
-4.681284043333681644e-01
-1.066636809174189432e-01
-2.378871064389719847e-01
-1.332280930214262138e-01
5.579426826768749681e-01
-7.344052012771744298e-02
-2.507220861788233765e-02
1.751238391842831477e-01
1.099942851713796022e-01
3.104879860165529748e-02
1.088378526164980598e-02
4.468599051805055566e-01
-3.459800126477735605e-02
3.406274005979068736e-02
-1.396056548658792529e-01
1.900024396660883463e-01
7.031945298623045737e-01
2.785762145073111817e-01
7.993557907977426602e-01
1.009940589934798794e-01
7.841021699010272683e-02
-2.396275402653146869e-01
-4.604323186325184891e-03
2.872609996866356541e-01
-1.732141822920034435e-02
1.976953000056370924e-01
5.529523475352748907e-01
2.508577213673225947e-01
3.705346737162202309e-01
4.317066981256914016e-01
-3.172918784345068466e-01
7.163215816739594566e-02
1.453213657680671733e-01
-2.540665872916714751e-01
1.399561668306134599e-01
4.851256766202847182e-01
1.744308268448173382e-01
3.042456609059582262e-01
1.327380410851751180e-01
-1.407437966736350132e-01
5.140025505327099342e-01
3.195328659197049087e-02
-8.697762558666157773e-01
1.778945185659864814e-01
-5.105889378052674843e-02
1.380832581814261939e-01
-1.641594618799410710e-01
1.527328110144406670e-01
-1.112090731344103078e-01
5.890283805768269099e-02
6.551496412637883848e-01
-6.286395688939730442e-02
-5.718667878603594934e-01
-4.678827427504998748e-02
1.816705480140678175e-01
1.122277827748738299e-01
3.926159454557497375e-01
-2.997912544842497029e-01
-1.891866508157249299e-02
-5.557570965286193904e-02
-3.658283511627398177e-01
-4.019935637607534584e-01
8.876793520695482886e-01
-3.559836575615057258e-02
3.178763174121201907e-01
-4.840253063868580896e-01
5.311402891024830097e-02
