3.827242956693421294e-01
1.368277626822443915e-01
6.377912983910494216e-02
1.707549518453549131e-01
-7.314663009355894252e-02
-1.621453993008742933e-01
2.960482545612510563e-01
-1.383479120874098016e-02
7.720558200825055062e-01
-2.127206672115363739e-01
-1.138927659672208520e-01
2.007834204613038187e-01
-5.488204048777965971e-01
-4.799400730193507658e-01
-3.841952008510560179e-01
4.654403328937027906e-01
7.798051271448951105e-02
-2.453730098344491795e-01
6.107362909078936086e-01
1.804633313372832892e-01
-9.267436320238048308e-02
3.500132317211696598e-01
-1.318272312480648911e-01
-4.886674718349341418e-01
1.132891049275597944e-01
2.709796670902123172e-01
2.893656159776523129e-01
-3.310228114192734217e-01
-2.855247958938777475e-01
5.519349350555472489e-01
2.059608447066874626e-01
-1.384123665181234974e-01
2.145607719049976575e-02
-9.588954125071900980e-03
2.557213672210587596e-01
-3.227542235520372005e-01
2.788833993153050708e-02
1.240037905197572815e-01
4.170509372521795655e-01
-1.071794472400048187e-01
4.279912026751496457e-02
-2.971243531558033224e-01
-1.386453269499672292e-01
3.518677252862523752e-01
1.181407191412278124e-01
3.558866486377439131e-02
7.520179596890307072e-02
4.935171115955864218e-01
-4.374737967622363555e-01
2.396013219034349717e-01
-7.272375069821504501e-02
-1.952056221996715732e-02
8.222144281212385997e-02
-8.736516288216282511e-02
4.066022997777059556e-01
1.819912887899162099e-02
-3.522308631363339493e-01
-5.962784002593035648e-02
1.543285641414929577e-01
-7.129996894385908224e-01
-3.084283346745940735e-01
2.728288457457746508e-01
1.098589802663442611e-01
1.996075305704502756e-01
-5.101006248213280081e-01
9.322040067378835337e-02
-1.072178620927543950e-02
7.145939854772373478e-02
7.502511979879585013e-02
2.635063851475597518e-01
-7.700675175629824454e-02
3.164200169363979298e-01
2.342157087869923271e-01
-1.153932537807228487e-01
5.025665218553141411e-01
-5.320209637761105087e-02
-1.640379844239726881e-01
3.604407262256416611e-01
-6.378843092985085894e-01
3.511486247413243555e-01
-2.001565602965484636e-01
-4.692397556303331552e-01
2.025564972292411836e-01
2.076881368236117575e-01
3.558741208197891415e-01
-2.556408243695041521e-02
4.051197415469113272e-01
-4.518253753239938053e-01
-2.312749267841029965e-01
7.814817835755001607e-02
-1.918153052925613278e-01
4.004758296164023235e-01
2.180171930374945333e-01
-2.715359070256908591e-01
-1.659866414306306048e-02
1.521554844183677091e-01
4.514200131975239505e-01
-2.337834383365613999e-01
3.850699057605085907e-01
5.454886498073682199e-01
-6.590496895216324535e-02
-6.343934421818643310e-01
2.771188930817704565e-01
-9.918069708471070889e-02
1.114400769892797266e-01
-8.658984146823710953e-03
4.994476345678961621e-02
3.565565819390876037e-03
5.466118634718267200e-02
-3.531540820482322873e-01
-1.818935076058809941e-02
-2.557933784085874018e-01
7.469951470467554866e-02
-3.620494751551252555e-01
3.992990682273095948e-01
-3.102086049843948978e-01
-2.654481686729232570e-01
-1.965981313119387064e-01
-2.465602913331936263e-01
4.368116571300207501e-02
-6.417393338545497317e-01
3.953166751217998542e-02
-2.558482669058068093e-01
-4.306909457805120356e-01
1.737235602065823892e-01
7.611704009980642394e-02
-2.038850485654080114e-01
-5.057584386941365445e-02
-2.530263981913146720e-01
-8.556785658091574376e-02
2.939885624045420198e-01
-4.196310116110699151e-01
3.905207983123184373e-02
5.098469875561962850e-01
-1.437603608284212520e-01
-2.984252389164429031e-01
-1.227809396660343999e-01
3.713535481177298453e-02
2.952530821180541776e-01
-2.256116445746323418e-01
-1.183185588517886855e-01
-2.640272499005921203e-01
2.032268159904329352e-01
-2.056061543331189900e-01
3.444059065030548317e-02
-1.320795350461746454e-01
-8.535827049020698609e-02
-1.501108236088269654e-01
1.297921843878620252e-01
-1.745971303305724753e-01
-3.103161036341116064e-01
-4.759546280185419365e-01
3.137452451820802336e-03
4.536953294702985445e-02
2.419958099838228072e-01
-5.316308983221776918e-01
-6.313267199384975555e-03
-1.547467282015880519e-01
1.747157434791650477e-01
-1.286117851337874596e-01
1.177942014269077742e-01
2.412338829931496564e-01
4.943210042153606265e-01
3.240157779697306895e-01
2.685199441760608985e-01
3.852683085092455106e-02
-3.406485542512600051e-01
-1.700391731976258480e-01
-2.850621698290263795e-01
-2.434551738001904386e-01
2.345734361513657773e-01
-1.657852864727939468e-01
-2.336454850801775347e-03
1.115520468347213634e-01
-4.020896523323665150e-02
-5.191171887973206750e-03
-5.582000064987806959e-02
3.622005136618323129e-01
2.820610730942966216e-01
4.102505727493617194e-01
-1.349450314872722156e-01
2.594226172994673618e-02
-1.925010139925985853e-01
-1.386537462377898655e-01
-3.094555930695501722e-01
2.565456723222261926e-01
-3.491821083309902818e-01
4.624075010717492579e-02
-9.955953005723106042e-02
-5.320949607430656286e-02
-2.133172637294085960e-01
1.582399606536706582e-02
-1.255688854086595418e-01
-5.907430201593427688e-01
-7.735976214663532746e-02
-6.521175652451695059e-01
1.007270019902401642e-01
4.382386104108238478e-01
1.553686821166166410e-01
1.876657556810261973e-01
-3.424257825618403500e-02
3.738610223721022252e-01
-2.410075926792721590e-01
-1.949329112067390846e-01
3.614891596746812596e-01
2.010558543443717247e-02
-5.680800013260125375e-02
1.498741385879885646e-01
2.169731463760767309e-01
-4.940901377443887021e-01
-4.020068361184239714e-01
9.597333100304628051e-02
1.298511901577181077e-02
5.365873066876943737e-02
-2.617365059537737348e-01
4.630416736536924378e-03
2.499600185375062122e-01
5.675279754772777352e-01
-3.618351793236355696e-01
5.961209679424051174e-03
-4.794375749096030370e-01
-1.663176087742325449e-01
-3.369909132140058716e-01
4.937491899491402297e-02
3.089842726030290199e-01
3.784865580332336110e-02
4.867987170512788619e-01
-7.966535953871264897e-02
4.188722056030071833e-02
1.923049890647242355e-01
-2.119581829715385390e-01
2.818617540863822823e-02
-1.701555274425188002e-01
2.747309878737068667e-01
5.126062986843694935e-02
-2.624104401390891378e-02
-3.116035878711271856e-01
9.026970499368787426e-02
-9.563215116760846735e-02
1.835103517446985411e-01
-2.215712043518808239e-01
-1.591512824302556972e-01
-1.119022536163616077e-01
3.749417577003715668e-02
-5.338716361926398868e-02
-1.682369238504798359e-01
-2.376021864483303728e-02
-2.611281035936745543e-01
-3.270305307521983312e-02
2.505085189585791287e-03
-4.352791505186603266e-02
3.376307217440621122e-01
2.470057664734054692e-01
1.078375219870307544e-01
3.894501725589555319e-02
-3.798220209944552228e-01
-3.810088360390148088e-01
1.987063738952912495e-01
2.385050687516413470e-01
1.459162575462273903e-01
-1.330560345589940074e-01
4.947135873079901991e-01
1.214261095193366058e-01
1.204642281933357428e-01
-4.681690821420505903e-03
