2.574905078881193354e-01
4.176015622694122936e-02
4.723209473699874206e-01
-2.060148590503500798e-01
3.555557105821573471e-01
2.950953025145191533e-01
-4.472602276205054489e-02
-2.693097835238398297e-01
6.333402295291891138e-01
6.801802257852030964e-01
1.404326097597559941e-01
-4.861011713009298352e-01
-7.086114332939608129e-02
-5.585506277997857039e-01
3.193039868940515946e-01
2.932853688758389477e-01
-1.368711957890023437e-02
3.975704198484241725e-01
-5.206887629252608674e-02
-1.810096887217554629e-01
7.937154053926753772e-01
-5.263433183251806646e-01
-1.962632460639333887e-01
4.775793971412381489e-03
4.395854717662848743e-01
-4.001775043359214745e-01
-1.416005378115743618e-01
-5.534954096011855951e-01
-5.551078866545273716e-01
-1.642505618992110700e-02
-2.239508744768072823e-01
-1.836338029253164195e-01
-3.118681575427116881e-01
4.187418564145132804e-01
4.893609780348769922e-01
-3.185206046336778174e-01
3.676115158765305146e-01
9.162264277027544479e-02
6.189920669987461488e-02
1.544841753535834694e-02
3.499926131714428679e-01
-2.266567414977648798e-01
-2.988351117604886031e-01
1.984097645792688713e-01
8.655172536139640882e-02
1.707323295349311154e-03
1.404766277053810797e-01
2.014086928239653962e-01
-2.883384013334949758e-01
3.216337262361092519e-01
1.394316062175670889e-01
-2.230708158308606637e-01
1.548155452899784013e-02
-5.556847273659099029e-01
3.940427209774665651e-01
1.313679972370286331e-01
-2.919327692279580222e-01
-4.605379465823584151e-01
-1.408237146462897327e-01
-1.414797748902501262e-01
-1.240370836016158329e-01
1.565339477470951701e-01
-1.325861708415195794e-01
-2.636467054026215839e-01
-1.088300968689000364e-01
-6.042828175150540826e-01
-1.549883241343444629e-01
2.041837588894515054e-01
-2.658302585312231070e-01
1.910389104878188193e-01
2.082677097828141213e-02
7.887871371889007555e-02
4.752766047852113873e-02
2.230052284961120679e-01
4.034872668591040212e-01
-1.572564199418435282e-01
4.773441354600903019e-01
3.933626059786265311e-02
-1.421545582259176876e-01
-4.794744328984416049e-01
-5.434636310565318928e-02
-2.888493079698843946e-01
-2.461610498582178230e-01
1.301301137043125722e-01
1.076436609895443514e-01
2.690903072076152036e-03
2.573814705328916763e-01
4.685535271213728259e-01
-1.221790632387045605e-01
9.409910077954575236e-02
-7.209502219446700666e-02
-2.713022593810924810e-01
6.319570755652861860e-02
2.422044119563595277e-01
2.418928894853142331e-01
3.546062039677341793e-01
-1.484993162384622978e-01
6.873050346028256041e-02
-1.171194493196322517e-01
2.462826093054552024e-01
-1.117284873435188952e-01
-3.060526781318496647e-01
-1.325548361395683661e-01
-1.519333273721207300e-01
-3.513728382038441844e-02
5.210342688876530570e-02
-4.472862314778411341e-01
1.176307790564147943e-01
-8.934675421890717062e-02
5.077286783730690090e-01
-7.539684807147850609e-02
-2.586837172176740807e-01
-6.169341535557406608e-01
-1.228735081268920171e-01
-2.463855835494244834e-02
-8.100531561384378965e-02
2.235063846259337239e-01
-3.899698302726180982e-02
-5.069442966925334915e-01
7.458102251621051559e-02
-1.235313076797372872e-01
8.657677070134295327e-02
3.056390558037849758e-01
-1.577987005490346650e-01
7.723303827151297707e-01
2.685552665563366026e-01
5.413727001044659204e-01
4.693315936514605435e-01
-6.809778239089574470e-01
1.430658801558898907e-01
-6.310450489633523397e-01
9.728440889524686552e-01
-3.962460429257642636e-01
-2.375338627940574709e-01
1.679439437275261904e-01
-7.934995829396306322e-01
-2.185081537966272469e-01
1.309003590515946391e-01
3.254876497469390562e-01
-1.431406515125535073e-01
4.322588439369735025e-01
8.608563771936648124e-01
-1.505372953645641443e-01
-2.029120126230143095e-01
5.481667736004802727e-02
-5.660811657829737387e-01
1.845409725977074922e-02
-2.697310667964804010e-01
4.205718846710336245e-01
3.795003941740722753e-01
-3.483175638099136884e-02
6.802626384011817295e-02
1.222712843952979966e-01
-1.796227362736415034e-01
-1.685229851160899572e-01
7.060527468239862214e-01
-2.547502269094751859e-01
-4.273633138314306135e-01
-1.667138823612278609e-01
2.663542231696200968e-01
6.597745663930501547e-02
-2.616693937054964669e-01
-1.570271608902554794e-01
1.190203141623503713e-01
-3.119161343457924618e-01
-1.437334546973920157e-02
-9.632515674835947506e-01
-1.670144899808805039e-02
3.657566893882985837e-01
3.325388730371310331e-01
-3.629175296565345099e-01
-3.462861498531678850e-02
-4.625288412493806511e-01
1.045147493096428848e-01
-6.629582594822616692e-02
5.541974365991915452e-02
-5.405957541210074657e-01
5.521138626989669645e-02
3.113951266194802669e-01
-1.513214168892844658e-01
-3.023695573048846841e-01
-2.577043740846863829e-01
-6.521309331413518984e-02
1.029798465944024161e-01
3.213547556439498298e-01
4.284195871939522511e-03
3.353177752833303993e-01
-5.024342234107735672e-02
-2.987134532935059594e-01
-2.128614893292246069e-01
4.371913957214700330e-01
-2.665118276537715158e-01
2.210369950711582876e-01
1.331971078332005315e-02
-8.593521637032710547e-01
-2.778895951554216648e-01
-9.362531885001676435e-02
2.350928044399473171e-01
1.489611539747171809e-01
-7.414447854247929737e-02
-8.865388512517430319e-02
1.115284332722708271e-01
4.684817588908747332e-01
5.402188949031431209e-01
1.847856127172164686e-01
-2.498012448452767431e-02
-2.846611404354116304e-01
-1.503698164941301429e-03
-4.159110329893298541e-01
3.262827824526001175e-01
1.375512695210339698e-01
2.137638832142818857e-01
-1.308124864016928235e-01
2.554373468727554330e-01
1.056825815407088781e-01
-2.683392480055267204e-01
6.863377829786490025e-01
1.808872712325175491e-01
-2.044126242542735339e-01
5.490804810480766351e-02
5.884788833700936861e-01
5.102548702913136669e-01
-7.635286307812823303e-02
5.702713804594008451e-01
3.696846220830454777e-01
3.874958220152366906e-01
3.248999766709723125e-01
1.841553305686875475e-01
-2.451094878083683315e-01
-6.157722018982438039e-03
-2.101644449870834208e-01
1.176680368084816186e-01
-4.447123992947511761e-02
-1.794096243307759797e-01
-1.857817954810329075e-01
-1.041511791415418026e-01
-2.765617327182550711e-01
-1.503621360889459135e-01
2.314855712836358381e-01
-1.890996168668065414e-01
4.221538533674085852e-02
1.529307885606785988e-01
3.214781064962250468e-01
-2.576561810401892250e-01
4.164770489034643197e-01
-9.851794287767330627e-02
2.464054482798849199e-01
9.288302422262505187e-02
1.254714382690970409e-01
-1.415867433836339728e-01
1.422351986093655374e-01
1.325922613073043238e-02
-8.323641364400706510e-02
7.925929368543466191e-01
-2.595672518800195561e-01
-5.763642393213415371e-02
2.055126493017622180e-01
1.047516601272526215e-01
7.083694036246442893e-01
-7.300126396409359342e-02
-3.425969322656143845e-01
-1.544512799380579615e-01
7.157810964285233890e-01
5.305736084581794687e-01
1.125912558028238086e-01
