-2.034108080122753182e-01
3.379062726523341526e-02
-1.973234266323951186e-02
-4.748483875589555314e-01
-2.529194527360261735e-01
-4.772527256223005887e-01
-1.077294918767637139e-01
5.658628122738815769e-01
3.561108352661933596e-01
2.927646880266808194e-01
-5.019272595087984623e-01
1.038376710489890831e-01
9.828069479614548465e-02
3.200913468716243271e-01
-3.967618922680772875e-01
3.423873667990697256e-01
4.900742358224043915e-01
1.003909687946816787e-01
-4.591940203662746578e-01
2.299619256272300849e-01
-3.992841468425423201e-01
-2.512515861448689214e-01
1.220467311597590587e-01
2.896612876517121737e-01
4.458364128996764597e-01
-4.685456519052581537e-01
-2.650233605179710961e-01
-3.666941371067866107e-01
2.776999415486000600e-01
-1.856462915954778803e-01
7.589140418976879354e-02
-4.352441667686076099e-01
-6.094164333416444146e-01
4.831938276727041348e-01
-9.388689678946680883e-02
6.162414767530303809e-03
3.223284148908927421e-02
-9.812084506791726723e-02
5.494177379975679898e-01
-4.518692658508249305e-01
-4.278431579817275066e-01
3.623161355771771786e-01
2.510631063159438625e-01
-6.512497226815191498e-01
-2.130025144154786276e-01
1.978868521044037376e-01
-3.633828751363347154e-01
3.616786104333206131e-01
-1.785594388588929715e-01
5.019994886826212310e-02
-5.014187137623802304e-01
6.703125818279994652e-01
-1.859379561188073127e-01
-3.984159755632198374e-01
3.250494563454789376e-01
-6.296944390540089309e-02
-4.021202918848217345e-01
1.475811934670723941e-02
5.561465277799106099e-02
1.231934863112331274e-01
3.472825765477408622e-01
6.613468671508127006e-01
-3.391808709976578129e-01
3.732645887496867099e-01
1.002718761641323703e-01
1.110809781937803498e-01
3.681020377970353752e-01
4.132955724314300583e-01
-2.264108427556717762e-01
1.790532460411741189e-01
5.974535196459448416e-01
1.445761771905084703e-01
-3.724666530902063372e-03
4.700801574396680782e-01
-8.547329181420056099e-02
-1.119218075757716369e-01
7.539658983025393502e-02
-1.298244200457061570e-01
-2.411457026664163283e-01
2.743476165986060145e-01
7.003003716932483524e-02
1.375894256346912037e-01
2.025801472962142080e-01
2.894197236552967234e-01
8.792507838209150106e-02
1.592468922329592917e-01
-1.470020163708934957e-01
-2.157729101128356142e-01
1.888039250591818929e-01
-5.555741793050998911e-01
2.406960080569066351e-02
2.973613910427538309e-01
3.690357549491353473e-02
-6.143432808047074450e-02
1.423383246197453683e-02
1.584340003657765950e-01
1.725616121331935704e-01
4.480412580532084910e-01
8.508553776586225137e-02
-2.665357562811848102e-01
1.340388140425423542e-02
3.000043134977862028e-02
4.345668861270279848e-01
1.812386725829795153e-01
5.843722560810273026e-02
1.710634443333948207e-01
2.785583843101039139e-02
-5.312560159667370496e-02
6.167598513789367409e-01
-2.050980485102753825e-01
-3.077263340535418279e-01
3.100237032859642916e-01
-1.701214678594637486e-01
-1.217002980274506513e-01
8.292547518746591628e-02
-5.283461191780690624e-01
1.513157018103809259e-01
2.822954937448127199e-01
-1.987922271230560534e-01
8.814219260521814758e-02
5.417142458555833651e-01
1.091943042976434852e-01
2.145137708713601987e-01
-4.110231516776946536e-01
-1.363653641851758080e-01
-6.288305342151270100e-03
-1.396334713110991554e-01
-1.024140725038109531e-02
4.854727784540404101e-01
-2.316734063661849141e-01
-1.682880433480216931e-01
-5.435039724312978882e-01
-6.654520006757157491e-01
1.435817070932857500e-02
3.690694345630972095e-01
2.332910200203917594e-01
6.497457099438951056e-02
-3.705095350802242726e-01
-3.025053218401612537e-03
-4.084062800852285013e-01
-7.520634226646915055e-01
-3.348872798959445785e-01
6.283335107114802476e-01
5.245300676949768426e-02
8.924670907262784170e-02
-4.888969340165096877e-01
-3.806735708197506174e-01
-1.172354199776114436e-01
-4.582853963522531271e-01
-2.021504825633683444e-01
-3.304448155190632952e-01
-2.460631836959557839e-02
-8.886703610593904568e-02
2.235603000838019827e-01
-2.020539025387865506e-01
2.648462591835846203e-01
2.415626781761855135e-01
-4.304979959836412462e-01
5.677388448316383895e-01
-1.232386977358083113e-01
-2.161500620154678254e-01
-1.026918124536754379e-01
3.375229565495663775e-01
-3.539206919537843388e-01
1.838975167381510234e-01
-8.047218875687077444e-02
-8.578646616059887320e-02
2.868216938151796902e-01
2.650518924199387824e-02
-7.655936824625647619e-02
1.189772443447479622e-01
-2.341131552814999794e-02
2.066064142219614375e-01
7.581040515259258872e-02
2.307194863442163790e-01
1.730079189849002552e-01
1.354197023301482172e-01
2.435965565727702398e-01
2.763824009827582917e-01
8.970847968047107601e-02
2.786080448982647950e-01
3.160403540461027838e-02
-2.252882981369226933e-01
-4.150879024564905762e-01
1.610838828114426538e-02
9.578293647396333987e-02
1.221441503650821381e-01
4.491124816667534797e-02
-2.219135506735426533e-01
-7.796277415170366210e-02
4.583471160997179550e-01
-5.776529523278335632e-02
1.819325347571090767e-01
-1.914351284998197233e-01
5.890149163267934668e-02
-3.632445051171803024e-02
6.553216229787668656e-02
2.335548282869165937e-01
2.522623103212923157e-01
-2.081984983345821355e-02
-2.497398584189695347e-01
-2.076546575026633548e-02
-2.582152451293481116e-02
-2.397122912583671550e-01
1.794777620153358705e-02
-3.129373059644009469e-01
-9.179704484027775835e-02
1.008569862031360453e-01
-1.180725945525935849e-01
-5.784547140961052852e-02
-3.500153416148429342e-01
-1.880120254859646567e-01
-2.471169383543848630e-01
8.020008560663502428e-02
5.433559613656208098e-01
-4.595321451876788754e-01
-9.861899353610791008e-02
-1.824651474830226230e-02
3.023765396475090392e-02
-3.805040188255411904e-01
1.562086879950176088e-01
7.136147771628079672e-01
-5.002412468601088458e-01
8.498879724809872693e-03
-4.874359567772661161e-02
-3.601298332076710573e-01
3.471529460163569336e-01
-1.339446359054955737e-01
5.486217538407184291e-01
-1.300716017827581172e-01
3.380530723550270733e-01
3.030931347620283711e-01
2.004808891771895363e-01
8.306652095942137493e-01
3.069262741599743105e-01
4.260556058983096250e-02
2.472746771017930723e-01
1.524860659704823096e-01
2.039785603469415343e-01
3.243670161207308222e-01
-2.317855827085688603e-01
2.142069015327079384e-01
5.242173869066018010e-01
9.598014102680745008e-02
-2.850489120814614918e-01
-1.801616113671460073e-01
-4.297848360857197680e-01
6.486617451172334015e-01
1.154775077825713203e-01
1.991848227888708411e-01
9.765618982284067495e-02
-5.660875188189520291e-01
5.062336482856391040e-01
3.471894539687108705e-01
3.090909711299108520e-01
-3.099203883489529132e-01
-1.275747687451100343e-01
-1.129355566189105126e-01
-1.421796181644480739e-01
6.260590637876681935e-03
-1.499942916965344986e-01
-1.284960700372911879e-01
2.004224629712006434e-01
-4.046708188217916780e-01
1.521118312449642740e-01
