5.029744837689070075e-02
6.861133708671538489e-01
-1.603164058472678344e-01
8.468897112098852653e-02
1.808259841633897552e-02
-6.822217283747744609e-01
5.543124259793709152e-01
3.704491170676122574e-02
-1.344642862636061253e-01
1.071353624776907459e-01
4.462457537715969758e-01
-6.227923709998853807e-01
4.355085705401425672e-02
1.641339526139379834e-01
-2.682847852696578217e-01
-7.239657556588631471e-02
9.142880603907556358e-02
2.014991432395326076e-01
-1.356481363147129249e-01
8.677614951270914978e-02
3.376829214109893784e-01
2.089537681608951147e-01
-2.530745697616906473e-02
-5.484356198194746401e-01
-2.559775863337327984e-01
-6.709076727561918974e-01
2.040836244523347998e-01
8.039725424281614352e-02
3.346935974660718016e-01
-4.643841927686337412e-01
-2.694543578163532405e-01
6.152865761180491555e-01
-3.486323528323551080e-01
1.433636219654905175e-01
6.037105839995168116e-02
-3.301124595999565536e-01
2.290053096970022864e-02
5.079127150629654530e-02
-2.780540020308535643e-01
1.943340417911532114e-01
-1.987614120240129290e-01
-9.323102778396478996e-02
-4.130951779621733766e-01
-8.841167016205146723e-02
1.538379888556213326e-01
3.673612764536861586e-01
-3.061603320305711917e-01
-2.401197031424599782e-01
7.553968485435144653e-02
-5.735907365875526631e-01
-2.883839480337382563e-02
-1.898741001221598279e-01
-1.783425771433087281e-01
-8.183070673823628072e-02
-3.050580013283272218e-01
-1.020085138820834292e-01
2.137942718229286776e-01
-4.915171645559304747e-01
-2.262215805204112751e-01
-1.840057813074768081e-02
-1.608415453659243211e-01
-1.847365880535681570e-01
-2.289103396087388276e-01
2.643107545817657833e-01
9.492905850590446781e-02
8.534402203858530989e-01
-6.452224788208452133e-02
-5.301969872414834528e-01
-3.676908603925926333e-01
1.026740618681537022e-02
-2.057000161827736151e-01
1.418284775074758475e-01
-2.067860108239119032e-01
5.005975376162032919e-01
-2.749681431583294103e-02
4.677040161750281033e-01
1.943885799370383138e-01
2.673508533828795608e-01
2.471016388289647425e-01
7.509184543432180503e-02
-1.850363440810519622e-01
-4.390942944006978599e-03
2.057352061278720223e-01
1.366171248115281012e-01
-5.662422112404440488e-01
6.837170524614456790e-02
-1.840517392047057721e-01
2.456071048099729426e-01
2.320505916056009657e-02
9.073256776849107641e-03
-7.100491835539138319e-02
2.975777861358210874e-01
3.102904136029263626e-01
6.793872151790845970e-02
5.061529084959232733e-02
-3.874923185098819167e-01
2.016143652071727410e-01
3.555120096213335024e-01
-4.845953163872654401e-01
-1.145879333513773329e-01
-1.102945161365276872e-01
1.766657012443954497e-02
3.503552548277265033e-01
1.349430038915062635e-01
4.929285225581963442e-02
2.243135661492801081e-01
-8.791314014383698819e-03
-3.413134615769427005e-01
6.460884558930847423e-04
7.687395949470023082e-02
-7.022437057137924377e-02
4.918470773119487105e-01
-1.765967334413011680e-01
1.407562007088257287e-02
-3.705859277701727406e-01
-3.746646664658488390e-01
3.193538582466910469e-01
-4.912470963186603146e-01
2.904569586737470455e-01
-5.310265008598577530e-02
4.948167417671753832e-01
8.200759874138964511e-02
1.515987711207054667e-01
-8.607257323182806452e-01
-1.837827418304480431e-01
-1.059579874967656599e-01
-1.648479527987870841e-01
1.798539391206148419e-01
1.588354128282226663e-01
-3.594743826390607855e-01
4.047380482104804833e-01
-1.837599840300258858e-01
-2.504165930956501751e-01
-2.371349034231687858e-01
-2.034144900973564041e-01
-3.204524996697309946e-01
-1.593831059604868539e-01
2.396966495547024345e-01
5.082232112012150527e-01
-4.368131459957239060e-01
1.536892594179219973e-01
1.496570653277276008e-01
4.319883715565157600e-01
1.560510148517304796e-01
-3.982185530793403982e-01
5.406416730313748920e-01
1.362385242856223588e-01
-3.622451117410302457e-02
-2.581776674802748750e-01
-1.355948477549742959e-01
3.590450313878379984e-01
7.838398796344160369e-01
-8.816251762369578526e-02
-2.663914700466726848e-01
9.803460643601553948e-03
6.917954819113271425e-02
1.832839371606889700e-01
5.156056505531027290e-02
-2.174777657756803151e-01
-6.458416019676987974e-02
1.288638478444285307e-01
-5.181667210267357770e-01
-5.427980531617607740e-01
3.593290659909119666e-01
8.202854656736285888e-01
-7.950194997697007659e-02
5.435317015867038304e-01
-3.303038074282988457e-01
9.816453658913727731e-02
-2.661043086504456534e-01
-2.667813147908876595e-02
-1.897548487717233001e-01
5.002923269781929250e-01
2.064954431223880657e-02
-1.632080306070157472e-01
2.262960229425881598e-01
-4.206478387767966232e-01
-1.586413325645666672e-01
-1.824126681252292437e-01
3.417367883632999592e-01
-4.540195666119739570e-01
-7.623333871909883375e-02
3.346181570945900297e-01
2.121028691295200885e-01
5.495695373836019249e-01
-6.540508298388696129e-02
-2.630736048546577499e-01
-1.140067311122749671e-01
4.028820590099473908e-01
3.237296096717791616e-01
9.981489656444408887e-02
6.902736208598811429e-02
-6.542223243650768794e-02
-5.733570683657694955e-01
-1.909959411639673144e-01
-3.716290335112666376e-01
9.362422844972612124e-02
-3.851396548789375318e-01
1.234994934423173929e-01
-3.114696690572419935e-01
2.260357941564845874e-01
-1.253214376580673028e-01
-1.068173727018146280e-01
6.318642377256386000e-01
-8.944013864331293306e-02
2.651267990482981118e-01
3.582423001317475708e-01
-3.331329930929738947e-01
3.680401007386278622e-01
2.767760684609615329e-01
2.197789218966597624e-01
-2.694638873103482601e-01
1.347984978304131616e-02
5.826094179346302804e-01
-3.749578774518582125e-01
4.157680847137773528e-02
2.532233133496525346e-01
3.939417782483662367e-01
-1.247559408745946632e-02
-6.545253708175306773e-02
-8.505572979195174035e-03
3.966151795226843801e-01
-4.509526021767199522e-01
1.666550447718203321e-01
-3.703963442429956676e-01
4.370234575142372124e-01
3.122516501574108621e-04
-2.881907975511321385e-01
-2.866152926703331438e-01
-1.154711454245789005e-02
-7.266795886953546224e-02
-4.214045481704564722e-02
-1.862482334291108155e-01
3.406966478054638259e-01
3.407748370496616608e-01
5.159409475765581732e-01
-2.352460512547854127e-02
-6.905569868039944381e-02
4.632656551739013362e-01
2.890496202285131565e-03
-2.919964950547216387e-01
-4.956872720469006066e-01
-3.660119512721412560e-01
6.044813621567474149e-02
5.881452196099538204e-02
-4.240297304388611632e-01
-2.580205782930162228e-01
-3.923765564938914707e-01
2.173724151675075766e-01
6.473635501474472344e-03
-3.404875829646672458e-01
2.526006407431645798e-02
-1.068629020007665770e-02
8.418328358859935787e-03
2.510753723459583919e-01
7.513718945832605911e-01
-2.786213477944148309e-01
-3.956490867749284379e-01
-2.095784053744714492e-01
5.784126537778756516e-01
3.980565483757674827e-01
2.136802488825238211e-01
-5.587186309673446427e-01
-4.798828223326992437e-01
1.236440667835221746e-01
