5.402209445317753822e-01
-3.177395491244929260e-01
2.950434613417536323e-01
-2.564473282192310521e-01
1.026116526751943842e-01
1.668414723869681149e-01
-2.640537452510927086e-01
-2.212411832606698547e-01
-1.644776885503346220e-01
2.749999386003500468e-01
-1.310947573315189851e-01
-1.734219679804569481e-01
-2.901313643063745812e-02
2.743368491758915728e-01
-1.915449324804476272e-01
-3.182141784643108817e-01
1.031391661268014903e-01
1.954810539222974763e-01
1.289294631215935072e-01
-2.433982634738120210e-01
2.718336171766586595e-01
1.630371069865275691e-01
1.123131470252149017e-01
-2.164672473985008450e-01
2.100425892087813828e-01
-2.619414643479374138e-01
-2.401569609255753135e-01
-2.776226582676173393e-01
-1.576613150216618076e-01
6.523455582840129163e-02
-1.533016120474291477e-01
6.997114090181646984e-02
1.584256134827001505e-01
-1.319390479928178594e-01
2.824987484633103424e-02
1.305994771102549079e-01
1.540509477295877172e-01
3.524163123754189483e-03
-6.762590687998634720e-02
4.711751971538681860e-01
-7.640804432574950511e-02
4.384309811502071566e-03
-2.054519153075486104e-01
-5.279766519435309391e-01
-2.082970626119778623e-01
-5.051838444860611010e-02
5.070056195539149879e-01
-6.892878869261848118e-01
3.256990310737633010e-01
-5.198771976830875996e-01
6.200716686503612157e-02
-2.003494507187649279e-02
6.044785851114335695e-02
-4.578822863866595094e-01
-5.941001731306629896e-01
3.344624731526345957e-02
1.037572048482740539e-02
-5.294296836541827200e-02
-4.585334467262052599e-02
2.692036617185108449e-01
-3.023409157905651012e-01
-4.501442125473766875e-01
1.419821467199176290e-01
-2.608326286263126792e-01
-2.166567687569352640e-01
7.443135388708098377e-02
-1.230422431268282518e-01
-3.401501746228912521e-02
2.483418262552145039e-01
9.611738063176337998e-02
7.908034011277151332e-02
-1.193863114586605073e-01
1.764905337005840957e-01
1.777428105953357818e-01
2.927045665645595096e-01
-3.518456232009603557e-01
2.763399929268259281e-01
1.599388972796535885e-02
-1.242776881033241798e-01
-1.292549699205999547e-01
1.408260665840852140e-02
3.916717092380933574e-01
-3.516118859569860033e-01
5.869096760737387702e-02
2.441168674003797168e-01
6.496956199463260750e-02
2.057894068249853381e-01
2.170017950629087311e-01
-1.447751605723712927e-02
-2.195840739464370583e-02
1.575825172540512020e-01
-2.573607624710553821e-01
3.623077325995461284e-01
3.158672968125972313e-01
3.446716099166875769e-02
-1.307275527169674545e-01
-2.690331437046640239e-01
2.811855244873422421e-01
-4.600948581407300897e-01
-1.656816199002689172e-01
1.652053231123438437e-01
2.968313562619989687e-02
-5.730285520094910989e-01
4.020897264485303046e-01
-2.805511257116561352e-01
1.629708066153765789e-01
-1.904157118304047047e-01
-4.159327725362066963e-01
-7.094640966584241371e-01
9.138210569559175600e-02
-4.033741574326609736e-01
-8.805140955582610451e-02
3.180690532419040012e-02
-1.957416507502886538e-01
-2.543035424463757077e-01
-1.707433101865956163e-02
-1.304266135264966764e-01
7.832239224194272043e-02
-4.672442439669193676e-02
-2.143108566414745342e-01
9.485820906652673301e-01
-1.240602292704511000e-01
-5.625842319675660175e-01
3.613193254082442962e-01
2.011002157062521667e-01
-3.970159512782240330e-01
6.505857365970342532e-02
-3.701266563121553832e-02
-1.824357018862865221e-01
6.434089775555932311e-01
-2.255242291682861278e-01
2.703205544660376991e-01
3.207216203917844788e-01
4.352389708486822939e-01
1.085089097827065807e-01
-2.641226366773080092e-01
6.316245275056971142e-02
2.457651446632828918e-02
3.603961791315211660e-01
-5.890636980740968642e-01
-3.717471403646596673e-01
-2.077250264512796318e-01
1.298217986027093152e-01
2.458245323052992148e-01
1.903224798148206998e-01
-3.005660234296567146e-01
-6.307464650797113270e-01
6.841767059712398902e-02
-2.802903594192604486e-01
4.605355721151191961e-01
6.104690461111507149e-01
-3.532999795097563900e-01
-1.273563919159545199e-01
3.393523755957641996e-01
-5.305942067670469525e-02
6.925350869810033283e-02
-1.445692779374745662e-01
-1.247680261753853354e-01
3.619300086900732460e-01
-1.040934866929732888e-01
1.541532636295052938e-01
-1.705673468868243725e-01
1.150028804380173048e-01
3.313119882571564645e-01
-2.228783761851729217e-01
2.434759572561198682e-01
6.159517716533943199e-01
1.705160489668109680e-01
-1.804632480858358104e-02
3.334595735897052937e-01
5.423522953782053957e-01
-1.130313290402618631e-01
4.887599109616341114e-02
4.337596047930208920e-01
-2.528275609309365776e-02
-5.611227529268323355e-01
-4.395813258517985295e-02
-1.836968418919701918e-01
1.378662790039296426e-01
-3.143724835027215669e-01
-4.823546366482627246e-01
6.064173922198852484e-02
-2.086108455723575950e-01
-1.266705731779290967e-01
1.013208732589941513e-01
-5.650871459546409625e-02
-5.534977407833299168e-01
-5.707670731846288537e-02
-2.657722122577190760e-01
8.911720449293518420e-02
4.105734802580582321e-01
1.290528047081345164e-01
7.112099959736023491e-02
1.027391721384573187e-01
2.652227420053334672e-01
8.797514301813688098e-01
9.372471653628253185e-02
9.184643235523708149e-02
-3.080563855598463796e-01
2.476312079958504497e-01
-2.198711316049256626e-01
8.811410763273883062e-02
-1.837056666483064260e-01
1.613589745967515532e-02
-2.038535370457668361e-02
-3.807834198879213594e-01
-1.720624047432155884e-02
3.179388933843338982e-01
3.525640378017062121e-02
9.371020483058091488e-02
-1.484326210372244326e-01
4.956491334554873895e-01
-2.999159181462772786e-02
1.284347591583744896e-01
1.962982689334779873e-01
-3.261824904858486307e-01
-1.876547523354819835e-01
-2.767098258914524669e-02
-1.700461322342832760e-01
-3.910723423560112932e-01
-6.914954098343027711e-02
1.421542223103999282e-02
-9.446688435433275854e-02
-2.345642475667298887e-01
-4.908218310854307355e-03
5.095949498345375694e-01
-1.277458656525665703e-01
1.059250669976984777e-01
1.422211524173064290e-01
-8.101236471237387438e-01
-1.924877210189092913e-01
2.881956656634421243e-01
-3.923286831259528151e-01
-1.299198739496127963e-01
4.174340690387234321e-01
-9.152079568596700743e-02
1.088404475831511314e-01
2.956749058209130476e-01
3.274905557577122983e-01
-4.673565524424539430e-01
3.535201686945317889e-01
-5.575393404839020794e-01
-8.582272841425585622e-03
1.220876701068916992e-01
6.694596063449000101e-02
-2.461131105220460413e-01
-4.233163497623230187e-01
2.673331220843039660e-02
-7.291485797913247469e-01
4.345512703389580594e-02
-3.178507300434508381e-02
-3.060049845193152929e-01
-4.036779214994803966e-01
6.126084086332560519e-01
-4.968698793829330884e-01
-4.378438122111928954e-01
-3.908311444915224531e-01
-4.141760635470472240e-01
1.417215959186380048e-01
-1.579652238103606554e-01
1.681262494503258931e-01
-3.151894068042136454e-01
4.561186319468118477e-01
2.250468356882992277e-04
-8.344551302903742418e-02
