-6.934858209359998082e-02
-9.563669612261632702e-02
3.604038009931872510e-01
-2.846424133283956825e-01
-3.164510174190566238e-01
1.777308947410208562e-01
-3.875264463268841553e-01
-1.767146835852228814e-01
-5.627034981086949383e-02
-4.259926541613573980e-01
-4.024242657486144514e-01
-3.684054351768339952e-01
-4.275262054296758429e-01
1.914767549089294030e-01
3.294200053143441220e-01
-1.974088240690120566e-01
-3.871605980938291891e-01
2.316474773842295276e-01
9.806178968135383089e-02
-6.499395326811800710e-02
-1.736191680551109895e-01
-1.473605547368244673e-01
-3.326099266615282213e-01
2.166922787802639250e-01
-3.597373320728731172e-01
7.308401341708305188e-02
-1.425782041236722808e-01
-2.774764563602534206e-01
3.001839072126848418e-01
6.072279718836925272e-02
-1.951102120506897630e-01
1.767643168459998859e-01
1.094172629059498997e-01
-2.384373887412081783e-01
9.360240854635437646e-02
-4.973907173956834682e-01
7.177722053425106274e-02
2.723613699235776786e-01
2.232044515854405553e-01
6.279008203495960172e-02
-3.528743476497843701e-01
3.441063942755458460e-01
-1.142988183489806603e-01
-3.917135177637178223e-01
-4.894963527933797187e-01
-4.203038039158464301e-01
-1.385132816283171642e-01
4.497348566900499223e-01
-2.705989046426063305e-01
-1.742719065111911769e-01
2.959338386959337042e-01
-5.733389959828132376e-01
-6.447347502334206670e-02
-3.059498077461219046e-01
1.134022021236407024e-01
5.575701157696540122e-02
-4.025394446862995412e-01
4.656527422718694798e-01
-1.038661845158903169e-01
3.873873299340131748e-02
2.524650856064268867e-01
-5.252833960813643177e-01
9.695650803342906188e-02
9.881742113256887505e-02
-4.209007393105024253e-01
3.900731062425632500e-01
-6.479184809785299981e-01
5.530969766653422853e-02
-1.194062587241704471e-01
4.205542702035504066e-01
-6.792892923989450604e-02
5.812280022258339285e-01
5.974721595727079670e-02
3.662365125735312366e-01
9.597734280327353817e-02
9.820571029149109676e-02
6.101208900701990956e-01
-1.485984155366040782e-01
-3.785116281724060228e-01
8.213391083735842313e-02
-1.791506647004088015e-01
-1.532290164424154333e-01
1.692234942725497904e-01
-2.214448101446164774e-02
-1.368396564666085058e-01
1.022888104895312844e-01
1.369631952670037900e-01
-1.581159901935619838e-01
-4.768505805943291653e-01
6.001032714099278076e-01
-4.196633772472102564e-02
-5.371933286080361053e-02
5.373324263718851634e-01
-2.502737701150909433e-01
-2.298084086122796910e-01
-2.305448381501607469e-01
-1.618970618733343303e-01
-3.032870978998889258e-02
-8.499254317100612965e-02
2.432899249514107187e-01
-1.155682023591481644e-01
7.987608810485909150e-02
7.908317774195445377e-03
-2.231885821405770257e-02
-4.281570334434024461e-01
-4.040469065465361331e-01
-3.105999255617293564e-02
-1.139094478552610812e-01
7.264735859099037407e-01
-5.358813427465854984e-01
3.958396561881912801e-01
1.426830664575340357e-01
-2.437024866342675511e-01
-2.496252127223840545e-01
-3.627054777296055410e-01
1.002080627103572735e-01
2.774565895813954630e-01
-1.467807530485542022e-01
-8.770384707894531007e-02
-1.299619509176584697e-01
5.169509377724750276e-01
-6.120690337069369102e-02
5.184681505227541898e-01
-9.603169933647530410e-02
-4.383089553011358386e-01
-2.341391747183443617e-01
-1.465604085047077509e-01
1.365798585460963888e-01
7.803239103155416023e-01
-7.730782907419490868e-02
2.458195721824543711e-01
4.686361454597340673e-03
2.662304444262545214e-02
2.788702164737573153e-01
-1.098572774496041626e-01
-4.514089329845853704e-02
-3.486372841621711294e-02
6.482687401462929044e-02
-1.869063831454531310e-01
3.408316303746474207e-01
1.612478002667219745e-02
-3.886227453449896396e-01
-2.883068326368454313e-03
1.448006125479529560e-01
-7.888818896886692911e-02
-1.572443915669322345e-01
7.284026398399369787e-03
3.211362620656664224e-01
-5.403132864220313580e-01
-1.399283096912654345e-01
3.005607423218434326e-01
-1.428355349110031480e-01
1.903799196456582576e-01
-5.257502465010958220e-02
-3.459312771597510688e-02
-3.001581803472377907e-01
-1.744109635478267306e-01
1.526865071177807009e-01
-3.745279164190793986e-01
1.344721304593811950e-01
4.653826906654019713e-02
-2.555925184444519105e-01
-1.208560977507589229e-01
3.619951621055606528e-01
6.426271133171181926e-01
-5.746638349032456849e-02
-1.328300061832470291e-01
1.367297735707037054e-01
1.329530261551526982e-01
-7.812663643951496539e-02
3.429726318726757928e-01
2.022457422225812929e-01
1.783823681435236369e-02
6.879871720594686602e-02
-9.281858559363274919e-02
-1.254906238460775370e-01
-2.914166093549579173e-02
-1.446604391866234719e-02
-1.442038094265220283e-02
1.676695465879010083e-01
-1.900736274815831295e-01
-1.589072100660099364e-03
-6.684475237792623925e-02
2.397821682237103458e-01
-5.171767699938533136e-01
2.506114025831697179e-01
-1.031829549264344503e-01
4.231905851617085434e-01
1.528912891824018294e-01
6.912499225189475127e-02
3.832296020719810348e-01
-1.773001319549205312e-01
-1.590619492181069294e-01
7.334624600440731168e-02
-2.831358519334126744e-01
-3.765429600783958275e-01
-2.465520371977770464e-01
-8.591057429950216262e-02
3.595218997494714630e-02
1.963276197242017351e-01
-3.607616661139291248e-01
-6.555895989142926372e-02
1.420385854954975789e-02
-1.378069483321622546e-01
-4.551010744643945172e-01
7.747203332170667089e-02
3.615538815743174483e-01
-2.226070589536897348e-01
2.766537900333751465e-02
-4.697195762986381973e-01
-9.644934430879929799e-02
1.770365874130885170e-02
9.621961224689205838e-02
-7.217930686437273348e-03
1.530985903968893613e-01
-1.133197425693710236e-01
1.188700143192950032e-01
-1.331148573745567776e-02
-2.125739730813611811e-02
-2.664481510394393071e-01
-1.184722092274591299e-01
5.426798937799243161e-01
3.529303674652131684e-01
3.046320914540638913e-01
-1.842588134255400412e-01
-4.401400322767924644e-02
-1.594641626972463644e-01
-8.352493977359229382e-02
-1.168522653950555129e-01
7.671352004232215305e-02
-5.353359130853895254e-01
4.571009814917553760e-01
3.127012630566547990e-01
1.202377801155589537e-01
4.690380169461813020e-01
5.693306686684614926e-01
5.181988824546467365e-01
2.556372325898570441e-01
4.139639585755810480e-01
5.661011587041642895e-02
5.543183082903904019e-02
3.607975762979053203e-01
6.507234125373967393e-01
-1.832221330426626604e-01
-7.658002966941206135e-02
2.023839644534569382e-01
1.733013047879192747e-01
-1.841765324708508900e-01
-1.474317253481115253e-01
-1.324588288896096366e-01
-4.711324159762131925e-01
8.568983529460973136e-02
-3.003593039812874621e-01
1.029305215085152686e-01
4.895702838483900199e-01
1.787703215565028259e-01
-2.806579998946344134e-01
3.043117065904326624e-01
1.176188036317698249e-01
4.171577354877584742e-01
4.229295382961109073e-01
-4.722204934415292349e-02
5.150179183563835528e-01
-1.902284094844800266e-01
1.705265160006522451e-01
