1.778531543349611554e-01
1.429027491343849154e-01
-1.212800629628424387e-01
2.133937010495405018e-01
-2.881425824480690068e-01
-5.581026858804452040e-01
9.104846173019599809e-02
3.338010670582394201e-01
-5.530624370008482282e-01
4.236630614566401498e-02
-3.341701668022394323e-01
-9.954507962788147757e-02
3.737847379805755432e-01
1.941877734865292970e-01
-4.575474053108314343e-01
9.490041030790709320e-02
-4.166249515929767999e-01
1.483277786683049604e-01
-3.846828299846637989e-01
-6.462154554802868045e-03
-9.606768291792550096e-02
-2.572321302456445080e-01
-4.367326863761882838e-01
-6.217842208975633833e-02
4.004956330827562083e-01
4.735291660069663733e-01
-3.624171957708507974e-01
-5.302781146461197359e-01
-2.321794174145072262e-02
7.219506747914321287e-02
4.286756946381282685e-01
7.841148208124509855e-03
7.208436288368348654e-02
2.485022628495551777e-01
-7.341199429515511687e-02
1.813068514786494445e-01
2.453554180245470506e-01
5.327676573189747966e-01
-4.241399526599865660e-02
3.925611613454129678e-01
1.816475131644659513e-01
-1.120797463764490604e-01
4.890652735265683254e-02
-8.296211552984354698e-02
-1.958451573875030771e-01
2.044510707008872774e-01
-8.942016916587743058e-02
2.203235765537137347e-01
1.253857951451963215e-01
2.359264302855936524e-01
-2.667367896905880609e-01
1.043881309576777557e-02
2.961866646653170676e-01
-4.988833525918940359e-01
5.122234829527234634e-01
3.479126231034619376e-01
-1.790453147138149070e-01
-4.385626691127544885e-01
-1.758201112079481598e-01
-1.573193778454529679e-01
1.414554291459229340e-01
-1.601110825778246372e-01
-8.593174240428078092e-02
3.878094099637821590e-01
2.365224992560836098e-02
3.693654883214144702e-01
1.734830444105909530e-01
-2.586755253221507123e-01
3.068930565496084673e-01
-4.500621980164802860e-01
2.298875156346001300e-02
9.979368746179022587e-01
-4.331393445823949473e-01
3.219581108144814463e-02
6.525039193449490293e-02
1.753290743965163212e-01
2.259689120740099866e-01
4.626913224677959291e-01
-1.020623789413597493e-01
2.251510064871206085e-01
4.510242047425911949e-01
-7.406174563168706204e-02
-3.353075761047463188e-01
-8.063202389163617867e-02
-1.529681840293186101e-01
-1.595980903041548660e-01
3.072827527482441257e-01
1.865309032730287642e-02
-2.316151052519337811e-02
-9.236901333563674044e-02
5.006419070152438033e-01
-1.860897451066128305e-01
-1.803804555322052403e-02
2.119212483920736856e-01
-4.950146860965214390e-01
2.013845416154414203e-01
-3.026243146694411745e-01
-2.542138619420954981e-01
1.858489881447055181e-01
-3.365281126351042373e-01
-3.627537153145476978e-01
6.320364584809435859e-01
8.458776454824621857e-03
1.892070989915951018e-01
1.484594719218068626e-01
-2.285170681499232304e-01
3.669447195367037118e-01
2.084958369178215309e-01
2.678648010605751417e-01
7.015366419582689250e-01
1.124795903202907565e-01
1.045182743601443844e-03
3.416963708227576113e-01
1.678370927667808266e-01
1.560376593630022068e-01
-5.050621143754249198e-01
-1.506666486660287185e-01
3.511955153675691554e-01
-5.862373558261709146e-03
-1.732153004394718920e-01
2.660219772920681056e-02
5.302380137278076555e-01
4.588949470689711596e-01
2.039441418780107707e-01
2.746417657922504141e-01
-4.926311132749770783e-02
5.231651385436009161e-01
-2.084324260981580690e-01
3.506707769238947003e-01
-4.825371343432172111e-02
-1.176748408696097481e-01
-2.285370851690436966e-01
-6.567079703341958952e-02
-4.271267975185900206e-02
-2.204321539081838810e-01
2.851716013401436323e-01
1.091622961613123582e-01
3.390164335349225011e-01
-5.869085071462752934e-01
2.073153689783318321e-01
8.686744841944873952e-02
5.717704989879687227e-01
-5.745295479168220643e-02
9.094065039880233625e-02
-5.540322515739872777e-01
-2.200079276451180066e-01
-2.842296529906147562e-01
3.040678289788269900e-02
2.384351530790248253e-01
2.740632048285599476e-01
-2.163158782926609403e-01
-3.153283513624296486e-01
-4.896286772489812783e-02
-2.542296225730341849e-03
-2.087527241238298914e-01
7.660558356544014402e-02
3.565316151139554801e-01
1.960161936150930581e-02
-2.161446013062759131e-01
-1.616090029403985037e-02
-4.285857939348359201e-03
1.404219903945370107e-01
1.626829258110611964e-01
3.861572404530386193e-01
1.612962728137686264e-01
-2.757045324586018253e-01
1.521814350578436963e-03
3.654979684526235562e-01
-4.146774602374853624e-01
-1.846161041197177943e-01
1.197758212305227721e-01
-3.531075363064848927e-01
-8.944365279127154678e-02
1.522295357018735307e-01
2.692294597526449507e-01
-3.651233223275083262e-01
6.861704160763372473e-02
-1.733993959618889136e-01
-2.428307206455240508e-01
-1.621693347554351849e-01
-1.755110693398114208e-01
-1.227724556689155366e-01
-6.865754280031665102e-01
-3.662028762905506028e-03
4.903581710914152181e-01
2.664884160331721930e-01
4.670433153789100844e-01
3.198982906264103421e-01
2.225984255595835626e-01
9.746876094093044618e-02
-1.004576591505486755e-01
-1.967517805738030201e-01
2.203540743075442787e-01
-2.675136580689949639e-01
3.710821620796006526e-01
-5.027510117764675268e-01
5.338245193147369561e-01
-1.313117035802401911e-01
-2.787132287642548056e-01
3.085112964519639567e-01
-6.144880385494456698e-01
-2.546667072365930151e-01
1.446791059973279343e-02
-7.560165625398511391e-02
-9.184005980789776424e-02
1.405790168754858238e-01
3.824483693234049381e-02
-1.960687529344435076e-01
2.127821645190150213e-01
1.673802670287517780e-02
-3.899707351386170751e-01
7.029019213934645238e-02
-9.007558238875700831e-04
1.380086084696152959e-01
4.042578821814601375e-01
1.338568419486870116e-02
-1.229201752540701013e-02
3.809112617884936880e-02
4.171091347885625723e-03
5.400782490104549111e-02
2.353175396768923400e-01
-1.017519142207663485e-01
1.426708567579577369e-01
3.628966196806864691e-02
-2.079312419197344164e-01
-5.734152439585488148e-02
-2.928939694825716256e-01
-2.801287367824049634e-01
1.423446321047938667e-01
-2.939188953519792924e-01
2.224491027074536886e-01
8.409252541561602901e-02
4.368006719532985249e-01
3.745436700500742178e-01
7.660305888076618386e-01
-1.447293329844492188e-02
2.192801132695741118e-01
2.933104541873557403e-01
9.668897858140847179e-02
3.706110907990874115e-02
-1.554970398374906360e-01
4.042848941201885454e-02
-4.168508971540191982e-02
2.692098500354218049e-01
-3.006687567264424987e-01
2.027325749393370791e-01
2.172832882319686576e-01
6.313815849808487313e-01
-2.932247783031002517e-02
-3.365920074295161712e-01
5.158649967136421516e-02
-6.208989337268554509e-01
-5.141250133743707762e-01
3.868079379866615208e-01
2.677582971666886968e-01
-2.367764264871999591e-01
3.373422390695126616e-01
-1.266091325665930911e-01
-1.177623641384555886e-01
4.390668604423293431e-01
-1.458507004970731880e-01
-3.465328931774747795e-02
2.398762005842009770e-01
3.402325091590999162e-01
2.242341201506388160e-01
