4.414408430305782893e-01
-2.322674045268007248e-01
-1.173732097726315309e-02
4.365072495503807132e-02
1.773253114481496140e-03
2.899163338754962363e-02
-1.107705355356710664e-01
5.652363980888455014e-02
2.843572778564757986e-01
2.300129791899008791e-01
1.261795125098993664e-01
-2.303012269436026105e-01
6.445127566086165105e-01
-3.923524697000793093e-01
-1.737379366723316720e-01
-2.931197054004471350e-02
-2.758746864850323277e-01
3.831004806235140947e-01
-6.310579930108016766e-01
2.574769500191786409e-01
1.720545627839736302e-01
-4.292245767317945937e-01
-2.063596401578446926e-01
7.983740657940571750e-02
2.938967945524111891e-01
1.047344361443716954e-01
3.385391741725659598e-01
-2.999430803086546860e-01
3.716328033280250076e-02
1.327444537421826887e-01
-1.444292770252705166e-03
-2.135214626222682321e-01
-1.274360931437700239e-01
7.624014869188044941e-02
1.896597158654963478e-01
-6.822504435658880428e-01
2.228530583980380952e-01
-3.393694602516744707e-01
-4.432518945483983064e-01
-2.087802103994658154e-01
3.884579259107284188e-01
-9.154988966114943616e-02
1.538537460485082664e-01
4.531852193715872890e-01
-4.868846998101331036e-02
2.285535375636919830e-01
3.723985320018880496e-01
-2.352441372690678989e-01
2.141434293937535815e-01
1.489342398809296586e-01
1.362665991487507777e-01
-3.063110831780835319e-01
4.676053087927633384e-03
-2.653639468270904689e-01
6.191487947075346998e-01
2.087962523074808341e-01
3.185072169136596992e-02
-1.467321538258574143e-01
-1.005152874706326943e-01
4.101979860767167585e-01
3.938778924011014648e-02
3.891055678153516051e-01
-4.455819491787170183e-01
5.104056011446052032e-01
-5.363252837695903219e-01
-8.463736575618480140e-02
1.100603781018009153e-01
-5.672284539502092660e-01
-1.416646002571335106e-01
4.103093426750343831e-01
-1.213947595002733658e-02
-3.387901561795087502e-01
1.721382127292368225e-01
-1.264234708469937907e-01
1.205999040840997905e-01
8.298359590177892264e-02
-2.517954905235805230e-01
3.219733379173290999e-02
4.278221909907034548e-02
-1.657881678414363513e-01
2.118043067828934423e-01
-4.074323974809105353e-01
-4.975808637930555223e-02
-2.285341532230876771e-01
3.695652594268931113e-01
-3.596833265061173401e-01
-8.607267849817708261e-02
6.265623715969286245e-01
-5.106594630065065532e-01
-1.373033757960293588e-01
3.066371082837755779e-03
2.042683874590896231e-02
-7.774323955772773076e-03
5.904700881601726570e-01
4.366551669574468830e-01
-1.798618011860406707e-01
1.828615515172190842e-01
-1.052711658266601014e-01
5.542271405621985725e-01
-1.702710032442574239e-01
-9.203625183575506186e-02
4.274641865516639605e-01
-4.145512962538540624e-01
2.308873778612666461e-01
5.190598035985086178e-02
1.812968524123590580e-02
-3.026969796989436579e-01
4.126169188282032829e-01
4.025169314787654939e-01
-7.403527145683121979e-01
-8.089784891997485738e-01
2.446579180969853384e-01
3.353383836522761396e-01
-4.906302538287786452e-02
5.329094720166563937e-01
5.835436312488270216e-01
-1.884052451069626044e-01
-5.657627348965414971e-01
1.594384789510761014e-01
7.222363164937620206e-02
-2.329291162520179259e-01
4.739393451478352559e-01
1.767097045658019283e-01
-2.719239386495940214e-01
2.975119669026237146e-01
-2.408312940588830386e-01
-3.937586020948112553e-02
-2.035784865441913893e-01
-3.777771722038743979e-02
-3.617752323225029154e-02
4.141175201344066692e-01
-4.889961201946082525e-01
-1.512069987892711853e-01
-7.082177201230969998e-02
9.636332751726676971e-02
7.621606508187940554e-02
2.127226641204702229e-01
-5.111176968363884132e-01
7.168392594136434592e-01
-2.107600192080141821e-01
-2.020699960201510770e-01
-1.190322249117646281e-01
-2.874203320760946867e-01
3.490286712657375556e-01
3.840675097369612434e-01
-2.118881513226022473e-01
9.123921413620942333e-01
-2.617365854522926694e-02
3.979185605049164187e-01
3.973288933855823046e-01
-2.413347092785089049e-02
4.479508634879710849e-01
-7.474879737104628274e-01
-7.200453371238725309e-01
-4.565340374641859156e-01
1.429835757727893342e-01
2.390161404679524981e-01
-6.576097025212146452e-01
-1.263311705497326409e-01
-4.506582889732627106e-02
-6.683668371926682061e-01
-1.664176147322830313e-01
-7.264605067309313213e-01
5.547803299871177929e-01
-1.354780975070607463e-03
-2.049434142198120201e-01
-4.414277757257453749e-01
2.366465761875510276e-01
-2.036072453398516668e-01
1.913741184259538652e-01
6.196864799504329113e-01
-2.469545562596795751e-01
-1.827473415421490832e-01
-1.131310122179331190e-01
-1.578492933052187130e-01
-4.881560148153897827e-01
1.064931179227354419e-01
1.023532057319079536e-01
-5.650357893174305923e-01
-4.467875595447171055e-02
-1.357796498116986550e-01
3.752192282047754346e-01
-6.813049878164746387e-01
-3.140996810984751919e-01
-2.269990328724087736e-01
7.400883884964190584e-02
7.910085933865724783e-01
-1.721820114605352448e-01
2.577063959212334554e-01
-1.225094961921057157e-01
7.019350716118336053e-02
3.132155484064056972e-01
5.499384583424091893e-02
-5.496380531238006517e-01
1.880403993878166924e-01
1.248501672640830173e-01
8.306836240167319030e-01
2.731913526718699609e-02
-2.740785333985480687e-04
-3.516032558848510847e-01
-5.322152395779994327e-01
-4.144829675878652919e-01
1.191667192192950447e-01
-8.589177053838908948e-04
-3.719849199330463874e-01
-2.756591706604865077e-01
5.621792590992335387e-02
2.212887503698922065e-01
1.915224638231008691e-01
3.651328712638077234e-01
-1.566068738319989218e-01
-2.628087855875337886e-01
3.206896995906132752e-01
4.035333758271748006e-01
7.248472498113577023e-03
8.190391315522276283e-01
-3.912318174245948965e-01
-3.252796564664943713e-01
-1.795283484882040648e-01
2.493756860575920276e-01
1.483925212820583761e-01
2.603605323620145073e-01
-1.555130222578579857e-01
-6.656926141114046791e-01
6.252509921287439099e-01
-1.759642664094126507e-01
-1.293298034799638951e-01
-4.354990322294638450e-03
-4.512057664138107160e-01
-1.983119842629048613e-01
-4.216444450084549378e-01
-2.267783914008909274e-01
-3.900075003406960894e-02
2.690733295167739847e-01
-2.363968355500772334e-01
-2.969883832916899724e-01
2.185483964432033133e-01
1.382509659179309847e-01
-4.639057324838187224e-01
-3.577235431645432034e-02
-3.249796503106079371e-01
1.182762103163958328e-01
-5.519812764694009832e-02
2.664214341900732544e-02
3.587897790048075186e-01
-3.342819952487257606e-01
2.507681624310279522e-01
1.832406623821308533e-01
3.314055961026171615e-01
3.290431343589723112e-01
4.852783058890114409e-01
-5.911402103124274721e-01
-1.054241333596185048e-01
-4.562925184034406084e-02
4.632293933347675363e-02
1.111214271855495705e-01
4.785406261797527372e-01
3.578594151771339882e-01
-3.522187595830575391e-04
6.219576181468237097e-01
1.367244827911216765e-02
3.921877070055970749e-01
1.226801033247285344e-01
4.258224020213203787e-01
-3.654796046260869735e-01
