-2.145638904336013564e-01
6.012703545024550289e-02
1.950449861875484525e-01
-3.183890693879332656e-01
-2.442431623998141399e-01
2.855663966465755710e-01
2.836268642754918856e-01
4.663383155333803987e-01
2.370485054009771053e-01
3.854187222457897133e-01
6.311310441904395274e-01
-2.044664725913591680e-03
-5.278794781042263073e-01
5.572035531965806587e-01
-6.127690939972254558e-01
1.441313463561615660e-01
3.825191987749571032e-01
-5.638232403787588609e-01
2.717123881358239901e-01
-4.652167156440243923e-01
2.006618366445357682e-01
-2.857727822389869998e-01
1.987103823136150138e-01
2.688086182117127576e-01
2.953693948184675788e-01
-2.334611673645302088e-01
-1.496502259016048719e-01
-1.133545172758194108e-01
-2.939088193340075872e-01
2.448194758432801210e-01
-2.705690449647127349e-01
1.253226674211479486e-01
-5.289514019442232984e-01
-3.491721847008906754e-01
7.991004347166363875e-02
-3.269825870617029673e-01
-2.091619221053916677e-01
-5.334468564044138050e-01
-2.197062727831791684e-01
-5.339799671920598678e-01
-4.348051036408351888e-01
-1.811884039100796484e-01
1.770290720843858967e-01
5.028458758336756818e-01
-5.431076593676101849e-01
-2.477288518333927159e-01
-3.232118182498468217e-02
-2.139446582142326692e-01
3.273529531017150274e-01
-7.924639642123612604e-02
-9.902576715030345089e-02
-1.078960902048066300e-01
1.766848289983944387e-01
-1.651723198323762076e-01
3.915935238685172570e-01
-3.275355017647048617e-01
1.473686180396280299e-01
-3.178259305012438030e-01
4.400325494713364094e-02
2.866724268825429078e-01
5.151345520676567924e-01
-8.468744862042823507e-02
5.514335882889133122e-01
2.103317877809128197e-02
5.303307018904349635e-01
3.745990608193918159e-01
-2.349905034439466467e-01
2.195413180631375361e-01
-2.566492508422843141e-02
3.187183578582948873e-01
-3.985660569078758320e-01
-1.975340450009223370e-01
1.175026764316555727e-02
-3.356013128118610078e-01
-2.807769071314415998e-01
1.514093544384022272e-01
2.083207982590191132e-01
2.286934936236619531e-01
1.733222076611015960e-01
4.990442763659404951e-02
2.194907677912342203e-01
3.503407950536963078e-01
4.991068834536221410e-01
1.406595164262434416e-01
-2.065187360889424728e-01
6.606795160554393290e-04
3.033411535493831801e-01
2.631027881793119305e-01
-5.016178657046143075e-01
9.856654580385874886e-02
-1.370946754676104495e-01
1.712814744039734827e-01
-1.571063300627527914e-01
1.015615886322061845e-01
4.488077258253703183e-02
-2.373548189575800382e-01
9.199712527071164658e-02
-3.727624099844872307e-01
-1.750656310201967325e-01
2.779667807018409431e-01
-9.903279544771742549e-03
-9.226908381092022160e-02
-1.500298973263514413e-01
-2.184445963119009959e-01
1.362082388884680029e-01
4.929935285916768883e-01
-4.385566638804890838e-01
3.955345799627804082e-01
-1.353583325266344284e-01
3.904620844504543831e-01
2.936878059619419876e-02
9.123910831266414043e-03
-3.488192877802956393e-01
1.705852433225041043e-01
4.503252370774878943e-01
3.232146820268690379e-01
2.093755882283071801e-01
1.632533621923230871e-02
-3.566333214447196531e-01
-4.764364383012045789e-01
-3.860226957598243414e-01
-3.885350640893419083e-01
-3.262972927680615753e-01
-1.566339272136573757e-01
1.423843427939640027e-01
-2.111672173860773202e-02
-5.069419727083601668e-01
-4.269314924588839960e-02
-3.764362353975311826e-01
3.761962541839479757e-01
-2.363148357726443938e-01
3.031434316708030430e-01
1.555126196585967201e-02
1.701574392512455736e-01
6.963358497283225201e-01
-1.681721391415789413e-01
-1.134186278595475800e-01
3.611491737084043807e-01
9.041690893604696633e-02
5.417005824299644390e-01
3.392035517514266907e-01
4.761367036547556504e-03
-5.999604457748884956e-01
-1.721098820006166652e-01
-2.949285460090310673e-01
3.472611609146235012e-01
-3.487695366006306474e-01
2.870823377427391687e-01
6.223193113008125554e-02
-2.651562778624517724e-01
2.142068789487262814e-01
-3.797795842673051640e-03
-9.296407822474618554e-02
3.843392928925419838e-01
3.184132136914510358e-01
4.720860934338325793e-02
-5.413282439530576751e-01
9.444110255150626673e-03
-1.507345267671613698e-01
-1.973665037127122490e-01
-2.082209618278967334e-01
-1.301471346035043830e-01
3.878969583025286272e-01
-2.941886430764263372e-01
6.359663807901362598e-02
-9.326373966558608453e-02
3.374544802600313864e-01
-3.354067015438150223e-01
-2.195458064232345963e-01
3.735366263165211254e-01
1.693478341346688065e-01
-4.835981698340715562e-01
2.142500919736866904e-01
1.125653108790029000e-01
-1.216292177855058110e-01
-2.103410774674277783e-01
-3.060597634577113535e-01
-6.358496263229855561e-02
5.821920217155694688e-02
-9.514735585550761210e-02
6.824957375722980890e-01
-3.048826882022805385e-01
-4.882353918453470332e-01
1.597830232113340220e-03
4.332253842133602650e-01
3.049941204650697957e-01
9.484981529320539451e-02
5.464789965210972017e-02
-6.176347204653862555e-01
1.502460646370011033e-01
-2.476578604045631404e-01
-5.451762278100825698e-01
-2.086547510498838465e-01
6.715797620870578299e-02
-1.308825803600838777e-01
2.878379550883274907e-01
1.003212048738129081e-01
-2.271202492631731462e-01
7.669741235242159838e-02
-1.816675944186501301e-01
-7.326095788776137985e-01
1.826979763723149686e-01
1.421501783698816690e-01
-1.831533427406316639e-01
-5.004638441519435044e-02
4.490017070243284558e-01
3.753111704905541801e-01
4.791176429872148201e-01
3.779762512457236767e-02
-2.917246263994638378e-01
-2.548708048497275724e-01
-3.936316336163352969e-01
6.408956641144659960e-02
5.492965808293128749e-01
-7.724538687794248182e-02
-2.170660774559129702e-01
7.862767658000180404e-02
3.191932174688441592e-01
3.816133690942689616e-01
2.596874225375888079e-01
-1.568485879015381890e-01
-1.464968795632929088e-01
4.040953503064788621e-01
5.889542115079091644e-01
-2.243078489546392607e-01
-6.848516940963385313e-02
-2.575298567227210511e-01
-2.862039629762705983e-01
1.613246609063084258e-01
1.478071382738026240e-03
-4.310817718598841664e-01
6.218433512932519669e-01
3.254016315975232776e-01
-5.861460758226795520e-02
1.011107882229506094e-01
1.074784949736897616e-01
-3.217677893267089084e-01
-3.398506331173135053e-01
2.793306794869592768e-01
-2.364529052131481845e-01
9.499860866418566308e-02
5.941487683828878819e-01
-1.575311637107056906e-01
4.088589978151943582e-01
6.470811680128072396e-01
-1.106393036967017046e-01
-1.768330144251615832e-01
-4.802228947745584842e-01
1.709247399680261792e-01
-4.299299006670849743e-01
1.259571431053384816e-01
2.117706924887386710e-01
-2.044073922778830502e-02
7.631582668065512234e-03
-2.327272857316063370e-01
1.466622413765083510e-01
2.183681467699274681e-01
3.879955399812074490e-01
1.233241891490283876e-01
3.268305731744461373e-01
3.049461725336438667e-01
3.076095992809578239e-01
-1.031096279746199912e-01
5.252853703669976282e-01
-5.901735544105548570e-01
