3.264278255636532400e-01
5.464406290881704820e-01
1.022766062842851847e-01
2.111280647557557677e-01
2.681833624348820555e-01
2.077936852049424854e-01
2.053794563658788708e-01
3.462097270160782170e-01
-3.764740960769645539e-02
1.389261058050623721e-01
1.238231565698813263e-01
2.436403491541585531e-01
2.018956605058877529e-01
-3.064810144241194023e-01
8.428861224542967545e-02
6.490296245994119084e-02
8.040149049086944832e-02
1.161829833270328904e-01
-1.876707818014733964e-01
4.936975965710013181e-01
2.979031508377567028e-01
3.841535586751969600e-01
-3.037222221457003823e-01
-1.112521304189589139e-02
-7.448607285887750562e-01
2.371604852667223151e-01
-7.534096757224216512e-02
-1.042929248838796036e-01
9.526614908921572644e-02
3.705385842950992825e-01
-6.324741320883524587e-01
2.871001085384390361e-01
8.142446033583765341e-02
-9.599330530381394722e-02
4.102624849662172557e-01
2.947635937892818525e-01
-3.902897137840808939e-01
-1.790762971546358273e-01
-2.699107110645942650e-02
-2.750082647361186683e-01
2.298078971747301580e-01
2.868403026510971676e-01
-4.135745812205483124e-02
-4.158340348924295382e-01
-1.490335454906344947e-01
4.707240679815076767e-01
9.008239095387984841e-02
-7.231046396566988103e-03
-5.408299152028389623e-02
2.354567816806718283e-01
-3.422691262599967255e-01
8.930304365749294759e-02
-9.818482449129868617e-03
4.041019470843932454e-02
2.610038513815853348e-02
1.666299206589984261e-01
-1.858084546129210313e-01
-1.336173499880524973e-01
-5.516213234638556173e-01
2.501706997327677318e-01
-3.479266977282082229e-01
-2.755367937493837238e-01
5.394367813592541167e-02
-3.909410587733285203e-01
-1.787124592591999017e-01
4.348942234177143873e-01
-2.847267165532026967e-01
3.626603534651658967e-01
-5.350210295886916878e-01
1.425427143009473929e-01
-4.257567690069407607e-01
-2.383804844699696085e-02
1.353029628845537902e-01
-6.466891990105528600e-03
-4.121479993463775249e-01
1.437590618329127323e-01
7.418954068899915599e-01
-3.520863136793154213e-01
-2.386514446312930082e-01
1.339293218177959321e-01
-1.751819171506216466e-01
3.633465495881622043e-01
3.348799275477518100e-01
-5.513309644526378506e-01
-1.566359956218002225e-01
2.594350875561096670e-01
-2.751841101785788002e-01
-4.166221410111325407e-01
7.256196899548951473e-02
-1.500928593760626206e-01
2.566733033704916012e-01
2.399744326618918344e-01
3.926172463110909061e-01
3.874103052019366999e-01
1.633732601686685715e-01
1.285787234739021734e-01
6.689800028211517757e-01
1.308947211357475715e-01
-2.628592910597890020e-01
-7.855803246164184683e-01
-2.970792430302222065e-01
3.208119398192522120e-01
8.382245726850443002e-02
-7.599327875865599657e-02
-1.730276518665348207e-01
7.929388135614436062e-02
-2.837745282653149001e-02
1.652714479322287267e-01
1.996117997415882139e-01
-7.469649137314823273e-01
-1.769904941817561361e-01
2.968498982344334736e-01
3.278544916226173167e-01
6.509577482678525762e-01
2.737637357706926289e-01
-7.248847844314854245e-03
3.958340468207968144e-01
-5.121876775617110189e-01
-4.972040657034536570e-01
-4.782334837154526147e-02
2.646286671394748602e-01
4.768244146238414388e-02
-5.691069865415834816e-02
-3.003186626875207210e-01
-3.413971290818695881e-01
6.638149651314396993e-02
-5.689187931244751861e-02
6.807932444841462427e-01
2.224755797021836234e-01
-2.106931199090287532e-01
-2.632590236266300066e-01
-1.490816666089495590e-01
-2.772641832381274041e-01
-2.783179630372673574e-01
-5.391660153823190083e-01
7.238355793589856813e-02
-4.935418614095614387e-02
6.186842954311998904e-02
1.462381811574707535e-01
4.027433849129229138e-02
2.836047584361700014e-01
-2.382022386140912606e-02
1.034532621616255504e-01
-2.689676114419787267e-01
1.887573742909469388e-01
1.078844899734637403e-01
-4.868728667610805472e-01
3.604176579626343080e-01
-6.542956688232047791e-01
-3.965933944875734141e-01
-1.671856198841693009e-01
-1.494562846677411627e-01
-1.348666539701620648e-01
2.050171282870827116e-01
3.371950514351333972e-01
3.085541662054954171e-01
3.430080778854455170e-02
-3.885211057343915947e-02
-1.971836241096098508e-01
-1.732642585318976691e-01
-3.624551377256006734e-01
-4.332763290167865322e-02
-2.837056605191298209e-01
9.213774145859897347e-02
3.067746003571523161e-01
-1.041579248996844231e-01
4.343116317728061837e-01
-3.399180138173422683e-01
1.700593587451095512e-01
-2.211060782603235797e-01
1.488507779874706227e-01
-4.019457317653479800e-02
-2.694754001432099824e-02
-2.830011153612111557e-02
6.099046802968814962e-01
-5.544579310149420071e-01
-3.710904384904661346e-01
-1.162336639253111654e-02
-1.146649304854202994e-01
-3.669803678280235681e-01
2.361069707267200168e-01
-3.402641412650384556e-01
8.090021214709076924e-02
-3.687576773093482335e-02
-2.806828671900575278e-01
5.015990601730330178e-01
6.129739838417130882e-01
4.476928265721649702e-01
-7.487131827771424664e-02
-6.133484989720263680e-01
6.421521360819057445e-02
-4.479902759315811944e-01
3.008109104985312587e-01
-8.646352810520076260e-02
3.151704126448814230e-02
1.866769914041628564e-01
3.177108904968858893e-01
-6.560652762622238079e-03
-4.677703865864570043e-02
-5.240826199293581178e-01
3.229695894010363166e-01
5.068632774319453173e-03
-6.525319993594639323e-01
8.536469291498036127e-02
1.579415266771055093e-01
-1.682254422730213375e-02
4.233676553934568876e-01
-5.456974956006695188e-02
8.414858302213701347e-02
-2.741957063977328857e-01
-4.359427920362804465e-01
-5.595983300911158524e-03
3.628253353426522110e-02
4.066351531578218381e-01
1.317372495033987123e-01
-7.188115002276190824e-02
-7.372627110060294697e-01
-1.444272061122795761e-03
-2.486491556542512818e-02
-6.746738005789743031e-02
-4.152463173903368499e-01
-1.630188730858234125e-01
3.541914674092999649e-01
2.190620515567237858e-01
4.005642750579195277e-01
2.421457268525151751e-01
-1.979766467649077613e-02
5.516644055984036843e-01
2.490824459848246797e-01
2.169587210436943470e-01
1.581957589456798041e-01
3.589369032764422873e-01
-4.481511556563050891e-01
-1.022240196397401352e-01
-1.500859039984637766e-01
-6.660184907244975916e-02
4.022287552895791873e-01
3.005413176704829215e-01
4.334990794823376237e-02
5.912076659059156691e-01
7.146430136169779068e-02
3.108244753783870329e-01
9.428723401492295972e-03
-3.091789930263864061e-01
6.549162074581227344e-01
-3.643390989510886802e-01
-2.478289908274821651e-01
2.509028108043644817e-02
-4.240332038666403958e-01
-3.139775139097457091e-01
-3.234909815048130910e-01
1.852518680529212369e-01
-6.942019938325517947e-02
2.816890102472371926e-02
7.836891708733968731e-02
2.952523882316569481e-01
-2.021272807671699312e-01
-2.374969658464950659e-02
-1.380331095071480607e-01
-2.049519709205819551e-01
-9.681897692286479951e-02
2.067053196615831201e-01
-7.570418126935517245e-02
5.151666724325350000e-01
-3.589997439644567606e-02
