1.205730750301301779e-01
3.271708777743995156e-01
-1.926716016741394089e-01
-6.006973184536432142e-02
9.395516897947121804e-02
9.297139396086856467e-02
-8.084237027520686514e-01
-4.382952534779632758e-02
2.861931081572407498e-01
-1.731519648588044358e-01
-5.647904388095984496e-01
-3.405117961178842356e-01
3.008742033955886380e-02
7.834402307642293062e-01
2.144206902361347478e-01
-4.488272585860763053e-01
-6.531375560497857391e-01
1.589341464316053332e-02
-1.051109975766007232e-01
-1.075172287442830443e-01
-4.081098067750993930e-01
-5.004722657581232165e-02
3.873989156734573558e-01
2.258765430680115815e-01
-4.972440829105729820e-01
4.576200936791430252e-01
-4.283022718614131752e-01
-2.875434162667421800e-01
1.445077253976476683e-01
-5.086278442524032606e-01
2.589681953697162142e-02
2.618935161448311955e-01
3.398481559001303443e-01
1.310084550072037890e-01
5.792049580766655756e-03
-4.579054620353694149e-01
2.855823243807554257e-01
1.472767123787823984e-01
-1.312433720848001605e-02
-3.112142607499863711e-01
-1.619663102594480486e-02
4.034921723049860742e-01
-3.579936092612333587e-01
-8.892053175931516340e-02
4.416241118027888768e-02
-8.349927172593955838e-02
-1.106122540615965266e-01
1.706002492322377523e-02
1.773800756287068070e-01
-8.952065404210347854e-02
-2.151069083938668969e-01
-7.638581993995245678e-02
-2.144966333488884658e-01
2.901822183444104919e-01
-3.703028490363801783e-03
1.594985367558792166e-01
-5.224104223678737169e-01
-7.063875811741281673e-03
2.901723159217894921e-01
-1.434893224780247334e-01
5.132700310842857050e-01
7.829608191351159485e-01
-1.154983742307510441e-01
1.189725028779483121e-02
2.547714360773439268e-01
8.003787341458258597e-02
3.936000712870688090e-01
2.999890265946386636e-01
2.583172898661556527e-01
3.774595864048411742e-01
-3.808284451463397335e-01
2.890424201785476432e-01
3.541825689042805703e-01
-9.099897143945773204e-02
-2.597821243838618899e-02
4.543365370761270339e-01
6.387306858435969070e-02
-3.960166379670208570e-01
-1.229770838055610771e-01
2.291201297756032540e-01
-2.321765791845049054e-01
6.767991002495275799e-02
-2.383032450220815557e-01
2.060743275043087352e-01
1.386987020492898293e-01
-1.627619219089666003e-01
1.161963180797796064e-01
-8.666725623338296380e-02
5.894803080702457759e-02
-6.209074075882564658e-01
-7.548525146482602810e-02
3.203335058910376509e-01
-1.254200381219460758e-01
-1.308113849137574614e-01
-3.166835992421992985e-02
-1.390932155421360505e-01
1.925202101012901401e-01
-4.704248875327835533e-01
-3.270554269371334088e-01
1.780611721481479559e-01
2.256589038170858652e-01
2.066110227512619746e-01
7.267358586922809636e-03
-3.696092034226076961e-02
-4.568622191105704000e-01
4.450221519757268096e-01
4.806004536692650569e-02
-1.073755265150216631e-01
-1.172857395040677875e-01
-1.852484630031228374e-01
-2.048502662784628392e-01
9.357232350964007905e-03
-1.327970907976889214e-01
1.927283714850111865e-02
3.838395911858052956e-01
-1.309505218255530568e-01
-3.545183490884483424e-02
-9.103639884371897417e-02
1.058056064809422131e-01
1.780254853550282679e-01
1.807261305678607363e-02
-1.702660246386031861e-01
2.029707765965907684e-01
1.317090178739984963e-01
4.462307192083538737e-02
-6.415828979650740893e-02
3.478073282280861878e-01
-5.933316161756434504e-01
1.967289217213914199e-01
-1.692353559319147716e-01
1.086426536181542696e-01
3.711190140797589881e-02
2.757726038198591856e-01
-8.070821037946335208e-01
3.383864902745863795e-02
-3.080023791952045675e-01
-6.408981023856546999e-02
2.027793236565944568e-01
4.575888137035392100e-01
-1.856543975242672950e-01
-7.001235538669038638e-02
5.227947676567217261e-01
-2.268800174707804338e-04
7.119907507030718286e-01
-1.645172871756640232e-01
-2.694153153156845365e-02
-3.873490055009394806e-01
-4.689176408509566629e-01
4.268327442198380228e-01
6.745014366750697876e-01
-5.898104767544922744e-01
1.314038409939409235e-01
1.119942989241888287e-01
4.178397402479319678e-01
-3.160922558719481135e-01
1.516309439076235499e-02
-2.565433644328559692e-01
1.249123935811699282e-01
-1.243861824433919877e-01
-7.063873714020818539e-02
-2.592754585501412801e-01
-5.519603564177737870e-02
1.231115453204957716e-01
8.559727142332808347e-03
-3.626668518507385475e-01
2.908115267318397978e-02
7.550223210392027762e-02
2.618119830674481285e-01
-5.616418345915726029e-02
-1.896466388584404916e-01
-8.102453290501631100e-01
-1.491919879296458029e-01
4.642960613673552395e-01
-2.765070240263415857e-01
8.487645840216874460e-02
2.026849302961669305e-02
1.306300881689604620e-01
3.611391632925541328e-01
4.762633267660703051e-01
3.550273765020948297e-02
1.381553555757117635e-01
1.176952602729222919e-01
5.552252265395305475e-01
6.571596139867751096e-02
-2.282785212217308957e-01
-1.517167662070545431e-01
3.725757318778594729e-01
4.876618257126127398e-01
-6.073508517071736501e-02
-1.842789152541195186e-01
-5.461232281314085668e-01
5.109574343797650409e-01
-3.554505836698599319e-01
6.168715996465220369e-02
3.123263584293612394e-01
-1.623693578865175180e-01
3.531928487626205260e-01
2.063863024704919169e-01
2.916165349188406530e-01
1.258739433030165757e-02
-2.682219400648386265e-01
5.964459657770512235e-01
3.710590128343196903e-01
3.253162707780381524e-01
3.643424924443373625e-01
3.798869698217371971e-01
2.171012602173244543e-01
-2.452885837280872807e-03
-9.664745213958036985e-02
-1.960464568452539580e-01
-1.188676881127304075e-01
1.951047545493376223e-01
2.149879487325345728e-01
2.880384038465459984e-01
-2.834800242092405664e-01
-4.378157899134118014e-01
-2.299370967618203365e-01
4.773981982930872725e-01
-4.208719199450482694e-03
8.687542655395268099e-02
-5.523505654821405514e-02
8.675955571064770944e-02
8.560154477832949971e-02
4.875090032338209589e-01
-2.773799921166999680e-02
-4.062506060124747020e-01
4.196235751671731906e-01
2.991376740784368882e-01
3.236760277304239208e-01
1.141580220165615694e-01
1.789647935690966973e-01
-5.240953505637864218e-01
-3.717983589926495136e-01
1.412239556319777045e-01
5.277484574509851978e-01
2.954154353946005229e-01
-1.979657855552275358e-01
2.402103097357334016e-01
5.279271475668211727e-02
6.267288144640762448e-01
7.799715734176103366e-02
1.376177611295853198e-01
-3.503377194721676857e-01
-1.841115449008979554e-01
-6.866110239379304148e-02
4.601702931153837245e-02
-5.685485401240120140e-01
-3.373166746660576781e-02
2.384620313283687121e-01
-3.162456074593573974e-02
-3.552032963972894253e-01
-9.647225806451478758e-02
2.885723291377392252e-01
-1.422046825529421077e-01
1.644705311892540045e-01
-4.123058837275887512e-01
-2.001566183154002490e-02
-1.511193740034368072e-01
3.233112495607473047e-01
4.587002789445975698e-02
2.437420542968963544e-01
1.642899902739459669e-02
5.911016286487502658e-01
-1.161169275674274054e-01
-3.649150014948394083e-01
