4.671288396889083927e-02
4.707499505736880696e-01
-1.886058819410190712e-01
2.789839866306076388e-01
3.535488298404481644e-01
8.008981402564256946e-01
-8.193240753062887016e-01
-3.378192072199452667e-02
-4.925430352178787607e-02
-2.894796911275083762e-01
-5.859192294317080441e-01
4.467077023701905292e-01
-4.253687347623470033e-02
7.613240772460312389e-01
1.336712841328883683e-01
-4.610948941408771207e-01
-4.660696423105054609e-01
-2.236072804627238786e-01
-1.714977118407894352e-01
6.053252654360924412e-02
-5.163407233160980381e-01
-1.042242837990670218e-01
2.663032101894897974e-02
1.602988953615872014e-01
-4.358124396938219958e-01
3.214842516874926170e-01
-5.345258258620448899e-01
1.485012284722923674e-02
-3.175896305405595532e-01
-4.454276528501203147e-01
7.770779493582248565e-02
2.908641803393071656e-01
3.485853022857164918e-01
1.827906038400542443e-01
-1.938065981342737831e-01
2.002252636408508313e-01
3.609203237992169022e-01
1.685097999161296045e-01
6.555047205592631765e-02
4.366153798663909291e-01
-4.339431119868862319e-01
1.365062654117973340e-01
-1.000000000000000000e+00
3.697247640640683591e-02
5.476343065147484118e-02
-1.392123886044224490e-01
-1.319727705205425983e-01
-4.490066887954434482e-02
9.107454598504284571e-02
-6.551482931389286390e-01
9.161116893793178062e-02
-7.257747252185052511e-02
-1.954175052904277565e-01
5.913404163809219405e-01
-5.695619290719189376e-01
2.499085597493638788e-01
-5.794700735925780721e-01
-1.909796395101464039e-01
3.139294881025792017e-01
6.989641215100021732e-02
-2.362848864374803015e-01
8.125347105871602027e-01
-4.359746365095085868e-02
5.400477891206161007e-02
-2.135692212252871258e-01
3.927304922253485597e-02
3.905958589431858807e-01
3.892513658256034903e-01
-7.371332443815822172e-03
3.130982858937604862e-01
-4.168821845643831403e-01
4.781520804406819702e-01
4.142041946165099797e-01
-5.150747860573769987e-01
-4.198235271698381177e-01
-3.777434455079452524e-01
7.781364615555330655e-02
-3.532658863252117198e-01
9.305397762670092332e-02
2.556567729207377959e-01
-2.530452810525061214e-01
1.188470230684058465e-01
-1.093184805703135143e-01
1.484896398689915520e-01
4.419067747600128465e-02
-1.667142577526412317e-01
3.851333815954953166e-01
5.183713876918625285e-01
1.161467929988816705e-01
-6.962403366736639176e-01
4.432682926941157731e-01
2.833921254668360090e-01
-3.173848279275706119e-01
-1.466429817121452095e-01
4.061119713170227574e-02
-3.270209944745848252e-01
-2.005995046295940276e-01
-3.600345378307747701e-01
1.345064554287899727e-01
1.404958790285090464e-01
2.133276874678292911e-01
-2.024912597334502795e-01
-2.704246735278539315e-01
3.658117143029649410e-01
-1.003861268246376490e-02
5.272808041126971768e-01
7.402437952535427801e-01
2.139662790544103188e-01
-5.163572445040823800e-01
-3.527304870888455235e-01
-2.982252963771326870e-01
-7.610038862883952704e-02
5.597055589328138459e-02
1.743460810535875719e-02
3.895681939590033838e-01
-2.799852832224813959e-01
-2.687783960791838012e-01
2.365392058528216490e-02
-3.519806172151093704e-02
1.071349274827130549e-01
-3.960631123200589881e-02
-2.411019904745104747e-01
4.571513216354786829e-02
-4.450362707009228314e-01
-1.151147931076080266e-01
-4.897143904561787608e-02
4.002418653166557316e-01
-4.624160645368744493e-01
2.034739070731258481e-01
-2.503166373338958639e-01
-1.835563208511243466e-02
7.143769236228492137e-02
5.465373725665640947e-01
-7.354707230197076173e-01
1.177926994006523592e-02
1.565775362316051411e-01
7.023916612230617085e-02
2.270266500160103840e-01
1.948016237061310496e-01
-2.270801534292562485e-01
2.641980946389566043e-02
5.716367590510994523e-01
9.220320379719015857e-02
-4.945367541394281308e-02
5.795655955835912754e-02
-4.047247227512969225e-02
-3.170504489664828229e-01
-1.049673877891795504e-01
2.628055043811898250e-01
-3.584488664607677344e-01
-8.149370533203903477e-02
-1.618538283488509810e-01
-1.145517281459469267e-01
4.369458379781400725e-01
-2.561918343933645703e-01
-1.422183271970983709e-01
-1.493625082209020793e-01
-6.654441670749753346e-01
6.378574275352097422e-02
4.709160288939563677e-03
-4.831734136360023996e-02
5.533440534061934840e-02
1.751593896369613435e-01
6.058844920946073603e-04
-3.563304600813546053e-01
4.798361469946038071e-01
3.072623878827449029e-02
2.991051307518510227e-01
1.429325104969919255e-02
-5.398322159521060648e-01
2.104848340704960907e-01
-1.810763072284926889e-01
8.772970064641047450e-03
-1.142239711725365342e-01
-9.202670003711564684e-02
1.880375300744519251e-01
7.401693607632320315e-03
3.865717423921511409e-01
4.588885154305540892e-01
1.455779660888711913e-02
1.202736949653336607e-02
2.138253587531622757e-01
-1.702391367805990152e-01
8.960780254322205096e-02
-2.932494707403423551e-01
-1.718915220637600161e-01
3.764817953034972353e-01
-1.456399671748611901e-01
-1.394364525271772348e-01
-2.536423745232216365e-02
-9.532981339303644996e-02
4.247127183015724228e-01
-3.557163222606612440e-01
1.906216425913112578e-01
-1.425560675281317136e-01
3.500559607067313395e-04
3.833483717477345065e-01
3.210213836931238851e-01
3.788323418815580657e-01
2.159527714536561560e-01
-3.331212862529168151e-01
-2.042249166225191051e-02
2.714378337978693434e-01
4.709686139261410887e-01
3.904466430163628377e-01
4.129163013232996504e-01
3.284212727804105558e-01
4.412317089098200668e-02
4.852091426341400560e-01
-9.690724417685787906e-02
3.164191154475571310e-01
2.233177313794458274e-01
1.292239537787887860e-01
2.575143140115104812e-01
-5.089473938024350330e-01
-3.670292571156634764e-01
-2.248585722553628763e-01
5.801861772112081039e-02
4.863502291161632407e-02
-2.394229993253998989e-01
4.748391517303451187e-02
2.055535173916310798e-01
-4.309614569064901951e-02
4.438948113384977301e-01
-5.617461110850797967e-03
-2.441616601405160736e-01
4.310160825651680461e-01
1.972633701853036547e-01
4.083888952423066487e-01
-3.168430189258754082e-01
6.794033387854261918e-02
-4.067369927078990921e-01
4.259264775899704869e-01
2.741195413242279444e-01
-6.718919261354358574e-02
2.112913539439050525e-01
-3.971509670290944705e-01
9.708889028728262538e-02
-1.608217735732456743e-01
-1.159066528632097526e-01
-5.105444763267785041e-02
1.560737261882811089e-01
-4.311330504918881035e-01
-1.657387083204043265e-01
3.558902549898734780e-02
-2.477163286157271077e-02
-6.466925391590258032e-01
6.130975825379393340e-01
1.752048651047872774e-01
-1.843592423346480103e-01
-1.936245816816925258e-01
-1.554268805621838445e-01
2.436686852674143644e-01
-1.333113929678505782e-01
2.166502671090996812e-01
-4.073769631231448640e-01
3.186538845267909426e-01
-3.228143196031156292e-01
2.844691213589718437e-01
-7.360342270985915925e-02
2.086311325399380634e-01
-4.704680926342549308e-01
6.442151369674440353e-01
-3.811207565146953469e-01
-3.406935063828844257e-01
