-7.904173858847687861e-02
-6.917800238700616555e-03
2.232641753543341268e-01
6.481380634079996206e-01
4.949940585059466741e-02
-1.521023806224455210e-01
-1.422333580478500892e-01
3.809541721703706418e-01
1.607408406746113627e-01
5.594371806239190059e-01
4.163792131658314855e-01
4.467483589588723270e-01
1.170037165124453299e-01
3.061626982790354168e-01
2.185689165169256432e-02
1.577013044511272333e-01
2.912740477136998574e-01
4.177075610485125878e-01
-4.802208517378833003e-02
1.021142294098452558e-01
8.724947862729878767e-02
-1.112940762617868201e-01
-1.255585100630662310e-01
-2.024322129901119927e-01
-4.447369231556626973e-02
-2.881888210684914742e-01
-3.885534524991180461e-01
-8.687381382793154527e-01
-4.317385636444394104e-01
2.187991110284517871e-01
4.693912411078072777e-01
-2.135726381916371874e-01
5.661559203079467029e-01
2.213266875172254233e-01
-4.277386943282143750e-02
-4.022225737428165859e-02
-3.943116410820627915e-01
-1.586342125289530447e-01
-1.159257335333509567e-02
1.019893849229090432e-01
-4.409849777743466981e-01
-5.321346492734926326e-01
1.304270587880015930e-01
4.114923242378509260e-01
-6.746459550691639995e-02
-8.964320959790958443e-02
-6.682274495899524769e-02
1.244310190128962573e-01
-1.601467067365646424e-01
7.270693031375882742e-03
-3.209626870037195490e-01
-2.804775190546542341e-01
1.509862712372030472e-02
-8.404212334844103627e-02
-1.332195165181790930e-01
2.192492441656800906e-01
2.786071231940120962e-01
4.982662661870584930e-03
-2.464811344780360458e-01
-1.375913784601351386e-01
-2.157126466948874055e-01
1.711088953064387463e-01
3.087198457443565136e-01
3.643705142090666316e-01
6.344036589809628479e-01
2.644356841964504712e-01
-9.903097716334774425e-02
1.332440448712382541e-01
3.562442493117150555e-01
-7.904995553701998912e-02
-2.322175241124756206e-01
-3.996622751345382807e-01
4.342496699843330643e-01
-2.078816907274993742e-01
3.007631126621109763e-01
-4.620407973014744041e-01
-6.656994830095865068e-02
-1.894023885986222955e-01
-2.662976409742578987e-01
8.880464715217770144e-02
-2.427346450696054592e-01
5.659220756168836797e-01
4.649703051705651458e-01
-2.133799513600002085e-01
-4.116526493726135882e-01
-3.388523338675217822e-01
-3.000921139698857210e-01
-1.721328698268997648e-01
-1.406621460918550115e-01
-6.021868787249568672e-02
1.819953214908477321e-02
3.607048913128406420e-02
-2.523007701993483787e-01
-4.179336808703130179e-01
1.003479210321738674e-01
5.995708198567673008e-01
2.273917944422801374e-01
-1.783879732504916049e-01
6.111388190804624143e-01
2.847829393370949203e-01
-5.687472254543057826e-01
-2.019950342785914454e-02
-4.180732918546362087e-02
1.262994557198667336e-02
-5.166573510684455695e-01
2.789166733913384100e-01
-1.044560345612829955e-01
-1.178333322845617065e-02
1.786049027610020490e-01
1.194380304968278156e-01
5.409766548277364362e-03
2.226695349613191099e-01
2.038518956236045343e-01
-1.063590428467148519e-01
3.222543330590788013e-01
-3.825445219255619866e-01
1.159382143355971173e-01
3.301772920141027856e-01
-1.640622061143683641e-01
-1.509225251837678639e-03
2.246545390351670571e-02
6.429599016956209778e-02
-6.054558958507189059e-01
7.509912295853790609e-02
1.278173456650474327e-01
3.619776707140064942e-01
2.881363411111730888e-01
1.483077058445271268e-01
1.209710508411965951e-02
5.439927508068728157e-01
3.433767732824241081e-01
3.570781359602566707e-01
-9.476941929388260633e-02
5.238366344821895337e-01
4.485059649973854867e-01
-5.594262416131657797e-03
1.854098340045785276e-01
7.328563466013593430e-01
5.466587448476069033e-01
1.769131048292542085e-01
2.438039464438958304e-01
1.024805222268966587e-02
-1.209302046691491765e-02
2.212662317202280793e-01
-7.122221615161657970e-01
1.366783621365837975e-01
3.992079598948629626e-01
-6.795396719554443188e-02
-1.937515669385627415e-01
5.172313785278639386e-01
-6.255777365151161951e-02
-3.253380738745222933e-01
-3.231844114189507122e-01
-1.709948919296377656e-01
-4.552198647864788561e-01
3.052109166775393567e-02
2.746326313514280137e-01
6.025911840634166211e-02
8.149283792829241369e-02
3.628668107714023150e-01
3.019651092787180025e-01
6.492180087418418510e-02
2.246731033538242606e-01
5.437800143902244976e-01
8.322629806574011191e-02
-1.985743554809685230e-01
2.974616934275927105e-01
3.245796336232800172e-01
-1.475492297755129356e-01
-2.679044974773797105e-01
2.619498467193660529e-01
-2.502976440439137751e-02
-7.820115873252675431e-01
-3.559554601960721598e-01
2.845581198369118506e-02
5.463954858436062718e-03
-3.418455254489632389e-01
-6.267118482372223409e-02
1.670857183633835397e-01
6.737098346884645705e-02
9.167401858162194106e-02
5.866718466536529480e-02
-1.910383551913616418e-01
2.302733804741743245e-02
-4.639280379196097925e-01
3.396596025304827182e-01
2.683416771504971987e-02
3.266260729492003190e-01
-4.656894593773698576e-02
3.090790851327926414e-01
3.304801146966346304e-01
-3.968424418458959407e-02
-3.246914589825695696e-01
1.780470909654216782e-01
-3.056366293911048082e-01
2.534704349074869828e-02
-5.021184057071671064e-02
2.148401173783494045e-01
8.857046214353378466e-02
-4.958659787539766717e-02
1.728715744308089441e-01
-2.330162332515892110e-01
7.848557761200992966e-02
1.831426208149002088e-01
2.026004061867295591e-01
-7.859825236022834061e-02
-4.274828397955713899e-01
2.632824061170461749e-01
1.528758986454868407e-01
2.125702649279194445e-01
-6.367320356032085682e-01
-2.095785431125575249e-01
5.443269669072727801e-01
4.533420924146537301e-01
2.495366973904452126e-02
8.525739632873313711e-02
-3.634416140964163988e-01
2.115056437530031253e-01
-2.361658792217486980e-01
1.413751719326920286e-01
2.535378745068445627e-01
5.539601515331857295e-02
-4.571156394290716296e-01
-6.366497172866622534e-03
-2.301325976971312082e-01
1.064011283285009463e-02
4.427469318292359124e-01
1.673308840439525214e-01
-1.234164209178320731e-01
-2.507976115179023635e-01
-2.135708877723892507e-01
1.510101771553698513e-01
-8.815555316511450301e-02
6.982579372423396435e-01
-1.067277644648629009e-01
-5.188832442651505339e-01
7.541427271868374194e-02
1.329306433741762883e-01
-1.141131611785765332e-01
-1.854450783465933505e-01
3.162260301216983371e-02
2.620402958500896995e-01
3.432207142021123647e-01
-3.703996193469179243e-04
1.758756628395408694e-01
4.130469761772597725e-01
-4.039153871420325115e-01
5.976254286651118131e-01
1.173116373436313420e-01
7.310140375886933772e-02
-9.455487092112638270e-02
-5.420996504375839020e-01
4.436901192513565961e-01
-1.627732839989798341e-01
-5.363876697113825198e-01
4.192900092458849426e-01
2.582581667274901349e-01
-2.748344751169449207e-01
5.575965277217928735e-03
2.861519566789646474e-01
-4.300219792745624825e-01
4.800861175858275876e-04
1.356028187876378854e-01
5.391911793804917696e-01
-1.765152606396932500e-01
