-3.999298626329757245e-02
-4.874691489716415083e-02
1.584171837671539684e-01
6.560097142031683370e-01
3.700320253398099030e-02
-6.399215794072315999e-02
-1.422333580478500892e-01
3.809541721703706418e-01
1.347125719165328805e-01
5.977506246088654107e-01
4.198389522688838471e-01
4.264127064279965018e-01
1.182486423183864571e-01
2.345268083198721321e-01
8.753632489701740349e-02
1.532025109370996063e-01
3.014311476894721564e-01
4.470762154952879208e-01
5.002039691931090687e-02
1.035725264154155056e-01
1.176020772803364201e-01
-9.648018460934303098e-02
-1.167436429383980623e-01
-1.282405611831619885e-01
4.431542124230589685e-01
-2.010833823297905332e-01
-3.892557307351018903e-01
4.935972619882441625e-01
-3.790979102090057951e-01
1.995571902135010178e-01
4.348763938495486259e-01
-1.940218527403561877e-01
5.093734926411038755e-01
2.593219673630267064e-01
-1.109770239234830064e-01
-5.294528775062343900e-02
-4.056037351081717146e-01
-2.865987304183394424e-01
-1.179346584825863992e-02
1.448090016701723548e-01
-4.616293900692145513e-01
-2.361821353342378749e-01
1.362395884466993112e-01
3.545325541964731153e-01
1.497063638886230244e-02
-5.841239131005550311e-02
1.712221129878714956e-02
1.247342724102934314e-01
-2.199300372618988586e-01
3.881293744269847384e-02
-3.187941722884540252e-01
-2.222507069853307538e-01
1.763587577107803353e-02
-8.104638867957951465e-02
-1.469824472474624555e-01
2.525573965618105876e-01
-9.289419386929415046e-02
4.982662661870584930e-03
-1.380608942206137391e-01
-1.685524249696725707e-01
-1.239605049034769313e-01
2.187717275394956418e-01
3.226323951496311015e-01
4.014221301316486801e-01
6.166909629779236957e-01
3.061717075230080964e-01
-6.264547284377242065e-02
6.887851001951711405e-02
4.174348350685416764e-01
-6.664719927310522318e-02
-5.668595053885824853e-03
-3.135511392121893559e-01
4.342496699843330643e-01
-1.622609708914313220e-01
3.383388438103164253e-01
-5.083049400489698666e-01
-6.656994830095865068e-02
-2.341183434696303689e-01
-2.600102308768326154e-01
1.052903823253885374e-01
-2.317681927704685341e-01
6.011606283401851325e-01
4.285362939815440808e-01
4.225696657778292564e-02
-3.616445041752269773e-01
-3.745599759054679678e-01
-3.236526089068602619e-01
-1.703990976582139827e-01
-1.409133153545579220e-01
-9.148700860064450102e-02
-1.148925511199419704e-04
-9.906810203037904466e-03
-1.898143420506101797e-01
-4.179336808703130179e-01
1.200864024623269494e-01
-1.856543084740074900e-01
2.064240522717379900e-01
-2.081786831169446239e-01
6.599133864522165327e-01
5.657569576182469584e-02
-5.868225195741323397e-01
-1.195397337485978317e-01
2.620836224220452967e-02
-4.320184178437477818e-03
-5.328156047879306634e-01
2.774329649921133401e-01
-1.630856839701319838e-01
3.877766696287164305e-01
1.466251636926884372e-01
7.271950974089801123e-02
7.576393243724172111e-02
2.657704458488157617e-01
2.637926288858059576e-01
-1.386075371237495968e-01
3.046251114529908155e-01
-4.491688360729646501e-01
5.109790456848700702e-01
2.778365159326195988e-01
-5.044570081727767219e-02
3.410613808504769917e-02
2.246545390351670571e-02
7.127939813693806581e-02
-6.073169222178532722e-01
6.396715288247750708e-02
1.136502821610118757e-01
2.679611506651116137e-01
1.688101485564129922e-01
-6.597116490199346206e-01
4.320816179370564475e-02
5.536906007941480024e-01
3.703135057115896633e-01
-1.499725513979850988e-01
-1.395110044390770465e-01
5.425349302972372056e-01
3.932832950408030048e-01
-1.476748802937663529e-02
1.435759524789865516e-01
6.997009575753438959e-01
4.956065865489597821e-01
2.470117273959606952e-01
2.571196258944581370e-01
6.418102060497563044e-02
5.145188963534800264e-01
2.017548078710021120e-01
1.420873900060965755e-01
1.465884977035749048e-01
3.992079598948629626e-01
-9.098512045161591399e-02
-1.937515669385627415e-01
4.157340124536689774e-01
-1.149009825403150831e-01
-3.024517871229931432e-01
-3.231844114189507122e-01
-1.579568688794323605e-01
-4.845764359499507012e-01
1.045939230598558894e-02
2.336648025022645681e-01
3.912331082266374410e-02
6.584465499991545845e-02
4.063007758833212524e-01
2.616525541643148212e-01
7.621562630962752660e-02
3.722331131140054761e-01
4.442727760898392830e-01
1.218089606806588288e-01
-9.916184636440458777e-02
2.737851677352461932e-01
2.737827324815981234e-01
-7.539872856967506920e-02
-3.065553110267416059e-01
2.447752301814129505e-01
-4.695325826888716025e-02
-7.459390233766348688e-01
-3.330852883463194525e-01
2.704940302292054705e-02
5.372741623207603900e-03
-4.979626558127631109e-01
-3.363487403877536697e-02
2.713328602133172618e-01
7.846859588518052819e-02
1.378344902293835716e-01
5.866718466536529480e-02
-2.276593057953240073e-01
-3.151530572682727238e-02
-5.035821955120454163e-01
3.311697657358088076e-01
1.073473127702133934e-01
3.139914510580970597e-01
-1.140004152505978141e-01
2.579912640806127921e-01
3.348551673437663023e-01
-6.448314904631334554e-02
-3.117942093985706653e-01
1.895286581042744667e-01
-3.267445187178491528e-01
2.534704349074869828e-02
3.973125430192061408e-02
2.618660467014858884e-01
1.147674069711346473e-01
3.511309060873801791e-02
1.830605996016025638e-01
-2.169108139429938853e-01
1.053102145148710894e-01
1.707721486535509481e-01
1.776488695037765353e-01
-1.091602581451719678e-01
-3.431847494957337985e-01
2.635445538682796296e-01
8.596817796415616442e-02
2.151718520253369515e-01
-6.690759833183828054e-01
-3.010856469887477904e-01
5.443269669072727801e-01
4.260766444706042821e-01
1.712597951549454239e-02
1.260539725806200106e-01
-3.634416140964163988e-01
1.980133149654641211e-01
-2.250677757028282100e-01
9.788106137540754370e-02
2.582099502558999338e-01
1.195534631023454641e-01
-3.978930956804985763e-01
1.754388426533982567e-03
-1.779402464979152332e-01
-2.371170539532670152e-02
4.060896894939511337e-01
2.685682522981014397e-01
-1.460396354375260997e-01
-2.414396529206716824e-01
-1.897453424698549995e-01
1.195696574878639257e-01
-4.183760884143434416e-02
6.969175663906149731e-01
-9.486524887531129491e-02
-4.188996594574160293e-01
1.158287580294803110e-01
1.506437608486667357e-01
-1.608034779193393271e-01
-1.850651659683386907e-01
7.518389164443185779e-02
1.835980789342466224e-01
3.633781808340707520e-01
-1.832629296188879875e-02
1.560492046575376324e-01
3.986710716153618606e-01
-4.055601492008241160e-01
4.887772912677911807e-01
1.173116373436313420e-01
7.310140375886933772e-02
-1.412554496919929126e-01
-5.477096049627617758e-01
4.161396705849171873e-01
-1.227816730374057114e-01
-4.932990360204805302e-01
3.955750064051615777e-01
3.122221579968758598e-01
-2.760282452165564449e-01
2.340654016193247089e-01
2.861519566789646474e-01
-3.937853908750352239e-01
4.800861175858275876e-04
1.356028187876378854e-01
5.536323646985165103e-01
-1.694265185761598125e-01
