1.535122860029548286e-01
4.139438717933989209e-01
-1.780407784937644566e-01
2.574717442549235846e-01
2.431799798542925162e-01
9.173975080552485561e-01
-7.817494988630588892e-01
-7.314342149937225201e-02
2.782972890885111461e-01
-1.762791363060146055e-01
-5.719515730343119886e-01
3.862678020143946456e-01
9.263278861649726359e-02
7.976949188729955953e-01
5.207700054112553850e-02
-4.363150850663308766e-01
-5.983581078089845739e-01
-1.411991613447323712e-01
-7.950400048893135896e-02
-7.475975636284018511e-02
-4.313508751514845141e-01
-3.425228297537079997e-02
4.162209194366300324e-01
2.272898226402812194e-01
-4.594577722887162596e-01
3.654303054828109687e-01
-4.414795771897004339e-01
-2.132485133725645909e-01
1.004516607190039518e-01
-5.012703287044245615e-01
7.195066533091347416e-02
1.829931621873740755e-01
2.915536664537202727e-01
1.086925010581502871e-01
5.070758929019214545e-02
2.429069015531505893e-01
3.463929526343349496e-01
7.123798418743484961e-02
-5.808368004508025761e-02
-3.005420752244187810e-01
-4.693183400663125671e-02
3.956145116094051395e-01
-2.652767950311328282e-01
-7.134312553361088494e-02
-2.616370811976028582e-02
-1.822076651746068476e-01
-1.908193997919254703e-01
1.253425362169650892e-02
3.198159165657246117e-01
-7.494892213329509834e-02
-2.806493555329688250e-01
-1.322492021504957371e-01
-1.170115266994512238e-01
-3.781068221595995649e-01
7.803929703572097532e-03
1.817300993737791248e-01
-5.849924203311284154e-01
5.733883721563892352e-03
4.032401087246929583e-01
6.624319051081126175e-02
-4.090932286876593493e-01
7.994700996315281527e-01
-1.689779699738506169e-01
5.400477891206161007e-02
2.615366698608721507e-01
8.545737668124324393e-02
3.861783307608971927e-01
3.014250381761804376e-01
-1.269465694825069602e-01
3.301864337841921571e-01
-3.750989534294935646e-01
2.816686925597663427e-01
4.054007252253001292e-01
2.997989241337788158e-02
-5.419745180868229539e-02
3.456521050651377158e-01
6.783910158578994321e-02
-3.543950068410975929e-01
-7.411219150416356594e-02
1.990890690570560895e-01
-2.111555313601514439e-01
8.175198621742613136e-02
-1.330390465303012693e-01
2.710602538190077238e-01
2.387621677293756961e-01
-1.706375281286708345e-01
2.419099421041973619e-01
-1.691038471838892943e-01
6.415807344126685241e-02
-6.587580056007869000e-01
-1.322163457601441827e-01
3.427031696796122850e-01
-1.847109966576108708e-01
-1.444546210235365113e-01
1.015231098317879999e-02
-7.181707331886860723e-01
-8.287671152959999454e-02
-3.507022660959540072e-01
-7.757145733785746067e-02
1.829179059142086172e-01
2.145650215609525846e-01
-1.015467844391758911e-01
-1.970314007371923026e-01
3.984622741292846437e-01
-4.351514660259339085e-01
4.684776883698696937e-01
8.301584676403206409e-01
1.012547225289277403e-01
-4.672667504989007625e-01
-3.130978482943713170e-01
-4.486151567204418322e-01
-8.038106320300147933e-02
-1.011895092561161391e-01
4.880629620087167247e-02
4.109756941782807815e-01
-2.086902879306755110e-01
-1.594149891468808200e-01
-9.612269026849980247e-02
3.591878100596217205e-02
6.586579329084529810e-02
-5.957705096843347176e-02
-1.702660246386031861e-01
1.322903710043760450e-01
1.536547202542085100e-01
2.766883817607516255e-02
-9.507423245979851334e-02
4.300425166840802782e-01
-5.080829912967234074e-01
2.105230832031786403e-01
-1.965665441913733713e-01
1.527824632932425764e-01
3.656087430626449308e-02
4.779853296562993070e-01
-8.371105725606938774e-01
8.000288809624248043e-02
-2.725521876766085969e-02
-6.064923795664035194e-02
2.236033474610127081e-01
1.685729552101785378e-01
-1.898653021518895145e-01
-5.207792172945624465e-02
5.911405780337155580e-01
2.122887858328536756e-02
7.127035449919193466e-01
-1.663391782481952463e-01
-1.242940772366585012e-01
-3.670275057144965491e-01
-4.816414425696677326e-02
3.351990996760510488e-01
7.129895234562311224e-01
-5.394399886053918847e-01
1.610313089502665163e-01
4.405641504239105055e-02
4.619987335564377240e-01
-2.579977696456897673e-01
-2.315126005916425811e-01
-2.653594409457395442e-01
1.702142425111246096e-02
-2.541243770018124931e-02
-1.319137150811116599e-01
-2.977903625591160064e-01
-3.437343010272352756e-02
1.889163278372966714e-01
-1.306343724061380732e-02
-3.699723017700790595e-01
4.288861516862517431e-02
6.851132210768827446e-02
2.218087256648045014e-01
-6.987326909513022488e-03
-1.673684754601402758e-01
-3.108058573406056735e-01
-1.720657657671899321e-01
4.118199939993858472e-01
-2.057042896035031765e-01
3.033129385109101239e-02
-5.603286009280764590e-01
-1.681059152922904920e-02
4.018999649741639146e-01
4.156410811547083806e-01
7.317994784781695766e-03
1.920862549597334712e-01
1.335627965842694498e-01
5.095417821935901426e-01
9.408179646186742850e-02
-3.752233457492542001e-01
-9.449366865649419522e-02
3.882978792788057132e-01
-1.378278205132010825e-01
-1.191215187411764354e-01
-1.747721871761049872e-01
-5.180203123641822227e-01
4.687146524779881585e-01
-3.923391024245533321e-01
1.239142763079748022e-01
-1.167917530290191186e-01
-3.752739382862163575e-02
3.416004055936932571e-01
3.341802273617064944e-01
3.274424795612594363e-01
-1.211294006527341149e-01
-3.249805930624904970e-01
4.300167232982463617e-01
2.606364721023357034e-01
4.426724877052812812e-01
3.657060833175594383e-01
3.545216262061599011e-01
2.464711886828563903e-01
-3.483714534438106525e-02
-8.278778670160656661e-02
-3.009494542305864440e-01
4.038677259928094565e-01
2.819971462465293288e-01
2.206004739473093057e-01
2.880384038465459984e-01
-4.487349807574562699e-01
-3.427562110176159971e-01
-1.589073394430398911e-01
5.954540631049054511e-01
1.010744081578742182e-01
9.095172426899340856e-02
4.981648949138003935e-02
1.988357752428263070e-01
7.815343787955798815e-02
5.469467997759240863e-01
-2.368621440281864360e-03
-3.257783844566567999e-01
4.049703982627171905e-01
3.339029363465944589e-01
3.751921532831668515e-01
-2.065105687958426056e-02
1.297058342032612610e-01
-5.296348194723790037e-01
3.362069692705122459e-01
1.727083244695832576e-01
2.799893904695233832e-02
2.595284968020775129e-01
-1.861113525105582145e-01
2.696725450526427093e-01
1.343581096383330009e-01
-1.000000000000000000e+00
3.001764022001023047e-03
1.750872899158639195e-01
-3.608024404319390421e-01
-2.286566276733174030e-01
3.252402729579031981e-02
-3.742998353944469725e-02
-5.695890218917784020e-01
-3.016980140251048770e-01
1.916109193486812134e-01
-1.246090495851092522e-01
-3.582617375771796620e-01
-1.338042249450823451e-01
2.146713442888333045e-01
-3.613739474252158912e-02
1.662027812411508432e-01
-4.399671671358550418e-01
7.435457135971394738e-02
-2.113754592304893376e-01
2.279957959692489600e-01
-6.637557911327932048e-04
1.454338947683268268e-01
4.059712788596065228e-03
6.219155700524683361e-01
-7.845406760372211630e-02
-2.706777998502022942e-01
