-1.171308974091151145e-01
-1.817973566678538211e-01
2.208626007743245967e-01
-7.589915888824939894e-02
5.706335911025615104e-01
2.637154730721995022e-01
1.732879912679731738e-01
-1.503039643664201563e-01
2.913544295051649358e-01
7.688561936960169874e-02
-1.146906329210757858e-01
-2.731404724202088352e-01
-4.806107483236788935e-01
-1.814425515654483900e-01
-6.330667548936796951e-01
-4.724741918903836435e-01
-7.932918649995331084e-02
2.586764444023842424e-02
-3.139653515375668835e-01
1.285480377462764057e-01
4.379810945129022359e-01
-5.823524863132737428e-01
-6.058813808429008851e-01
4.830430906420406512e-01
9.987057495349717373e-02
1.164599250356787574e-01
-1.343523359271792950e-01
-1.770830520482458842e-02
5.052146045078560466e-01
-3.359895024019889376e-01
-4.320725553961973775e-01
2.631524822700720412e-01
3.857369768106676255e-02
-1.366803100304628260e-01
4.039799469449968927e-01
1.645622992292380682e-01
-2.434657403958982724e-01
-7.462533543464064043e-03
6.663966857147638478e-01
5.477774998319752120e-01
-3.590376292665555802e-01
3.452097862092765590e-01
-4.820774566644035475e-01
-1.870092099237233851e-01
-5.988405681962593041e-01
-4.090054971140263396e-01
9.408770467460139675e-02
1.096248556090797244e-01
-3.797209712963656170e-01
4.859705931028284187e-01
7.379874626734309051e-02
-4.527993541456669102e-01
-1.752336845511799635e-01
-1.893467200621801964e-03
-3.569649986283969234e-01
-2.164472837784791326e-01
-1.134125144132459712e-01
-2.688611737040998984e-01
-8.147321121171312297e-02
-4.094524449625117080e-02
5.107558057814050034e-01
-1.595114835096554107e-01
-2.084502875568604585e-01
7.428721267098576941e-01
3.637781038071598028e-01
-5.055861613080313566e-01
2.752721618809483850e-01
1.831002072871578679e-01
3.661465340343594832e-01
2.993209454873773656e-01
5.038799065785122544e-02
5.377603719126796550e-02
-3.078297470169484296e-01
-1.329900698026584005e-01
-3.780186080368203583e-01
-2.870477885192781464e-01
-3.265634269510342969e-01
-3.657754990349887936e-01
4.186837611325840980e-01
2.754912463642539833e-01
-7.478979649219945625e-01
5.636077091296692182e-03
4.124554358507325214e-01
4.311193085631944699e-01
-3.288526262754926099e-01
3.455087223864277690e-01
3.502923473706211210e-02
2.452651351292046145e-01
9.997809522651443515e-02
-2.912407551785873294e-01
7.119651732213140294e-01
-8.870860492420407084e-02
5.030462058753049082e-01
-4.060152228820168574e-01
2.959535428456203654e-01
-1.907428530795458321e-01
-2.362460406378433797e-01
7.204106573839134942e-02
-1.218146057977896740e-01
-6.282971070521801982e-02
-3.004483012173105871e-01
-1.886889750053419301e-01
9.302449215650904213e-03
-5.213674894627778715e-03
6.688021316798994365e-01
2.320669064124619707e-01
4.982589092696134148e-01
4.554700680480225916e-01
5.408306410519977403e-01
-3.253308625634145912e-01
-3.918769630946473681e-01
-1.592464322834264978e-01
1.616628106862754155e-01
-6.747256963102532534e-02
1.340938284846818207e-02
2.883646799529817617e-01
5.586123774304545958e-03
8.792400482254071614e-02
-1.248212440607295304e-01
5.027971859782858211e-01
-1.340667244014846493e-01
-2.243434180012410240e-02
2.642122982720694901e-01
-6.895702086945608711e-01
-7.436920638479305179e-02
-2.674830416586095883e-01
-2.556082756549018509e-01
4.527041429782725779e-02
3.545939614271357843e-01
2.486245128786746250e-01
5.094167887427617503e-01
-4.593992954871600753e-01
-1.897528198853426495e-01
-4.090487118336914169e-02
-3.042450099987590792e-02
1.307637244737638038e-01
-1.994430900173723709e-01
-1.133615629759668481e-01
-5.477016695833993865e-01
-1.781306629773629635e-02
-7.270952418988784194e-01
5.275048131279416186e-01
4.064636437453933437e-01
-1.393907208345466220e-01
7.312436683893523970e-01
-4.810853623514221855e-01
4.231946681081688588e-01
9.414821807515437735e-01
-8.241146460365048054e-02
6.142036514555029303e-01
6.241483860028649300e-01
-1.716866443373390450e-01
-3.776591099667494511e-01
1.702940773188437174e-01
2.228613504072757823e-01
-2.847570875602745688e-01
-2.378569366412105479e-01
2.987658507888193427e-01
2.082053159654635027e-02
3.038427193267888016e-01
7.576651258654173438e-01
-1.862244751368057061e-02
3.858166347520665118e-01
8.901060913438278710e-02
-1.917485415784207226e-01
-1.051350838192555287e-01
1.446389577077185351e-01
-5.836000636958237342e-01
-7.296081142269787712e-02
-8.701460726099727316e-02
3.531991110370826803e-01
1.752022268611948819e-01
-3.889302331518146305e-01
3.654545242035780461e-01
2.415694051067438231e-01
-2.690020485230485980e-01
5.147297787357457688e-02
6.349315522593083905e-02
-1.164441462320797982e-01
-5.717501297253426706e-01
5.435589311655421030e-01
1.197099769457458107e-01
4.009511923187770999e-02
1.771244438418701772e-01
-3.276010274822226953e-01
3.713870521725179397e-01
-4.369522373588907160e-01
4.302923094766564205e-02
-2.232445779801829622e-02
6.617455090999381506e-02
1.501098371335049531e-01
3.666204397879005428e-01
-2.949762117151993879e-01
-3.132911358889911568e-01
-3.035060885379242124e-01
-3.286833420338114431e-02
-2.387120608507259725e-02
1.605080737695889492e-02
2.042578246665518460e-01
1.909307136942783312e-01
1.131975864042680802e-02
5.205950434198193012e-03
9.665804673197518904e-01
2.855897843123410551e-01
-2.513404847879477377e-01
-1.385456516091525814e-01
1.738481127135890758e-01
2.700644474909960069e-01
-2.295861303217837934e-01
5.966465443824709586e-02
-1.490777018114980423e-01
-9.988965706618559148e-02
1.384193802719034527e-01
-1.399859552827553144e-01
-1.454753402993022027e-01
3.137672424502553903e-01
-9.998538918643934403e-02
-2.187360882614716728e-01
8.719236805022925196e-01
5.225022942468132703e-02
-3.990248526953127373e-01
5.414031283806270967e-01
3.653709611770629695e-01
-9.332735805404210327e-02
1.133909991857855182e-01
-1.417339430538371581e-01
1.541383793097298449e-01
1.954329704470449403e-01
5.869878523898403727e-02
-7.589970368686804747e-02
7.249380947004379072e-01
-3.187353059941638173e-02
-4.729531923701512514e-02
2.864539007438533513e-01
3.965104847632215934e-01
-1.743714894068617849e-01
-1.008155766660488728e-02
-5.521925595067199710e-01
2.931008001390246753e-01
4.733655384934292165e-01
-7.706136750626843557e-02
2.044434845244482712e-01
1.755991237757956180e-02
2.325814334245358272e-01
-4.735124930155676926e-01
-1.394147581836691907e-01
2.040411278263731809e-01
6.956194927667840311e-01
-3.927514993145068689e-01
-3.648031168483031328e-01
-3.041419860754425719e-01
-1.207669538546185944e-01
2.358769521397622027e-01
-1.197914340290891638e-01
2.387566497827251291e-02
-9.387651326381317440e-02
-3.120534975684604029e-01
-2.003711320900881943e-02
-5.919626493010836654e-01
-8.407839709522005323e-02
8.223573090435384869e-02
-5.638308558682324501e-01
-3.100759889224053434e-01
6.285985104340385821e-01
8.086733000530532678e-02
