-6.284548647913309471e-01
1.982236178246457939e-02
6.220694764846687597e-02
-1.280959392074483283e-01
-3.028517989422019330e-01
-1.000000000000000000e+00
5.902302470949315205e-02
3.585633073213116695e-02
-4.073142505060671215e-01
-8.208058579907671903e-02
1.719400809150365694e-01
2.836228321887859782e-01
3.033947990750815102e-02
-1.351775205880196770e-02
3.182480457204848734e-01
-3.442770251835503559e-01
3.621541808918828376e-01
2.780006139715756608e-01
2.219644010007939539e-01
-7.822265060943527082e-02
1.143806787861873508e-01
-9.382054552244595280e-02
-2.381490629405712267e-01
-3.573742544733393700e-01
6.289272681351293359e-02
1.451096657471247775e-01
7.905915355487219687e-01
2.881242208571136443e-01
-1.639375439653360800e-01
-8.058010657915458397e-02
2.569111893249928502e-01
2.979178257073391428e-02
-8.813905338239050313e-02
-2.822053884979824900e-01
3.196528193115114047e-01
6.263402038279021200e-01
-4.418633646786485070e-01
4.750244713155923199e-02
6.397191462186589961e-01
4.318145850844732903e-01
1.940276136253437367e-01
2.738186804844993660e-01
9.955740749490586683e-02
-4.399132785434543835e-02
-2.077130277633055522e-01
-5.922664641417614562e-02
-2.846051346385288783e-01
1.658093479610791843e-01
-6.106047274475309705e-02
-1.252511877372966542e-01
1.170513027870852679e-01
1.325463539616715536e-01
1.183798925365044108e-01
-5.996251857804740792e-02
-1.652659828774699635e-01
-3.630263503886143606e-01
-1.791753289221974244e-01
5.427148700382569135e-01
2.745811258928515519e-01
7.738510002493130813e-01
2.897665854718697309e-01
-1.633229826817370334e-01
3.457815607123399231e-03
-1.501347869126645751e-01
8.246294160894802883e-02
-3.971490531759994114e-01
3.415906489970930160e-01
3.532190829982401747e-01
-7.217666557964472207e-02
4.918272279382195772e-02
-2.555871271436002123e-01
3.493025841141439991e-01
-1.925082899601461006e-01
1.688150345710769662e-01
-1.652834919348234732e-01
2.993044541884459786e-01
-2.523881450165909798e-02
-4.011694603595181152e-02
7.932085049270930222e-02
2.743947804270079338e-01
3.545192761247732971e-01
-5.027929732231353199e-01
1.856726823296842022e-01
-3.439661720058719840e-01
-5.397686759197671547e-02
5.467387887041044031e-02
-1.079706647998982250e-01
-3.207177498422020823e-01
1.226369477917854250e-01
1.085149179132129243e-01
2.634656097916291961e-01
-1.867740619343730701e-01
1.221224414099886801e-01
2.392639794385791330e-01
-5.084081075745109368e-01
3.965598751950614176e-01
3.160320566438664103e-01
-6.222404866983784200e-02
-1.998776364183406373e-01
7.881668920122937572e-02
-2.584852580308852343e-01
4.079550071348141960e-01
2.019318210685885906e-01
-1.453099949859278442e-02
-3.034323981713127893e-01
-3.371183205562792162e-01
1.704891748557949838e-01
2.988073561479170914e-01
2.064648432517594556e-01
-1.853003184672548931e-01
1.512022247248266116e-01
2.807244794801599941e-01
1.572779426373285550e-01
6.375974551756877218e-02
4.679127933993773580e-01
-1.135037065712569126e-01
-7.271394675106898076e-01
1.993357188700979610e-01
2.772444038538512956e-01
-2.309938872509276209e-01
-5.004014595243526653e-01
-1.062901220282895659e-01
-1.081583188049804328e-01
8.207109768754489165e-02
-4.805760622282992944e-01
-2.247590982564919293e-01
-1.125487776265017975e-01
-1.536567587435554716e-01
1.567441728270499157e-01
-5.706654862548345974e-01
-9.115147414224858413e-02
5.936957916928714551e-02
-1.413511948205080915e-01
-9.731101479407869292e-02
-6.502519551283321431e-02
-2.358930340911944146e-01
-5.720436099360945992e-01
-1.727366500678233219e-01
-3.400838338011782369e-01
1.015031388803312312e-01
1.692230059943319043e-01
-2.192525369519911782e-01
2.082344758298936699e-02
5.091907645555846518e-01
-1.906683884594075618e-01
-2.796036176212089441e-01
-3.481300364433092751e-03
2.403341609895779385e-01
1.774400272375712684e-01
-3.123517448412665640e-04
3.278380920872253079e-01
-1.903113470488890513e-01
-2.246422563726763466e-01
-6.745900555313087965e-01
4.021188982446382565e-01
6.646818571978322376e-01
-2.646345775652842458e-01
1.574382807558268593e-01
1.022531704487550097e-01
3.494574913101708424e-02
3.261207953452950892e-01
-3.090236723513103967e-01
-3.442539364148688441e-01
-2.532775625709433043e-01
-3.532128451114621703e-01
-7.250990950102049748e-01
4.774477623590547282e-01
3.304271403418015951e-01
-1.472122933235453235e-01
-4.724580420412279880e-01
-4.307703439042878668e-01
1.299920370089276134e-02
5.872164469665495240e-02
2.339586462967231315e-02
-2.290112558196499282e-01
1.276379632097427164e-01
-1.551013046857589728e-02
2.811289824522167913e-01
4.887107610381495881e-01
1.330153346824527738e-01
6.587457263545012376e-01
-1.249941498536491502e-01
-1.258816953735674149e-01
3.550183397859063561e-03
5.716046839417496944e-02
3.444496874799046066e-02
-7.454364821106316402e-03
-2.853031255287815648e-01
-6.334964140826836454e-01
2.927866095670635382e-01
3.403101391591324409e-01
2.130005069092446024e-01
1.208007574204938844e-01
-1.466684035845393641e-01
-2.830392847246874788e-01
-1.724866866594152726e-01
1.758641399467080965e-02
-4.077811500172673909e-01
3.575175075610605765e-03
2.652270375191667640e-01
-4.160811905826529711e-01
-1.754537039280683053e-01
-5.260141437802434011e-02
-3.960859882657045694e-01
2.661377374502648108e-01
1.842507478765278983e-01
-1.270668000354413692e-02
-1.137162040819059278e-01
-4.013124771674242974e-01
1.002254806968211759e-01
-1.500735045753144037e-01
3.223999666955099652e-01
3.627608412679706462e-01
2.944861893959262455e-01
4.433177903206450554e-01
1.481717059792708735e-01
1.513294073512662929e-01
-2.383609410231675441e-02
-1.927386454737047006e-01
-3.698065157499878519e-01
-3.810231240538011210e-01
2.460162293190024940e-01
-3.061692122506094460e-01
-2.696775206086712839e-01
-1.114856169138566111e-01
1.403838997908790458e-02
-1.687852576796246840e-01
4.123700680328405421e-01
-4.379600344464779083e-01
-2.945417154796831083e-01
1.561221766870724004e-01
8.736563025310491171e-02
-2.006905516122732269e-01
-3.476629454820973630e-01
4.475688820631493203e-01
-7.103863168974288156e-01
-2.858813996655675260e-01
-4.703717135344494538e-01
-3.484577381636867477e-01
1.187990714625312416e-01
2.295035471671208471e-01
4.170188904794259188e-01
5.361662082605556101e-02
2.297916595475074375e-01
-1.527420633019141438e-01
-4.380688141689225573e-02
-2.516156132264039114e-01
2.429530168718327665e-01
1.159858781473648293e-01
-1.163766736479341368e-01
-1.204025594165256396e-01
2.414004062900144704e-03
2.465450192187950973e-01
2.924410016337684604e-01
1.999360883770035513e-01
-1.679846310180997115e-01
4.064567178638017059e-02
-7.559246311472128665e-01
8.340830858971186312e-02
4.167212764031926753e-01
8.622719906225440045e-02
-4.571210705720517575e-01
-6.161221670017169583e-01
9.147205001524465195e-02
9.529428314770047037e-02
