1.405606768411585550e-01
-2.659483069217335668e-02
7.310822305661281162e-02
1.840022708253086781e-01
1.837714934027127323e-01
-3.962018527372000443e-01
-3.328787946370938555e-01
1.085335562792966863e-01
1.783169918215828376e-01
4.174246720397800821e-03
-1.309174204764773086e-01
2.057231919239091156e-01
2.587252687591392042e-01
1.220299484839295068e-01
1.771355373765975683e-01
3.556207355047270036e-01
-7.706348369215773042e-01
3.619725554161891679e-01
-2.306821641623907626e-01
7.013031430005414735e-02
-1.641693402887105802e-01
-1.749315450148571788e-02
7.596964746925238127e-03
-1.606034811868354006e-01
5.332473731546524126e-02
-2.304269932673804477e-01
-6.388165787334307288e-02
2.866682727448718881e-01
3.625272381663302013e-01
1.519185113747731353e-01
-5.952666634192808059e-01
3.768525108204580087e-01
4.581613101362205787e-02
2.428222222109998329e-01
-3.813621824302255714e-01
-2.619036938950147775e-01
3.872599543042946624e-01
-5.578879307412891730e-01
-2.558431944817717019e-02
6.437165673022903212e-01
4.004552278139675847e-01
-2.755349217408160079e-01
-2.749388389154227008e-01
3.341806043592170927e-01
-3.846623294279193361e-01
-5.480986778286374150e-01
1.132548465480047728e-01
-7.304305163367164067e-02
2.087457929679990276e-01
-2.153985002118411970e-02
-5.107304061384302513e-02
-8.087060891201817980e-02
3.212772499522453251e-01
2.604412385903024513e-02
1.182915434188544675e-02
2.541741705829416165e-01
2.441916707848034440e-01
2.811812776877264386e-01
5.888301470550071082e-02
9.042124176017470039e-02
-2.281923777634614278e-02
-6.238637395078249215e-01
-3.912041284618600172e-03
2.607368653721452434e-01
-3.551990061975457968e-01
2.706150506917070486e-01
3.604196765011361686e-02
-1.964013495956997910e-02
-5.138521204322377134e-01
-5.863324974736074946e-01
1.871518838846869814e-01
2.327860626239951214e-01
2.270043781792735471e-01
-4.485714539564767400e-01
-1.579653311834016208e-02
-2.703901068537705177e-01
2.001308597068832129e-01
2.985171384017386020e-01
5.028732575844018227e-01
7.782006947483213755e-02
-3.719578372259133708e-02
-2.388076254655964736e-01
-5.003786714104693778e-02
-4.543322116256739290e-03
-2.405537962461599677e-01
-1.638441343936478667e-01
-1.135389644125198300e-01
-2.396842211169616377e-01
-2.191692898244213816e-01
-2.220392470758855707e-01
1.231336989246533623e-03
6.138850613945544960e-02
7.496809850837639067e-01
-1.693217351468763454e-01
4.064078691657219689e-01
5.563774980777056595e-02
-8.331204950496956529e-02
-1.858413834128741782e-01
-2.194057377385608132e-01
-2.533292258266066077e-01
-1.823124930467198701e-01
-5.450555497420968010e-01
4.589742586483854803e-01
2.260192412932288675e-01
-3.992820118941776963e-02
3.184477945502738327e-01
-7.360110227204216815e-02
3.522378654286847932e-01
-6.767055526326300197e-02
-1.371471575418006239e-01
2.624769802465051760e-01
-2.450441847070043422e-01
-7.972397688501496604e-02
-1.810765939681645981e-02
1.923156030004626871e-01
4.558868904635648978e-02
2.816491885642115056e-01
1.561196809662398488e-01
-7.319564241239447100e-02
-7.700042319188986628e-01
5.755384021309171150e-01
-1.326976086794831589e-01
4.206825063816115318e-01
1.914682852815172143e-01
-3.018425690976926368e-01
-2.786551078398843417e-01
4.160376343652789077e-01
1.991140011088755046e-01
-1.318492099496176850e-01
-1.000000000000000000e+00
6.787626644005683163e-01
-2.158658245134894293e-01
2.411809414011123753e-01
-5.160439422774410617e-02
6.712968267205450534e-02
-1.872365509199375722e-01
1.922202406091456373e-01
2.034478359263993119e-01
-1.848653277616936486e-01
-1.024158235255551580e-01
1.599414880149162624e-02
1.086223188234439335e-01
1.701658403335091496e-01
1.058249854359676334e-01
-3.071654837212825159e-02
1.418624134448921992e-01
4.531398358607798826e-01
1.077183247110573838e-01
2.073091219157885967e-01
3.177170140973370471e-01
1.784569799639679766e-01
3.719338915859348726e-01
1.219068583597812117e-01
1.720679476629714821e-02
-1.695125617033773624e-01
8.142741111452259095e-02
-5.645785380501751050e-01
4.030527931014090126e-01
1.136690943723063854e-02
4.057145181275275680e-01
-1.022910558875976955e-01
4.581353494067497145e-01
2.149311278917346579e-01
-2.758598609622101364e-02
-1.395351252047650481e-01
-4.200169913407188482e-01
-1.191285917185192361e-01
3.654945606265134206e-01
5.261179930545108185e-02
-1.495680481867678324e-01
1.374623304753972985e-01
-3.200267158081921415e-01
5.566640958556985375e-01
-2.687423931289116830e-01
-1.607141810008038407e-01
-3.929208254710016557e-01
3.053501730806083558e-01
4.397491440702119281e-01
-1.128136125368484621e-01
-1.504771752472763013e-01
-1.400791055245566852e-01
-1.556643592012286470e-01
6.528070520715016645e-02
-4.652688555697278017e-01
1.540510497012028248e-03
1.459494806504193776e-01
1.648364371074567403e-01
1.268849437030080407e-01
-5.547161565915572495e-02
-2.570627939789031369e-01
-4.959387448702876067e-01
-3.018927348079548500e-03
5.016412251010494705e-01
-1.173869648519843822e-01
-5.143716514480842772e-01
-5.614465410913511284e-02
-1.712175924095398483e-01
-2.311398253674061543e-01
-1.356392313451728893e-01
1.948631747389488467e-01
-4.455127451139259120e-01
-1.666779601643522679e-01
-1.221516302469487780e-01
-2.449422958340035095e-01
3.316773656407863702e-01
-3.834746614562466460e-01
-2.406331796267963119e-01
8.686399013385605328e-02
-1.319299051118299759e-01
1.833457780904648171e-01
-2.175589316617049934e-02
-3.505983288523488173e-01
3.624821253317965786e-01
1.686918781628870267e-01
-1.475503714423840873e-01
-3.342314139661838324e-01
2.653325421754336721e-01
-1.711014214625964924e-01
2.338836535907041492e-01
-4.050086050674194249e-01
8.936805820795244715e-02
3.492847317511403316e-01
4.079919981520459538e-01
4.283702054820691107e-01
-1.678781359297940312e-01
-3.490006767220057288e-02
-5.576889362459062083e-01
5.659857966589801892e-01
1.395359550468651122e-01
4.868903840766145019e-02
-4.373762997227830240e-01
4.015552951103587009e-01
1.811843369380791990e-01
2.485392058728242426e-01
2.296532145103258038e-01
-3.493902472577347096e-01
6.297787103064950154e-01
-6.251822541473045503e-01
-4.247005420356561589e-01
-5.861133676306664458e-03
-3.827617753244413334e-01
-1.519488272430895015e-01
-2.209658403958688483e-02
1.561657818964733158e-01
1.198460947400223908e-01
-2.132906547456785706e-01
3.600597597944232842e-01
-1.305312423871762273e-01
1.798273664917705850e-01
3.727066321441741548e-01
-4.806641424857664990e-01
2.363280262524038167e-01
1.607902481210199686e-01
-4.982550388886218817e-01
5.191580861648608103e-01
-4.652069386327829792e-02
7.756130360942529167e-01
1.095116641934901353e-01
-6.854313397909731487e-01
-1.348106518121402510e-02
-2.923828849442193512e-02
9.121635602357208716e-02
4.559484221941064418e-03
6.404329132906393385e-01
1.032145035543537981e-01
