-9.698331414926479599e-02
-1.817973566678538211e-01
9.832915936974549742e-02
-5.786168816788755942e-03
5.647174362016167404e-01
2.840522141917097843e-01
1.234836026501143491e-01
-1.503039643664201563e-01
2.814921094408623370e-01
7.256382505481540068e-02
-1.408933250126273573e-01
-2.366901856571303475e-01
-5.536141953169481100e-01
-2.301357100832492897e-01
-6.229586132751804284e-01
-4.806620685254497927e-01
-9.055961867778104801e-02
-4.831353262114554403e-02
-2.281117648226397565e-01
-1.073780722390116002e-02
4.216467416154523473e-01
-2.074160438824856206e-02
-5.727414090058154938e-01
4.354695651230672815e-01
1.299313445800441280e-01
1.825414553946274610e-01
-2.378783552979992777e-01
1.199883670984867173e-04
-2.480896932296093316e-01
-3.705996172917567777e-01
-4.320725553961973775e-01
3.302924309215966581e-01
3.438206308720347798e-02
-1.634516911549520612e-01
4.079320650863474951e-01
1.894819721314176530e-01
-1.950175095953991522e-01
8.232096719118342509e-02
5.464325652355492835e-01
4.550216708375312558e-01
-3.643938190823023393e-01
4.276719222050102687e-01
-4.192811566281934854e-01
-1.346343021414840302e-01
-2.030960163086071857e-01
-4.728669620105022120e-01
9.408770467460139675e-02
9.204699622890029354e-02
-1.749534491352888466e-01
4.859705931028284187e-01
1.305873768461789930e-01
-4.516094480919084497e-01
-2.240649591745378644e-01
1.908860280043125912e-03
-4.301085705741143350e-01
-2.268623713291607891e-01
-1.197521463332048425e-01
-3.961790674969153936e-01
-6.844690195782185405e-02
5.897620292349447721e-03
4.759684081697087010e-01
-1.468655445814917859e-01
-4.073434665549373612e-01
-4.353134903827163282e-01
3.486544984556338433e-01
-5.055861613080313566e-01
3.450645028967500583e-01
2.139008974321265355e-01
3.840565013202273947e-01
1.943064074053862389e-01
1.276160315528688249e-01
5.596905697969671578e-02
-3.096278310994187155e-01
-2.701034469938370375e-01
-3.933560596908717844e-01
-3.674748927247665220e-01
-2.414836566860646128e-01
-3.093012902509788553e-01
-7.171717347332587922e-01
2.075848532991697026e-01
-7.787796907048718520e-01
-1.615153236861568281e-02
4.613099981355819890e-01
4.100115978921262117e-01
-4.552171984251109360e-01
3.455087223864277690e-01
-4.459452414841920398e-02
2.696011672372102264e-01
-2.028862092428420499e-02
-2.914001825584959238e-01
6.343870742414612351e-01
-2.102056931767166126e-01
4.853957124792534494e-01
-3.578270891573062107e-01
1.706158464350384096e-01
-3.005602403443632387e-01
-1.734006507918997853e-01
4.211662561002981614e-02
-1.460120370673512746e-01
-5.631309611562172052e-02
-2.338904126218951940e-01
-3.044849148639007241e-01
-6.542205886264991499e-02
2.082454133285552011e-01
6.082697408001026540e-01
1.973039851734499639e-01
4.358982218449934942e-01
3.803369675819683882e-01
5.697349032443623784e-01
-3.071892455854620119e-01
-3.161805248218520492e-01
-1.225122135604940765e-01
9.999721652554625917e-02
-9.815738483836546069e-02
3.557644720758511014e-01
1.294797335284172124e-01
1.683461344500388271e-02
6.674937404681005604e-02
-3.406207513391145553e-02
4.607103567743706662e-01
-1.340667244014846493e-01
9.323427990624369444e-03
-3.525875676856916885e-02
-7.357653150853948887e-01
-1.535416340481169928e-01
-2.522478587483536483e-01
-3.291262156229718960e-01
-4.084668448806040575e-02
4.135159189367134669e-01
2.203473500852113909e-01
-3.412177691702655280e-01
-4.711425410289343807e-01
-1.528954974042564807e-01
-9.080159358285427862e-02
7.445940601649657896e-03
1.173374217213568743e-01
-1.416194565801508765e-01
-9.649230194662354598e-02
-4.990637009968339477e-01
-1.115773407200850997e-01
-6.847760527603238279e-01
4.793399784383544082e-01
3.588702992784256196e-01
-1.028255715576476270e-01
6.231734633167901327e-01
-4.645922269746158295e-01
1.545142139442326479e-01
1.000000000000000000e+00
-3.869448279199485391e-02
6.530737340486626463e-01
1.838243398009850593e-01
-2.524058039467957926e-01
-3.195760857761671403e-01
1.466143690559402746e-01
2.371746024347636816e-01
-2.532276100627775528e-01
-3.200321700808383407e-01
1.682540398692383143e-01
-5.430167378393797178e-02
2.948244903663634342e-01
7.609181276643547376e-01
-1.862244751368057061e-02
3.976533377849214568e-01
1.255311880210249753e-01
-6.946410927293599213e-01
5.512593857017535903e-01
1.952627933564647089e-01
-5.806652259918411163e-01
4.056732563959108417e-01
-1.291251489986307288e-01
3.256898115247200964e-01
-7.167853120066425276e-02
-3.889302331518146305e-01
4.249392376096929880e-01
2.415694051067438231e-01
-2.537025188270559117e-01
1.214017923370479604e-02
1.383606846635096754e-01
3.263588534913256477e-03
4.831308941987858541e-01
5.379689028560473707e-01
1.648190178335752210e-01
1.188235167984739993e-01
-6.414022266973881670e-02
1.931183712716061374e-01
3.836945636562801298e-01
-3.903163783890916116e-01
-3.751724013017264381e-02
-1.486624870495771578e-02
4.433529984425391840e-02
1.505955434021976624e-01
5.491625597594965852e-02
-2.833382209653017569e-01
-2.985626700822026636e-01
-4.244562373906254349e-01
-1.523368956683109898e-01
-3.857155807525090158e-02
3.125865922282317771e-02
2.359315985383401149e-01
1.384107424177830614e-01
-4.137682237137689512e-02
6.992858452073359883e-03
1.000000000000000000e+00
2.199931201797225011e-01
-1.680913155892272970e-01
2.678165500144153929e-02
1.973858277510610604e-01
2.753969210910566789e-01
-1.735572711319287309e-01
8.423759122497838370e-02
-1.242124558530105782e-01
-1.238978541502535613e-01
1.608517369832426491e-01
-2.238372219533243945e-01
-4.988887762774733836e-02
3.149025585623670964e-01
-2.639307690362868719e-01
-1.622950698256251101e-01
8.335123955133945106e-01
-3.408933797376385855e-02
-4.668878175327846602e-02
4.571138649623115446e-01
3.332045959003910873e-01
-9.846654554247642743e-02
1.279365119688320729e-01
-1.540765031391462814e-01
1.541383793097298449e-01
2.405206982603367849e-01
5.869878523898403727e-02
-1.824506281601696867e-02
-3.861324090256629815e-01
1.910804363298895803e-01
-8.090099322355490119e-02
-2.484783397699799959e-02
4.179487827301108238e-01
4.300660623544381722e-01
5.220574614029598742e-02
-5.770172375628479511e-01
3.087717288041716412e-01
5.147267188521185144e-01
-7.706136750626843557e-02
1.170463058249791299e-01
1.958684446507950525e-02
-2.363677944773596301e-02
-4.844591091121951409e-01
-1.633002299120449308e-01
1.533652948412818351e-01
7.398279205335631659e-01
-3.707553643616809391e-01
-4.084841926294920933e-01
-2.492566164452260646e-01
-1.207669538546185944e-01
3.415034572088121445e-01
2.450399389927254701e-01
3.246326483146114161e-02
-1.157971102785015777e-01
-1.679120577679928950e-01
-2.860431342813735817e-03
-5.609887245499753927e-01
-4.178409276136357819e-03
1.030738219232256586e-01
-6.122978707463974102e-01
-2.035785348054641175e-01
7.055375144577245017e-01
2.736185014103066637e-02
