-5.667526838390353205e-01
2.733163044597154423e-01
1.413461564375534663e-01
-1.043938030028409014e-01
5.647688175867026095e-01
1.244163416752180895e-01
1.103984768006934930e-01
-2.238598308189053421e-01
3.253765581230247950e-01
6.457613812649665164e-02
-1.424918151444684589e-01
-8.491406866764471262e-02
-6.065215316471185281e-01
-2.737195939728895855e-01
-7.145270184542593661e-01
-4.867226565126255289e-01
-7.932918649995331084e-02
-9.414526398284814301e-02
-2.321790008055736321e-01
6.650566711889641103e-02
3.691151944301651611e-01
-4.281594702970972777e-04
-6.058813808429008851e-01
4.256081886009471238e-01
-1.052493751196552224e-01
1.977431537392936589e-01
-1.656643639518607936e-01
-3.091934779734065858e-02
4.928503895046310035e-01
-3.162385845135868290e-01
-4.892281250198162179e-01
2.631524822700720412e-01
1.779382194448252130e-02
-1.634516911549520612e-01
3.484976394180306358e-01
2.441580305274030083e-01
-2.579859289215586382e-01
4.138325645020757282e-03
6.083704739800831485e-01
5.103881080385861413e-01
-4.412977003974803414e-01
3.902379549735867093e-01
-4.390293495256811784e-01
-1.325047698416281505e-01
3.241658309407746130e-01
-5.503108004163681510e-01
4.301794404860101451e-02
1.203727511226394681e-01
-1.959434072467045873e-01
5.406079604409786965e-01
1.527906876869947195e-01
-4.516094480919084497e-01
-2.042155698260238184e-01
1.955131873007771512e-02
-4.491998855479298891e-01
-1.644150725097129895e-01
-1.304582825050857875e-01
-3.887845377161486815e-01
-2.691027288054036182e-02
-2.105416316899136331e-02
4.564097535802547068e-01
-2.118608309823756808e-01
-2.611323063236994368e-01
6.503932328279403707e-01
3.102845628768134967e-01
-4.416876527726055768e-01
3.380402764930528492e-01
1.766863408579680550e-01
3.588719423284927323e-01
2.009705998187277243e-01
2.054530864603202889e-01
3.583761437896473140e-02
-3.804648338380703376e-01
-2.701034469938370375e-01
-8.520911498025428576e-01
-2.903672832399062376e-01
-2.208159847221478067e-01
-3.681072244160573659e-01
-7.462874339792094913e-01
2.327186286932257653e-01
-7.804233597059090366e-01
2.887368288713530740e-02
4.420414430064916744e-01
4.117666576722412430e-01
-4.699619870395124188e-01
3.455087223864277690e-01
-6.215184268862257444e-03
3.574415322233954750e-01
3.091241365956266113e-02
-3.310091403834354296e-01
7.119651732213140294e-01
-2.792555294401427579e-01
4.642752477350470808e-01
-3.742496832910998661e-01
1.711067241145388662e-01
-2.208637978900643561e-01
-2.047743907873316449e-01
3.486601171990157816e-02
-2.047964473277365527e-01
-7.221159579657393524e-02
-1.729979778114426880e-01
-2.583640754586147281e-01
-8.584124046337597569e-02
2.660556449544034252e-01
6.695743075553417523e-01
1.786104479687180280e-01
4.527424144213466617e-01
3.032945824456666495e-01
5.390146427582299671e-01
-3.793898713052035743e-01
-3.180471662028298008e-01
-1.225122135604940765e-01
9.440659818800939407e-02
-6.527606598414728567e-02
6.359953458762976353e-02
1.220556892010431632e-01
5.586123774304545958e-03
6.674937404681005604e-02
-1.480993182871985850e-02
4.607103567743706662e-01
2.646516371962673309e-01
8.836206758717500553e-02
2.830146412553730673e-01
-5.952888294820023463e-01
-1.682833208772286371e-01
-2.690558332810827902e-01
1.858159847093801831e-01
-3.240846550927857506e-02
3.270603994227489486e-01
2.502072999155006694e-01
-2.975839665034428760e-01
-4.763195696647394284e-01
-1.953288177938241055e-01
-5.045503316054482379e-02
-1.288243318974652274e-02
1.413177533914042605e-01
-2.255364434689633713e-01
-1.105133780475978100e-01
-5.794654601776650926e-01
-1.192699230185449155e-01
-6.847760527603238279e-01
5.564541725400098393e-01
3.600321034131383491e-01
-8.926088807498042121e-02
6.367286318589957528e-01
-4.387983210189703165e-01
4.253280620590376149e-01
9.414821807515437735e-01
-6.559418669108230127e-02
6.137257797695993000e-01
1.897535280645230027e-01
-3.472455099311507754e-01
-3.430128680083027737e-01
2.443635670207047403e-02
2.371746024347636816e-01
-3.204496509450631136e-01
-3.306033898173310615e-01
2.146850482281316697e-01
-1.364147022984409097e-03
2.987456611982708399e-01
6.967852684505628780e-01
7.003339746779119190e-02
3.821655141218219809e-01
1.818344196372870536e-01
-7.378796993519426417e-01
6.314308805478371367e-01
7.365044370231225990e-02
-5.149085602389352756e-01
4.747208692139702479e-02
-9.392204092343450772e-02
-6.048102701748341303e-01
-1.116675373095566692e-01
1.409981141760372481e-01
4.322505597050759207e-01
3.203999388157371397e-01
-2.580257896134035556e-01
5.325817222095342862e-02
1.260325302035290862e-01
-2.698338955525650049e-02
5.433668900131192192e-01
5.379689028560473707e-01
1.159101877650959567e-01
1.188235167984739993e-01
-6.414022266973881670e-02
1.265779388121423821e-01
3.803092099445262164e-01
-4.143631982015429926e-01
-6.893920096356712102e-04
3.200992534624788610e-03
6.617455090999381506e-02
9.492754244404238984e-02
6.332438990345058694e-02
-2.200510205835235489e-01
-2.547933559861821906e-01
-4.125175009010342841e-01
-1.486385833524196398e-01
-4.304886244935639261e-02
4.972332660775699575e-02
2.359315985383401149e-01
1.549011054488055872e-01
1.496408567587508009e-02
6.680269234647729162e-03
9.415444087851894128e-01
2.199931201797225011e-01
-2.331783325904869808e-01
3.386876140572162019e-02
1.934651891487344788e-01
1.927311765412796363e-01
-1.881567996863951486e-01
9.870005639189768920e-02
-1.242124558530105782e-01
-1.681244798766294013e-01
1.520537767695002984e-01
-1.586488076784395296e-01
-1.454753402993022027e-01
4.035869070746388454e-01
-4.933128690426819701e-02
-2.464823251825109252e-01
8.335123955133945106e-01
1.585856499217504906e-02
-8.662202936916824081e-02
4.571138649623115446e-01
3.844812385384004938e-01
-2.840886324977391630e-02
1.599400412767623680e-01
-1.654902911449096792e-01
1.426159720278926124e-01
1.512577928395673066e-01
4.774940964629017376e-02
-7.108749990005719388e-02
-3.412731974167340088e-01
1.003207530721849233e-01
-6.102701064682489879e-02
3.769571453551547047e-02
4.214887120026881706e-01
5.269058092205952670e-01
7.299341890224134155e-02
-5.521925595067199710e-01
2.855134851108593885e-01
4.870181819093346021e-01
-2.679762189567413966e-02
1.428566975504859671e-01
1.958684446507950525e-02
2.283909800329568807e-01
-4.636036145913459139e-01
1.421935280087294751e-01
1.533652948412818351e-01
7.536593577750677619e-01
-4.435921492695439339e-01
-4.084841926294920933e-01
-2.097756529280911941e-01
-1.505596428623244831e-01
4.032761757522675405e-01
2.726267193771154673e-01
4.357561112801076886e-02
-2.025715430628230729e-01
-1.951656104121324287e-01
-2.269401182199427131e-02
-5.921223306920962992e-01
6.305216370299440709e-02
-2.099656955874588948e-02
-5.449777264099839869e-01
-1.909032855634789083e-01
6.247154573632625052e-01
2.736185014103066637e-02
