1.024954895317315706e-01
1.879210220957740762e-01
3.915773470440760962e-01
1.711785577285560855e-01
3.916120616707167990e-02
-2.047100052926952574e-01
-4.743237423265070918e-01
3.261846500710776330e-03
3.626443146338625412e-01
4.434729592827122563e-02
-5.759105333207630295e-01
-2.248641890727580417e-01
1.208167831490350175e-01
9.831676638617287134e-02
-2.134624063521840254e-01
4.722847157275160135e-01
1.742858897376089178e-01
-5.577689670859622417e-01
-2.596342137931446636e-01
-8.189771465144880802e-02
-5.099181827581861226e-02
2.013868450270628330e-02
-1.941765053431712129e-01
2.808699601441030369e-01
9.466158527918262788e-02
-8.953343862434734457e-02
-1.725832252211501605e-01
-1.414650951744783336e-01
-5.490569395884073618e-03
8.311787625573665520e-04
7.119446555428885492e-01
3.500496213086917718e-01
3.752757664828990647e-01
3.832984179458541196e-01
-3.555560745462073013e-01
-8.965369658930472108e-02
-2.238595541695812818e-01
-1.809901970801887361e-01
-9.472085953122437452e-02
2.360305641807238508e-01
1.104944885721473313e-01
-2.867601978958042586e-01
1.789854693570974986e-01
-4.106264556649868308e-02
-1.490778954790579203e-01
-9.323561571769563294e-03
1.973510531052390105e-02
-1.630321601143572552e-01
7.360311252380905556e-01
-4.029380033796776117e-01
6.076756594417054291e-01
1.168624581828066195e-01
1.213549523499386912e-01
-1.772721023544402141e-01
-3.386247154286654015e-01
3.542538098134663804e-01
1.215140229236817970e-01
6.347317421152011419e-02
-3.095047415660271417e-01
4.983284002031404536e-01
3.596081506997444444e-01
7.256418281818298455e-02
-1.216444731920024273e-02
-4.151526919278998307e-01
3.132053389837247681e-01
-6.317421278283158470e-02
-4.203349453520954238e-01
-1.488755508272484596e-01
-4.266017713311220927e-02
-4.368731108568758847e-03
2.030353016995350146e-01
1.333746096562370975e-01
4.730403214124243028e-01
-1.021090391586092772e-01
1.307171696549810080e-01
5.259114138403807592e-01
-2.252851004925464015e-02
-1.420527928378778615e-01
-4.379383817145188207e-01
-4.346476787295842081e-01
1.074936521110191473e-01
-1.129503499027424279e-01
-2.035802769898300002e-01
1.997008396094168137e-01
5.270227126893624325e-02
-7.594804296857948778e-02
-8.837622656218170336e-01
-3.743252676526863387e-02
5.606087281946273843e-02
-1.496834994606807412e-01
2.105021040282571698e-01
-3.407682882788252710e-01
3.692040140898085743e-01
1.325134182675484495e-01
-4.585069589746205154e-01
9.051597342472528229e-02
-1.752874402701060375e-01
2.387276025876541863e-01
-1.270849660666752423e-01
6.958578318738484203e-01
2.965713637943109271e-01
-1.749876599981708969e-01
4.759114353498842820e-01
-1.094434102700689165e-01
9.011278889218415911e-02
-3.980253932469863254e-01
3.158029981829094113e-01
4.265418745371467660e-03
7.351904058286269639e-02
-2.327346931054455892e-01
1.940173013088463960e-01
-2.561087657499762638e-01
-1.528399332142789391e-01
3.700668840202481769e-01
4.752357783113852485e-01
-6.136845734753885173e-01
-6.605284595143945392e-02
1.762893609739474843e-01
2.156909759112549396e-01
2.097243963434886893e-01
-8.489542171822697658e-02
-3.337127963575089451e-01
4.956926048325246276e-02
-9.892243410414404414e-02
2.649403885706150263e-01
-2.349356046555997612e-01
4.995556269965327201e-01
-1.709493495080909864e-01
-4.628479967397590711e-01
-1.053005341849094952e-02
-3.014851427087909541e-01
-3.976039484289876913e-02
1.136041666113504489e-01
6.755285151764651719e-01
-7.311326419190705694e-02
-1.278168802299111118e-01
-1.446627564894472917e-01
2.199099968595735755e-01
-2.007929170360973070e-01
7.585747849154519939e-02
-5.641996374583000406e-01
-2.052980232277158978e-01
-1.583711684799576080e-01
1.211484490910502698e-02
7.021872332905175484e-02
-2.969492505688188233e-01
2.766949675727433666e-01
1.458841195463113638e-01
4.146210251644301681e-01
-2.705150350620947886e-01
-6.500351468901333085e-01
2.971005197864279301e-02
-3.351774129909049910e-02
-1.057191238022290869e-01
4.761351630842923233e-01
-8.856334251768030463e-02
-1.206197617077590795e-01
-1.103772368565500150e-01
2.102120856181368125e-01
-5.407628892377654983e-01
5.986088895449904745e-01
-3.466961410377258912e-01
-4.380428688807427341e-03
3.387865953790101803e-01
-4.507556386832729522e-01
4.372048531208899691e-01
2.679271345424199743e-02
-2.224978789492630116e-01
-2.940538329837571463e-01
5.301981525717124333e-01
-5.167421518198665135e-04
-1.300834359993717215e-01
1.161562055819156947e-01
-1.515997133233444316e-01
-1.882622088418840489e-01
-2.929418485301852476e-02
5.909946045702010875e-02
3.719170039543942541e-01
-2.330088632227259038e-01
4.653277839722144704e-01
4.133094645448559534e-01
4.056138601255799836e-01
4.025525812291304018e-01
2.110158897813743384e-01
2.446702291360035308e-01
-1.603176347450105677e-01
1.056612492921567802e-02
-5.736578779433734732e-02
-4.693576245835293648e-01
-1.067694285351607902e-01
8.999037411945766396e-02
2.572616703575860697e-01
-4.741800393252550427e-01
-4.224331447748663204e-01
9.484505811581529777e-02
-2.674574856075502896e-02
-1.214325548178371433e-01
5.528710446587495331e-03
-4.884130914981880123e-01
1.434620671481427190e-01
-4.364091180175905804e-01
2.319210274234656532e-02
6.565451601743559074e-02
-2.140541388903645093e-01
5.277061550447793570e-01
9.907163387139591298e-03
2.886187376528726381e-02
-1.018646460630426437e-01
-1.081468430955891402e-01
-1.172927850672109695e-01
-5.983992727740168327e-01
4.410728731991380713e-01
-1.202746935809250184e-01
-1.062359985136157314e-01
2.550035031047478418e-01
-7.167396393991747050e-02
-5.750212795806921573e-01
2.443848722988633260e-01
2.571835899622750832e-01
8.009904746935360420e-02
-5.452725967068691032e-02
-3.825803150503020306e-02
2.440370247313705665e-01
6.436169732392410525e-01
1.248055042244565899e-01
-1.446744819526787629e-01
-1.834067253885782178e-01
1.106052183987031728e-01
3.843517115194652889e-02
3.178875602386138088e-01
-4.801327694060779083e-01
-3.449217273163118214e-01
-5.505596889981091008e-02
1.159985191017806894e-01
1.520596736742768629e-01
4.823676952334553930e-02
-2.066709620659052879e-02
-3.864887612107202330e-01
-1.698062437012184678e-01
-1.128156956312012377e-01
-1.689723982342413444e-01
-6.164569097764489580e-01
1.771461916903783740e-01
-8.380185070270838865e-02
4.615058731023960470e-01
-2.249363823921746511e-02
3.174926069548481000e-01
-4.263886093879685757e-01
3.286431827724193844e-01
2.027642020059509942e-01
-5.026513708287674298e-01
-4.819573176945863846e-01
3.172189544682817441e-01
-4.261980024917209620e-01
-2.148401189489092256e-01
-1.031293887796353587e-01
-2.209901277321833779e-01
8.175495916587680045e-02
1.211274070439209427e-01
1.319443998286287389e-01
-3.472799812296384903e-01
1.982787294867891237e-01
1.502158307981716345e-01
-7.713694750548272250e-02
7.312550436283626887e-02
