2.717073458484450255e-01
-6.263577778851048272e-02
5.547743906200224284e-01
-4.301886974104066619e-01
4.162021087514427425e-02
-7.636398629233048796e-02
4.521104782296047481e-02
4.382409526745884715e-02
-2.415779538885058642e-01
2.419026401027590256e-01
-5.409231560276130946e-01
9.904267139052336938e-03
5.401684121708604236e-01
-4.484958779814148672e-02
-2.770295385911031652e-02
2.725159476294074512e-01
-1.652595598357236850e-01
-5.782160068324883051e-01
-2.621484629068519118e-02
-6.395722078311977254e-02
2.273089413601471487e-01
1.561358480215963018e-01
-2.732197745829510471e-01
2.462664419788375691e-01
2.349518296593335887e-01
-4.619276188531162841e-02
-5.999050145299195114e-01
-1.325565212304520291e-01
-2.835298701191808490e-01
-1.380345470161552235e-01
2.229769417768800721e-01
-5.744077183577349643e-01
-2.091299042977705913e-01
-6.260747444497475334e-01
6.454763882152390053e-01
6.199714761666345886e-02
8.054056508872527859e-03
1.445740135572259610e-01
-2.366510461302377133e-01
3.818445814338957134e-01
-5.112214259059534305e-01
1.892200185542562696e-01
2.756749757625557296e-01
3.346174532754368491e-01
-3.277475557274524554e-01
6.133240900530519124e-02
6.920571662180856343e-02
-1.041994764774902410e-01
4.030096741721032605e-01
-3.130420724455274528e-01
1.160192815572832215e-01
-2.743662115660988055e-01
-2.764467668825927316e-01
4.201762164065680483e-01
9.373899829605616962e-02
-1.349469299478159856e-01
-3.093853995057682105e-01
2.202574757080811296e-01
8.387742474957549099e-02
-5.244217832801228996e-01
3.535525597836812473e-02
-3.287067939370828529e-01
-3.109795435462222590e-01
5.087238882751694558e-01
-8.550816926920830341e-02
-1.958788050912299850e-01
3.222929284326582922e-04
2.780529978872849362e-01
-3.019218819921066221e-01
2.550665318775945378e-01
2.618919622045019768e-02
3.778154967707249567e-01
-1.976877134494945121e-01
-2.917741657476815575e-01
4.041348619660065089e-01
-1.214836050225083230e-01
-1.165730395968666774e-02
3.491295851015453755e-02
1.725869499766392035e-01
2.743419710987214655e-02
3.270326427878757214e-02
2.943708232527820767e-01
2.564219963253880907e-01
-5.580972285421854917e-02
3.896667820490641310e-01
-3.086667229803748969e-01
-2.578957793423026779e-01
1.475348428039380821e-01
-9.394095649033072648e-02
-8.531839828642770462e-02
4.842226198414816274e-01
-1.033596823080070726e-01
2.607442127324627879e-01
1.243842230353966599e-01
8.539251394881750001e-02
7.465309171507668318e-02
1.207474694977845459e-01
1.022247265494859586e-01
3.672837815281604912e-01
-1.832362265734340800e-01
-3.884344767595126480e-01
-7.311569584106716868e-02
-2.385222777230970870e-01
-1.735213957660532158e-01
9.323682993294725441e-02
2.823935859680027360e-01
-6.335336880272994520e-02
3.049488580190992670e-01
-3.285709563064122540e-01
4.130826315325744624e-01
-1.712128295041003001e-01
8.346388142557802092e-02
7.324453579062398245e-02
-4.994975624804705028e-01
1.839864384162246402e-01
-1.666929299448601798e-01
1.615032616406751054e-01
-2.170601140585148026e-01
-2.636477061383390996e-01
-1.045828924487159431e-02
6.011669957933607478e-01
-2.175781434282903215e-01
-1.438490702424623791e-01
1.386067274266344074e-01
-2.037503772300181260e-01
3.370411867827145525e-01
-4.159728052719927072e-01
2.896313296558959416e-01
-1.090359011309491588e-01
-2.576681633860264387e-01
8.479956992012510630e-03
-1.822767089423651676e-01
2.318616268485857446e-01
-2.172326323527223602e-01
3.390586962087631662e-01
1.524585544851817312e-02
-3.489224342304648174e-01
-8.368363476871042150e-02
4.383884383149837527e-01
2.615388447717699114e-02
2.073958541033438241e-01
6.520820294395414107e-01
2.885676116767473265e-01
-1.530510404107578437e-01
-2.435898677177591176e-01
-1.361069223068354928e-01
-3.975852645086015436e-01
-2.541970604570996661e-01
5.080060739471364828e-01
-8.289448572164026530e-02
6.962877875997541821e-02
3.474585835830433789e-01
3.962905390153294016e-01
-2.031703441602089252e-03
-2.022188645562875420e-01
4.580058443899991810e-02
-5.599474567233844180e-01
-1.101097627228291298e-01
2.202988646073623658e-01
9.189011667437822772e-02
1.393304654435877366e-01
9.654773794318312341e-02
-3.327487928253359262e-01
-3.954104984952344637e-02
2.414036620904053410e-01
-9.706918952134782619e-02
-4.218509845329551644e-03
-8.143355004303542977e-02
3.037180855445635319e-01
2.179515217597934595e-01
1.377659094492321087e-02
3.059295885920700758e-02
1.772209206911743162e-01
2.026909982099775742e-01
9.347919757759712289e-02
1.145556783479279445e-01
-2.259057128117245364e-02
1.089133343297959827e-01
2.010147074607694095e-01
-9.568767629282895482e-02
2.205953497168214664e-03
2.621887147052499589e-01
7.184433257198669098e-02
-2.614882568923178330e-02
-1.799464033186153333e-01
9.142042614270350087e-02
2.492608139014630408e-01
8.704988940164760935e-02
-1.853913537160682135e-01
-6.682027441597404582e-02
3.754994244553037930e-02
-3.839019539561925876e-01
-4.258543996956690170e-01
2.631478486922626536e-01
1.593287959948211652e-01
-5.345030266186751033e-01
-2.993594787663614865e-01
-1.588793587457790479e-01
-3.155910528547392624e-01
-3.960209744542006471e-01
-2.038767107473777873e-01
7.890400634319661988e-01
2.698627591362954270e-01
-2.991311573742513885e-01
3.547930568907005644e-01
-3.150516007093412396e-02
-6.401593516192286004e-02
-8.323631423050710521e-02
3.103096757960178143e-01
-4.251541735697981356e-02
1.904119802115061544e-01
-5.518774228121673536e-02
7.140458205779554035e-02
-2.478340825749012488e-01
6.180510002628204491e-01
8.324117386109387839e-02
2.093008263161147131e-01
4.412073685371311060e-01
-1.490120266459066534e-01
1.290907968246604032e-01
-5.989065811530958072e-02
1.389574658877134050e-01
-3.079447363270401694e-01
-4.253960566231332341e-01
3.060441664487700275e-01
2.359154442195549040e-01
5.381726775881408298e-02
3.912688948994373916e-01
1.927827204455692389e-01
-5.512821758106404291e-01
2.529666678299363758e-01
-1.381849884475420780e-02
6.087318667727080745e-01
-5.024555731849588147e-01
2.238712493086563934e-02
-1.092670727966267574e-01
2.929414450848824014e-01
1.376706838030644642e-01
8.425223284310731642e-02
-3.380871099822282400e-01
3.751369958239774149e-01
-3.155872819127425455e-01
-1.606551118261880517e-01
-8.249632162997249107e-01
2.193161538310828274e-01
-3.350247396671647837e-01
-1.489271117489526508e-01
7.620406530615965179e-01
3.148395412238364499e-01
-3.119513634908099853e-01
3.958807313428562846e-01
2.477662565856804736e-02
2.882005083626288933e-01
-3.623954568979824709e-01
-7.828941080896953952e-01
4.348637750177427042e-01
-2.324012715951489505e-01
-2.549377058483132119e-01
4.306811876888550286e-03
3.666682119686965335e-01
1.765655030935619485e-01
1.443227472083361274e-01
-3.329361182320459966e-01
-5.088377941983578817e-02
1.329935299272052007e-01
