-6.586052225741678180e-03
7.528986829345379883e-02
2.707260470000426023e-01
-1.206079853694422832e-01
3.299392484884162702e-01
1.105967897265804495e-01
3.219563469222652130e-01
-4.617873684874961304e-01
-6.511676567373094748e-01
1.862255041304334002e-01
4.055422002872580700e-01
1.000000000000000000e+00
8.813809004315523721e-01
-3.639876160874895294e-01
1.465767914832280805e-01
6.527989210706324208e-01
-4.534779805670718922e-01
-3.968306001503491554e-01
-3.936334699513197588e-01
-6.256152252891010734e-01
-1.382986005416123598e-01
-4.988110865731654880e-02
4.255478822038720743e-01
6.838577053400371475e-02
-1.843201801917891958e-01
3.775549458095332767e-02
5.280790257409201383e-02
-3.230117976559386817e-01
-3.489275527027204532e-02
7.185570018318615526e-01
2.063870362957078430e-01
1.176446421351692306e-01
-7.606299495261661936e-02
-4.132464418787345495e-01
1.902994999544553867e-01
-2.444223488774882047e-01
-8.946748166163792648e-02
-1.178461730600726814e-01
-2.224374103236623768e-01
1.423763833124086498e-01
8.744001455106613363e-02
-3.297083328847633665e-01
-1.609656335980202690e-01
8.977732991749229341e-02
1.275484412193538808e-01
6.342878051029024467e-02
1.450947780354883698e-01
1.876308375965174136e-01
3.306504696770288382e-02
-2.543295558134097134e-01
1.865002396754843195e-01
3.509369988265217954e-01
1.818941986396148403e-02
-3.262179597111120738e-02
2.140627578421797628e-01
4.000459921736106428e-01
1.992882644149741589e-01
-2.317642892793486398e-01
3.238675663368174029e-01
-2.294435573781745674e-01
1.786074762519618553e-01
-8.682047236887789621e-02
-1.754166017851947479e-01
-2.638960799670920787e-01
-3.605550938022910046e-01
-1.375151170805662126e-01
-3.160497705253072914e-02
4.043561309206419874e-02
-8.421443288966590224e-02
1.301427535825360748e-01
2.901577408837798244e-01
1.812339309970337486e-01
-3.094249091772823257e-01
-5.802175282923796584e-02
-1.068394525765569043e-02
4.537217444056854676e-01
-9.044843544424935322e-02
5.302030319762673222e-02
1.830086681828062833e-01
2.078960440984091440e-01
-2.730433918727501741e-01
-1.540910539741774110e-01
-1.324101049640149519e-01
2.313801131549822823e-02
4.118621706237198810e-01
1.079306322696523823e-01
9.016360124723438174e-02
5.517094425333627372e-01
4.340405149191264161e-02
3.517463221599886336e-01
1.848843777586119674e-01
3.504532444142829384e-01
-6.414348874015796120e-02
7.602456065399054719e-02
-1.114631004463357278e-01
2.615890505236407315e-01
3.065296138194277542e-02
-2.386103965136223137e-01
3.041136099099911450e-01
9.244391606367659275e-02
-3.951745519400980816e-02
4.533491868587596896e-01
6.302097030108091968e-02
-4.622788180640028527e-02
2.105370259634026242e-01
3.881937202039917323e-01
9.080111302420024177e-02
3.011305328186005825e-01
-2.436879059221039867e-01
-3.778037466510487663e-01
-5.499821797082164038e-02
1.467490660262135704e-01
1.518063378053884638e-01
8.163147014241982358e-02
5.117519631830204085e-01
1.512070964393305017e-01
-3.644433780512324611e-02
5.155747327117684575e-01
-2.306662979155868487e-01
-2.099743883140416933e-01
3.513861907660710271e-01
4.631718059690449751e-02
-1.204831535803308484e-01
-3.048406663672214023e-01
-1.185651762698893413e-01
-3.172698031876095004e-01
3.066054803611157342e-01
-1.371467867401280627e-01
-5.716299943000049399e-01
2.785041971786373916e-01
2.887209477889007281e-01
9.294383602183470261e-02
-8.289293594335697679e-02
-5.168911766280541720e-01
4.956395368843201643e-01
1.760875771510740095e-01
-1.940940755548348495e-01
-3.143015277431477350e-01
-1.326106166106087898e-02
5.024048632975579298e-02
-3.342106395625159543e-01
1.244072525129605727e-01
-4.311820824932569574e-01
-7.076863867661997015e-03
-4.939267675268265156e-01
-1.649180465601780554e-01
2.738057352873949357e-01
5.980466505241575220e-02
3.080291093972956640e-01
-3.351205483306197719e-01
9.970395710078437668e-02
-5.888656491388204461e-01
5.463341076370328286e-01
1.578054944056899167e-01
-1.167783569776496139e-01
-1.971508144468977486e-01
-2.229562390440141539e-01
3.844530824767208310e-01
3.503736961260827121e-01
5.559450280889980389e-01
-3.055034439141153801e-01
-1.460279216644874700e-01
-5.271925364927023683e-01
9.154326115242446618e-03
-2.694942553267731800e-01
4.761548453480234366e-01
3.684599651135376797e-01
-1.127670459959634608e-01
3.205738389864622867e-02
-1.237671595734904095e-01
-4.224100731038473167e-01
-2.445625833132600013e-01
-3.987953072479321626e-01
-5.411709384364931097e-01
1.086346270026620348e-01
-1.000000000000000000e+00
-1.467213344261640573e-01
2.882100808065636913e-02
4.095020069811035612e-01
-3.883624909395148594e-01
5.279585818955058185e-01
6.121860194521924065e-02
-1.258166311493086054e-01
2.662487173612875790e-01
-2.713179535823482258e-01
-5.827496384102257565e-01
-1.690086823133426508e-01
-3.929365767868766568e-01
5.022783194024873499e-01
-6.930689616343375936e-02
5.447108150063566523e-01
-3.013152404440239684e-01
-2.759922204799974410e-01
1.851224129797603701e-01
3.673417080076815111e-01
-3.343501948169161908e-01
2.263719319187216805e-01
1.271362959615030819e-01
-3.001474515476781901e-01
5.551162349115768002e-02
2.557523054207705981e-01
1.686829659960823180e-01
1.890970834959544433e-01
3.283104395936989328e-01
3.059465243171233806e-01
-6.523872168929948367e-01
-3.254932800467866816e-01
-3.299639681465069141e-01
-1.759307059360461500e-01
2.330496091817321758e-01
1.539003370662365283e-02
6.385397471318259022e-02
2.069050152091811701e-01
3.436967277951288868e-01
-6.891630108590672543e-02
-4.076032626232237721e-01
6.738184671693302485e-01
5.137912182889036936e-03
7.117212776136558339e-02
-7.372036914790033868e-02
-1.554469796930556535e-01
5.729330642673278323e-02
-2.174342947528915548e-01
6.801677870004871895e-01
-1.259437233143595458e-01
6.692347515629663846e-02
-4.842281200715554679e-01
6.155128350236039880e-01
3.913171234403321486e-01
-1.635853470701182089e-01
2.200429326071538516e-01
-2.325516706149020341e-01
-1.610148782110441823e-01
-3.404390513640265237e-02
8.043938982423674833e-02
-4.164674223764004424e-01
1.171520223054479948e-01
-8.326025229327473076e-02
2.212063654171225469e-01
6.215504350125260480e-01
5.562619499565366749e-02
-5.980143681244812770e-01
-9.021415294564445742e-02
2.510639989741182410e-01
-2.380962814483051082e-01
1.046512813694460559e-01
-6.073948720324552630e-02
-3.244350565089829663e-01
-1.280019819279536453e-01
2.063670000624257261e-01
2.004515729208608543e-01
7.935433373995375017e-02
-1.829471968100947893e-02
-9.519504082882256427e-03
2.497102218802706441e-01
-1.027844209238431561e-01
-3.713611179513319205e-01
2.242285704747757624e-01
-8.944761597860380331e-02
8.584774528091909662e-02
4.790199789417918380e-02
7.605331419292067630e-02
-9.215443909043251336e-02
7.298509337373222661e-02
4.260565876732019253e-01
