5.066520075402493051e-01
6.517159848611331352e-02
2.989410250898379973e-01
-9.571558168800600730e-02
4.023465775075703577e-01
-2.121021318232159392e-02
5.912441491650042291e-01
-2.491555382230447868e-01
-6.673818006202679731e-01
-1.278435034963134875e-01
3.004193731879566398e-01
1.122253515872690677e-01
-3.579153971556007230e-01
5.695742453570862285e-02
6.349372654666993743e-01
4.569844515057058104e-02
4.056223891370144830e-01
2.852127896814612429e-01
-2.871592701881847676e-01
-5.876152169860775487e-01
-1.491508899122531151e-01
-5.152638872063524111e-01
-1.999236309288802277e-02
1.858734758753957383e-01
8.568339985114608037e-01
-2.713593554117389450e-01
2.051564003047932627e-01
7.631767074694555397e-01
2.482832806765435385e-01
-4.638572072057107198e-01
-6.934403822054922839e-02
1.950918356624140315e-01
1.018682135761506402e-01
-5.867214525596580188e-01
1.374671726966935834e-02
-7.103838049682507094e-01
-3.032323914296607831e-02
-3.077666337921514117e-01
2.106360658226841265e-02
-1.877874178564356844e-01
-1.347138441223809380e-01
-3.628740899652319607e-01
-3.826433438708004009e-01
1.720518277228654247e-01
2.320703894428507164e-01
-5.369015937621892665e-01
-6.130550708117595005e-02
7.563100081497577953e-01
-1.328314017518402168e-01
-2.278413060698879500e-01
1.845786876320414382e-01
-4.543478411773299586e-01
-1.546353946541385582e-01
-4.187617476561942276e-01
-3.039648965327997332e-01
7.581335793174004412e-02
-1.283454651962372822e-02
-5.638565613200022808e-01
3.547146881877410660e-03
1.024783058673401498e-01
3.681949116969470137e-01
8.061801948889361080e-01
-7.131879105272787012e-02
-6.311611612461284215e-01
5.882456619894241845e-01
4.176299237835380540e-02
4.260144498031499527e-01
2.276512539450175066e-01
-3.814929263146239757e-02
-1.902640527068560350e-01
8.532188511988011981e-02
-1.584224158555457007e-01
-4.736076233094312360e-01
1.594757639733736521e-01
-3.642887919609368863e-01
-2.577428095474586511e-01
4.234025723551644582e-03
5.720851588390335474e-02
2.926611513516083618e-01
-1.909473034957519799e-01
2.731986297465520130e-01
4.505782670213329677e-01
1.323692089396159566e-01
4.473087946401682613e-02
2.072469010570479331e-01
-1.862844686266241223e-01
-5.112620672603449545e-01
8.198068572414304866e-02
-3.046564830915395872e-01
8.121207365464061523e-02
-3.401093574114687490e-01
-2.305003271725034053e-01
7.932016089676268145e-01
-1.174751462090190546e-01
2.493042929919826178e-01
-1.554095629649163979e-01
-5.507484267568629743e-01
5.847841628836243644e-02
4.356933776196093566e-01
2.015710783022496289e-01
-1.040167679165476394e-01
-3.728570648542537530e-02
-3.202467796896603103e-01
-3.331229511524578246e-01
-1.829793898555235887e-01
2.880618278576446700e-01
1.581056535292292287e-01
1.898868713888836324e-01
2.265418679769965749e-01
-7.218577820132535128e-02
-3.006901961331422957e-01
5.244736626645782884e-01
2.646230730058490854e-01
-2.301863493553187590e-01
3.019642083376313790e-01
-7.755040056027191764e-02
-3.568899100119257151e-01
6.158414640393509998e-02
2.186301761738682070e-01
4.052893882389262403e-01
2.115372211325876051e-01
1.147238595121319038e-01
1.782608613937753383e-01
-2.438343183929650160e-01
-2.292212689011957905e-01
-5.092582475663282038e-01
-1.991200787891659607e-01
-5.246468870561264985e-01
-1.402339355400295806e-01
-8.798591822242450566e-02
-1.107373474374673678e-01
-2.718758019351754651e-01
5.172272530411221592e-01
-1.398859187131225035e-01
2.377316038584888214e-01
3.716199835199760493e-01
6.733155062048717943e-01
1.305934705156059916e-01
-5.446099589841391087e-01
-1.748243039100049190e-01
5.620662757312974156e-01
-2.445729599658696685e-01
-3.419139671903654865e-01
9.795316841295989563e-02
-3.368405541364690725e-01
-1.229955472733662569e-01
-4.751578766380609720e-02
-1.734516237500917657e-01
1.994927770177439691e-02
8.260078450914981607e-02
3.697170441654495932e-01
3.415475298040667185e-01
5.152270426086674737e-02
-7.782375523049835098e-02
4.670062143676831368e-02
1.017457460863077645e-01
-2.539431831192545119e-01
5.556659721689619635e-01
-3.117408339932512540e-01
5.400954619742439622e-01
-3.116418660898087611e-01
3.057654086279346650e-01
-4.515778371558808457e-01
-5.644640509922240756e-01
1.021583464761036536e-01
-5.935678849915929089e-02
-1.677720256723902736e-01
5.449145172684293215e-01
-3.811801876602814998e-01
-3.890755868480545998e-01
3.661605582427275574e-02
-2.503153089485494198e-01
-2.354452355792747698e-01
1.702860634624933367e-01
1.019809768597782114e-02
3.230367505490245456e-02
2.380811365742943331e-01
-6.531483016738892644e-03
2.603132401194228063e-01
2.687442827176740323e-01
3.800414798481497880e-01
4.282247830055782023e-01
3.094167146176742336e-02
6.863559336583753279e-01
2.126881361218708189e-01
-1.055463744609414119e-02
4.736772427140142905e-03
-7.929107189494694063e-02
3.217678484881979495e-01
-9.970455192887637264e-01
4.449662393195381593e-01
1.891312818779647964e-01
1.275201145491628163e-01
1.368830609042157587e-01
-2.421541850962831421e-01
1.879306017082453262e-01
1.487607448148495215e-01
-7.698621531036963228e-01
2.140904385624268769e-01
-5.698320420247322549e-01
-1.356100985363436484e-01
-5.612689124570974242e-01
3.646295340606796609e-01
-5.813204974784063062e-01
-1.567340288160788409e-01
-3.142067336700373192e-01
2.085614420523027313e-01
-1.787373067033614094e-01
-3.163868325231009027e-02
-1.705281753601037287e-01
-4.527803978298852033e-02
-1.992966365407469465e-01
2.390227639922672676e-01
2.245642232781006886e-01
-1.211291911848666469e-01
-8.627423097899365734e-02
3.909226542092784085e-01
5.011727822059200976e-01
6.215816515003864673e-01
7.508640573931713025e-02
6.106610779183561932e-02
3.505444184207404806e-02
1.639117960732300316e-02
-5.224564539973216570e-01
1.082997706113905112e-01
-1.455195636697142747e-01
-2.859421973995809330e-01
-5.438916767953730913e-01
2.843431158098891354e-01
3.467649887212062021e-01
-2.982644179515399063e-01
-1.274379391856432509e-01
1.441799997608524120e-01
7.196205208766920380e-02
7.441708661506199474e-02
3.517831195479352580e-02
-8.664111417369655399e-01
9.259687372972806585e-02
3.542915591530777508e-01
-6.932276534799283185e-01
-7.377048083851363292e-02
7.523646956009230613e-02
1.523241411138021029e-02
4.426829831974489760e-01
-1.244772401738236389e-01
-1.887842922128531720e-01
-1.026537594900766431e-01
8.919961451147047082e-01
-2.345207363399574585e-01
2.687909244509678053e-01
2.281103959921074731e-01
3.452373130919395017e-03
-8.320948868899305517e-02
7.325102494962454358e-02
3.469045190116683552e-01
-4.224621037121437661e-01
5.108827856726148031e-01
-5.552087138035086827e-02
-5.517652625557147028e-02
1.349314802560781512e-01
-2.665760258527498094e-01
-8.057272132982218338e-02
-1.515902333737356722e-01
5.844374101969248558e-01
-5.124646697002097628e-01
