7.670331030865377986e-02
-6.162136099685044249e-02
-1.366140795127627483e-01
-2.240529953601553062e-02
4.854907350405588407e-01
2.330872395747415893e-01
-2.227356758325595154e-01
-6.074907843459811385e-01
1.339936654889597456e-01
-4.227352683407162304e-01
-9.177083690454047871e-02
1.811151131275682835e-01
-2.996484027774492520e-01
-2.035644255973912409e-01
-5.364691734422778052e-02
-2.076716929432586844e-01
-1.390575168076114421e-01
1.240578908489052973e-01
4.257285343918390530e-01
-6.412347017708457386e-01
-3.896178664911176259e-02
3.085274594221327216e-01
2.501936746933501321e-01
1.169684574370268015e-01
3.433437205449295371e-02
1.354351197866836276e-01
-1.289610148434402748e-01
-6.860997657847115461e-01
-2.015604605307444452e-01
1.839406091391139909e-03
-2.466801212644789965e-01
1.070233165911755602e-01
-5.120776697568901054e-02
-2.117988151307613476e-01
-1.332581256374933132e-01
8.999837113172746983e-02
1.551051481370352980e-01
-3.892287419650933278e-01
4.249372524903605869e-02
-1.902559472733354393e-02
7.784880902542808956e-01
2.125501589088625576e-01
-1.556492874320275673e-02
3.646077164284812488e-02
1.425890321394269744e-01
1.451784705689054822e-01
-1.405539945016721637e-01
3.793422544516495409e-01
3.193445679426903383e-01
-2.178542636894019793e-02
2.332756998126052014e-02
5.160427332888404273e-01
1.728186332471765840e-01
1.978981847142783843e-02
-7.980500823280657630e-02
3.055095430226025255e-01
-3.598287439247876973e-01
-1.799181902888331019e-01
1.181144725324622252e-01
-3.872059111511650387e-01
-1.718228687812164701e-01
4.905876599384926817e-01
-2.583357292042338660e-01
-5.226082112566807214e-02
-2.368786090260962818e-01
1.227824135309058262e-01
-3.238919767886959677e-01
-4.487043041664348086e-01
5.286042189907345090e-01
-5.599716345656576694e-02
5.153995736655464510e-01
-3.951257949317955043e-01
3.463558411121449299e-02
6.181894987444763734e-01
3.106182993633954115e-01
2.413526286470948079e-01
-4.300136114555992983e-01
4.097862621432727948e-01
-2.709653935604759423e-01
2.773745754620805526e-01
-1.695410737532653672e-02
2.261612329044878911e-01
-4.174344495470379557e-01
8.694567820364946381e-03
7.131914220952935424e-02
5.153116832607059633e-02
4.955412213579536429e-01
-2.495124320956720876e-01
-6.378676357531540830e-01
3.870894588869894792e-01
1.172049404407303208e-01
3.977723262642622881e-01
-5.914860263025368825e-01
5.873795719485801481e-01
-2.948881484268469633e-01
8.559358288324069031e-02
5.260105490872574174e-01
-9.708252838957853736e-01
1.531676979529892624e-01
5.425296492326412423e-01
1.750017351147061251e-01
-1.870367791522488110e-01
1.278365452619853460e-01
-5.476223301155241918e-01
5.925026609775260050e-02
1.399444772354852262e-01
-2.764878389299235684e-01
7.471777860622274003e-01
-2.526288853475756602e-01
1.394212874473474695e-01
-3.347098124824206544e-01
-9.756546609350116861e-02
5.089543624149963641e-01
4.956515695426009227e-01
-5.419746980526519708e-01
1.525454836299639794e-01
9.770438907011061089e-03
-8.498807953324642728e-02
-7.272878747993156978e-02
3.135622393406723996e-01
-1.423504907229415639e-01
1.321316852177420731e-01
2.924621303650307147e-01
2.557021990234274456e-01
2.288203702003861403e-02
1.738292692254968849e-03
4.941577781547139558e-01
3.175812015616763517e-01
2.358208836094988214e-01
-6.770078218166294959e-02
-1.360192492941158238e-01
-1.197006772755238868e-01
-3.119217506306093957e-01
-1.450949579302964754e-01
1.317988425558295866e-02
6.338485300617747731e-01
2.548534735855711997e-01
4.437199550081153410e-01
4.616367003441336492e-02
-1.817686706652691941e-01
2.817533936149775597e-02
-3.053985800449602467e-02
-1.092132744640442708e-02
-2.439284146235970452e-01
-3.474600879511688389e-01
5.585385953400925363e-01
1.607481610688839269e-01
9.951629962094385440e-02
2.146387272595808721e-02
2.894174053889668197e-01
2.026489406541375025e-03
-2.245154190329793145e-02
-3.632928914025699840e-01
-2.140739050641788099e-01
-1.606779020469727703e-01
6.145475738154841661e-02
-4.984548934753447180e-01
-3.326386192640916339e-02
-6.005431425194200923e-01
-3.163499932477897847e-01
-4.200300163799569608e-01
2.489229396978282494e-01
-1.415550012009664516e-01
-2.287635557617604121e-01
1.317578919930419423e-01
2.122907092801415430e-01
-8.458829911511612024e-03
7.868303755291250479e-02
-2.870840400508597456e-01
6.501765268908447915e-02
8.273161479519855477e-02
-1.612101148071329593e-01
2.073093924161769352e-01
1.171700812393227514e-01
-8.544088958225571906e-01
-5.238975601301630869e-01
-3.327731008571228610e-01
1.823497413700349568e-01
2.014229825799231932e-01
-1.269820755672584466e-03
2.997529844812118344e-02
-2.969016551157303563e-01
1.916028507127925384e-01
1.952209832006915058e-01
7.898442715205623854e-02
-2.968555692568006221e-01
-2.613264230606697491e-02
2.396218709559979343e-01
1.340572371611460818e-02
1.691324353548366854e-01
6.041462399211616763e-02
1.043270494954355587e-01
-2.358234269063211874e-01
4.961231329398280154e-02
2.865023112140748784e-01
-6.009843150194489336e-01
-7.750324794793913563e-01
-1.762240126163010364e-03
-3.035660863059009840e-01
-4.090459992709611498e-02
7.421050067170220990e-03
3.722064597461262614e-01
-1.545580231668579330e-01
-1.261549781708145024e-01
5.227280475065394783e-02
-1.220897116771232499e-01
2.185349426168125830e-01
4.615894044699010434e-01
-2.208624424689294152e-01
-8.095893815309307753e-03
-2.470130353051053773e-01
6.718742603607982811e-02
-2.335971878038717031e-01
8.335067286746093707e-02
2.941423668716965784e-02
-5.639100364822909051e-02
-3.552567805703655407e-02
-5.483071991425139124e-01
-1.207940621597274056e-01
-4.002830622064449395e-01
-3.471151358979938650e-01
-2.813008184024741731e-01
-1.106890504902982991e-01
-2.945294916283443531e-01
-5.566252488900939183e-02
-1.977123834016335235e-01
-2.372773068877577149e-02
2.307709042159052440e-02
3.618496703321109204e-02
1.058107689064586993e-01
-7.913532828580349676e-02
-2.476772236512900516e-01
2.440450450646278191e-01
1.490468403619249482e-01
-3.496665772942800787e-01
-4.914422075564491843e-01
1.324491328966362624e-01
2.226495871553687833e-01
1.765455530713617160e-01
2.466839190810171389e-01
-1.112878674619830616e-01
-3.080894970222042284e-01
-1.085457279575815920e-01
-1.273856878368979095e-01
2.205138578441742658e-01
-2.813844217587919139e-01
-3.899732831810020367e-02
-1.610264527335761031e-01
-5.953806634985477908e-01
8.583804410407194774e-02
3.133257480501842052e-01
2.878174795965748878e-02
5.125035762396070588e-02
-5.398230102012666620e-01
2.689149664932170558e-01
2.153087648044855473e-01
-2.686740116560803471e-01
2.642795493916845206e-01
7.254688967176227132e-01
-5.446305664207455599e-02
-7.834659265678953557e-03
2.836987506189377339e-01
-2.611250918982288005e-01
4.560698504154376276e-01
-1.099949013256354552e-01
