4.137543864569939722e-01
-2.560895065166691673e-02
2.379711222134759663e-01
1.254246591535718991e-01
-2.326119586666725303e-01
9.859228782290278825e-02
-1.826161081777665229e-01
1.907839932973084962e-01
-3.056551155044484602e-01
3.910445802500204793e-01
-3.057886114559256185e-01
-2.444368342000350358e-01
-2.988857863628852085e-01
-3.017322191121231678e-01
2.889351987816705658e-01
7.578322359950739884e-01
-2.250402544572017161e-01
-5.184157919777139523e-02
3.669993424907350144e-01
-3.137916383272632004e-01
-8.637551661568715344e-02
-2.864022714918897095e-02
-1.039296593746733693e-01
-5.449336913855014064e-01
-5.183012643034867750e-01
-9.637789423584706971e-02
3.687996158057986751e-01
-2.279673872643154520e-01
6.269049152473818443e-02
4.199798760717434187e-01
3.700184911432046753e-01
4.341679817470323055e-01
5.913241959006361459e-02
2.819071486957467343e-01
-5.136383070658065986e-01
-2.619405017801285790e-02
1.934745922880058699e-02
3.421040378818478445e-01
-5.972192383541031768e-01
-4.194022945894085308e-01
-1.058035584507857896e-01
-1.844732763669850589e-02
1.252272148156597098e-01
2.222938457685206259e-01
1.633758308665179959e-02
4.852196054133892655e-01
4.279049763554834684e-01
-5.618733212364752649e-01
-9.455240727048423721e-02
1.528416151166651915e-01
4.228707899588475816e-01
-1.018330090419083261e-01
2.244960532172898260e-01
1.533166029171750822e-01
9.508578008044733798e-02
2.038791285529688857e-01
4.328427098469012635e-01
3.736445375295212035e-01
1.063625584061225343e-01
-5.301682685945913187e-01
-3.082019303105345553e-01
-6.706861666240854225e-01
2.853140196187567770e-02
4.083774523909625143e-01
2.928030130591660063e-01
-5.592171785044904864e-01
-5.067988263461200571e-01
-1.703799674290227273e-01
1.027274749687406286e-01
-3.347555078846201071e-01
2.901616472377939182e-01
-2.386611943420796911e-01
1.980286702868103935e-03
-2.751684081939103632e-01
1.413095947405207664e-01
-1.226666373707246960e-01
-5.109243413971578107e-01
-1.103607213985976221e-01
3.791757492210615088e-01
-2.079308476380441889e-02
-1.673635379658304501e-01
-1.659673810899452429e-01
6.100367545070558561e-01
-7.221913728624787532e-02
4.125141141209325291e-01
2.995747853274671746e-01
-5.673460931920959460e-01
5.282989843739752112e-02
4.797917702782247829e-01
3.428390245608830492e-03
-4.039703421645510564e-03
4.757123961201420448e-01
1.486085659071914068e-02
-6.725544840035626581e-01
7.098493955833841407e-02
8.109834830535725958e-01
2.153674967381709049e-01
-2.010753072525292562e-01
4.175560979144171680e-01
-3.961203665841900867e-01
1.985901153668117036e-01
1.979296087880966781e-01
-5.441382993277286140e-01
1.876501210755715521e-02
3.703434335233137809e-01
-4.654787221132186681e-01
2.043785079902640522e-01
2.003104022853918198e-01
-2.109054877629632230e-01
-1.329513569268477718e-02
-1.459617416800716438e-01
-3.925309190455270741e-02
-1.739763897873579379e-02
2.969851180734083829e-01
9.561464312238333874e-02
-2.727203943497331085e-01
-4.028624496329091809e-01
4.987187067326191020e-02
-1.579315098837660858e-02
1.760925779380036471e-01
4.066052634341780214e-01
3.148246211425643204e-01
2.056466307147833128e-01
1.992239774055951929e-01
-5.656179026404393184e-01
2.103045665237952555e-01
-6.942906142050938277e-03
5.082138669814044718e-01
1.261706040548178920e-01
1.948939778638569542e-01
5.647772224556890652e-01
-1.301275065214194948e-01
-9.678679992070797489e-02
-3.039445058481446971e-01
-2.489115205900838679e-01
-2.260211452745756466e-01
1.122105109820175084e-01
-2.566851948761172952e-01
-6.067920632342130860e-01
2.897077408923263708e-01
5.647736743861225817e-01
1.026925891989844825e-01
-4.259077489341563383e-01
-5.441947999551816073e-01
-3.008752060965512731e-01
-4.686749057983708999e-01
4.747458759140062851e-02
-9.014177697639244591e-02
2.883244777700215700e-01
-1.719727179860881805e-01
4.280986412544245390e-01
5.779684526624788710e-01
-3.696235743799176077e-01
-6.952065480091107474e-02
2.047404230312470652e-01
-1.176213365096646507e-01
-1.481533315222895997e-01
1.952554531120759274e-01
-1.708684862865890164e-01
1.922730632402795126e-01
3.564600957787880664e-01
8.505619108736488243e-02
-2.450125236150990649e-01
2.217678388774201315e-01
-1.081707994535698047e-01
-4.438199425182987046e-02
-3.037860252061327371e-01
4.835700309430780997e-01
8.437469297651867262e-02
-3.487022960038327346e-01
-4.220199251105836158e-01
-4.343185563866702181e-01
2.269633267206502825e-02
-3.932919363604486240e-01
-4.709522991291006933e-02
-4.148722664383625719e-02
1.328642104309183114e-01
-3.591038523767384194e-01
-4.355362806204932102e-01
-7.012425981649768325e-02
-2.754536477084247315e-01
3.536285153347731303e-01
-1.171401018029077090e-01
-2.913313944650215703e-02
-7.371540113993362009e-02
-5.380560400187976988e-01
-4.834829633565032592e-02
3.534329700764299864e-01
-1.756017106199599664e-01
-6.988100644145048834e-01
1.339138702113363000e-01
-2.672114472160650456e-01
-4.646276299709138358e-01
4.398949902288729064e-01
6.108135885862547854e-01
-5.320671924731720237e-01
1.465392937357846148e-01
-1.746390838021598946e-01
5.256135350038599469e-02
2.866088740881606034e-01
-2.165561752900345971e-01
3.145811911267773486e-01
-2.662783189919848414e-01
3.826258846785860618e-02
2.811754844596758840e-01
4.581986870127521122e-02
-5.793844868810786863e-01
9.305244081480058826e-02
6.884163777536449202e-02
1.217714898815542013e-01
-2.002926383268814892e-01
3.379158804849677900e-01
1.030843279490926412e-01
-1.047217446081302322e-01
6.048408410075913760e-02
6.029494903545129514e-02
-1.072724367076330482e-01
4.321464270638281091e-01
6.723754565675489625e-02
1.829433044599119984e-01
-9.357806673777259443e-02
6.170630095238059942e-01
3.619038961000797250e-01
3.461031730746057938e-02
-1.902737346547002939e-01
1.721906936297401547e-01
-1.894510339265071952e-01
-2.389735267830567778e-01
-2.699198145332901491e-02
6.730044366906706710e-01
-2.690016890161824326e-01
-2.790309862769593252e-01
-2.255368852253923917e-01
-1.233421195847682478e-01
1.172022876837540556e-01
-2.466155078092650832e-01
8.209272933848285603e-02
-6.987518113711231604e-02
2.535680170590912663e-01
-3.126736114882172068e-01
-1.791722457714257644e-01
3.988955569287777059e-01
-8.202544077701983127e-01
4.814453324351207764e-01
1.809065246291909762e-02
-6.968272679787675117e-02
-1.583284981378803302e-01
1.772262540224613658e-01
3.175775246715556999e-01
1.506639050039491334e-01
-4.296110885620653685e-01
3.683369061133567879e-02
-1.127974560015124472e-01
-2.393888246544302947e-02
2.738835654074642800e-01
-7.545699143906504647e-01
6.464522071485674648e-02
4.169245642403436314e-01
9.256744136504505005e-02
8.284755860652626147e-02
-7.653430589150672821e-03
-9.659725519979456276e-02
-2.386647824758093561e-01
-2.286437647146696561e-01
3.592714547477690590e-01
