3.977377814981095105e-01
3.360706707129995641e-01
-5.077524194557243575e-01
-2.033240253552267007e-01
5.950650264073793771e-02
-2.860794892729106587e-01
1.904944808976197501e-01
-3.847221443159366538e-01
-8.660553558630780524e-02
1.353943934018260742e-01
5.546281254537557132e-02
-6.985351424670802056e-02
1.041904430161923745e-01
4.121209608826501003e-01
5.133980448353977488e-01
-1.382159706113827158e-01
2.525238644654350662e-01
-2.363882328667242516e-01
3.137079539872369982e-01
8.215910900656538118e-02
-1.521693364488171107e-01
4.944219327133936304e-01
3.898236969120633666e-01
-7.623728808445710825e-02
2.643678945333258201e-01
-3.437744939819556336e-03
-3.218673915450675493e-01
4.928622328510318673e-01
-3.237363401407872820e-01
2.593754628020544239e-01
-2.698160521160185010e-01
-2.164350997335356616e-02
-1.140170071915280192e-01
7.604866661276206592e-03
5.814416293234713207e-01
2.729411511124898437e-01
3.022905677824862525e-01
-2.830086666934318873e-01
-1.322422970693472311e-01
-7.364511271271657888e-02
-3.254960395226037528e-01
1.974478182974298279e-01
-2.827675076821795086e-01
1.312060552109564349e-01
3.502938016885246975e-01
-1.730274640533537855e-01
-2.058831988990502959e-01
-3.776763761261317520e-01
7.561191613460118699e-01
-4.267087716995809910e-01
5.934191205926983015e-01
-3.551447542074702424e-02
1.462333164725659667e-03
3.342210991691323407e-01
3.158791193405321440e-01
2.544011064066737937e-01
-1.754014388230584476e-01
-6.144837023532813414e-02
-3.963746937149521532e-01
1.847105451934392406e-01
-3.409483589662642422e-01
1.630159407784260439e-01
7.557756060994309799e-02
9.241013721687373061e-02
4.538295579767984839e-02
1.397961373318674094e-01
5.247625020307953303e-01
-7.968869821118752528e-01
-6.765854910872795003e-01
-2.664993171460478538e-01
-2.994034033281364193e-01
2.845508335840397085e-01
-2.216353456185326254e-01
-8.688989654423205644e-02
4.572696205432127958e-01
1.463346092854566904e-01
-2.000632219306813231e-01
-2.112080297119119932e-01
-4.318134991329303785e-01
1.945769280836631421e-01
-3.409798471699131417e-01
-7.603052621406015954e-02
-2.174366155369753251e-01
2.372988140033496784e-01
1.356354290862889223e-01
2.582874156448989322e-01
1.343821330324314056e-01
2.774975351966084691e-01
3.426405552521514797e-01
-9.937059560379023215e-02
7.040583708857071910e-02
-2.293475142189524973e-01
-6.709262200677036658e-02
3.964428122973628899e-01
1.941200989822750023e-01
-2.852340512014768792e-01
3.731042839695086766e-01
-3.711413263065272555e-02
2.241989032398030227e-02
-3.025692591183723468e-01
4.780338941313155843e-02
-9.229567076173049445e-02
-1.477948336102557492e-01
-1.298637957905162954e-01
4.694552705914203372e-01
-4.771182825058561394e-01
-4.358938893139404636e-01
2.344787668171044448e-01
2.634117623242889228e-01
-1.320333031448465422e-01
1.075741373830149256e-01
1.772808917495441103e-02
8.266477540206275121e-01
-3.009839415327471568e-01
2.490351842167726482e-01
1.290089038744878236e-01
-4.447182401787584394e-01
-8.667927104554809525e-02
-1.275698331060927948e-01
-1.995255867074791634e-01
3.318532971580164803e-01
5.572269063349313822e-02
-4.917795565522644630e-01
3.949080428179039814e-01
1.254224822233998560e-01
2.929256076570635470e-01
-4.639265686327432858e-01
-8.936702168656776579e-02
1.236051791878046147e-01
-1.592757124232959676e-01
1.247101722837327259e-01
5.118406189972709436e-02
-6.303692453978548826e-01
-1.115405779365988836e-01
-2.882516685083645336e-01
-3.544739364049703800e-01
-5.364378931530243942e-03
-4.543290266276653888e-01
-4.759352429538962065e-02
2.912207228411104951e-02
-3.032848631043809084e-01
3.689733162752203977e-01
-2.945922492374414836e-01
2.703654130070440309e-01
5.452311945976180685e-02
-2.167364591721380185e-01
-3.730939553146007670e-01
-2.810873179755159490e-01
-1.838701259105238461e-01
2.785454949215615539e-01
-3.003493682237385332e-01
-3.541482465343337438e-01
1.604444504418389428e-01
3.601612742618520158e-01
7.412209634380649559e-02
1.497771628312532244e-01
1.107795441018935151e-01
6.488481160467755859e-02
-2.794094627309224865e-01
-1.564989751151082964e-01
1.361641355945126253e-01
1.396507353000855101e-01
-2.294699390212841805e-01
-2.830702324597034747e-01
-2.450923157793641061e-01
-4.036903560913085998e-01
-6.987647438290133239e-01
6.735624677971688845e-01
2.618827619472334223e-01
2.789466266195957389e-01
-1.217472591434474727e-01
-5.651334651598964864e-01
5.635069466924102349e-02
-3.220737206379516993e-01
2.212347274779652151e-01
-3.457987595686000670e-01
1.061215110003432271e-01
5.449320720523441741e-01
3.119087958642892677e-01
-4.759276893912876144e-02
1.776933481764710887e-01
-2.726292062426010077e-01
-7.025090104309479333e-01
2.437521003812962439e-01
3.478791938030586506e-01
4.711949844567862693e-03
3.525733855315738019e-01
-6.357443109995460605e-03
1.301420110656438534e-01
-1.181453041457655451e-01
-4.926991024605277825e-01
-6.099836199690512606e-01
3.599049361424072613e-01
-2.291724135623700309e-01
-2.792015590393478464e-01
-2.802959302826668608e-01
3.603192104021384345e-01
4.703004483471887598e-01
8.410853881708447999e-02
1.527706194585966293e-01
1.154808707643353721e-01
1.037277062081274348e-01
6.425500067633664603e-02
-2.965938904267279019e-01
1.334140191554233912e-01
1.041113666888180828e-01
-1.013635663157558542e-01
1.339067621649684403e-01
-7.396963947187635835e-01
3.656226086571802147e-01
1.393539962839329682e-01
-1.631475106431023725e-01
-1.813349127705159158e-01
-4.363251779269603503e-01
2.850867371016348462e-01
-1.193694592873725813e-01
2.426471877387755549e-01
-1.607585736379646968e-01
9.493942981417428928e-02
-2.162206748594841521e-01
-3.792819619433127065e-01
1.844468550996129497e-01
-5.083292028346843294e-02
1.444408706352881266e-01
4.237882585850508144e-02
-1.054927598582345027e-01
-1.302997839898179244e-01
-3.173733592701090678e-01
4.073755334915233339e-01
-1.390123330670994528e-01
-4.657400054140710122e-01
-1.255200397869249695e-01
-1.305631451589692460e-01
-1.152405919965911879e-01
9.846224681854147398e-02
-1.966777795890963521e-01
-3.878677822712798262e-01
-1.827753503723085760e-01
2.109298930653504545e-01
-6.653346666771614570e-01
-5.217448724683174666e-01
7.857736092425128549e-02
-1.896505761189231642e-01
1.789080052710574908e-01
2.764321306452942051e-01
3.124302725119060820e-01
-1.296499865397621465e-01
1.755636520844381099e-01
3.929623825573082541e-01
-3.403922016463251099e-01
2.528690960388720321e-01
-1.804753891654146611e-02
5.528929785989287332e-02
2.162084638866181626e-03
-1.475614714882127754e-01
9.888876916575145559e-02
-2.325855407561916721e-01
3.227509133911730515e-05
-5.948047967680841763e-01
-3.912977654563642438e-01
-2.379488992722537388e-01
-1.746675179843584086e-03
-5.779756868421440791e-02
4.459303973141535704e-01
-2.592666398863925359e-01
