1.214185153190615457e-01
2.718215008407547373e-01
-1.114502070051130722e-01
-2.139006687418038843e-01
3.974327815591475188e-01
-2.917485527880422230e-02
-6.513914932515697531e-01
3.933121462674166735e-01
2.921190385543699919e-01
-6.454425746146095211e-01
-5.493481661592937437e-02
-5.706979570484959491e-02
5.124297615731296940e-01
3.030674791265349222e-01
-5.549891748063379843e-02
3.676435988872461813e-05
-1.609988773387588945e-01
-6.654681473397823510e-02
-5.215721738493901416e-01
-1.759722865197068525e-03
-3.343346620974779748e-01
2.283439637383469778e-01
1.115283622300968502e-01
-4.396913085387023079e-01
-4.985952785679651500e-01
1.837701287871099654e-01
4.731308333210703099e-01
-7.030319033479667801e-02
-2.304617452215588225e-01
-1.445211033419682711e-01
8.699143683812554650e-03
-2.666522114423526268e-01
-1.866514427846781843e-01
-9.165433502846369318e-02
4.097227024843647092e-02
3.747977797625817731e-01
-1.068391520156294766e-01
4.627932349598584127e-01
-3.804554821040842527e-01
1.425344297378997038e-02
3.676741228294821417e-01
3.159217155324504644e-01
1.538580048417254320e-01
3.010688587985254627e-01
-7.759845212587031249e-02
-1.960031769573715443e-01
1.019797642102931029e-01
-1.541240582114674351e-01
4.253546788415116936e-02
-2.160135906060579869e-01
1.913621591448216308e-01
-3.387745534174810974e-02
-6.278861639169143194e-01
-1.255603479705074202e-02
1.231145607828801336e-01
2.748017661492673791e-01
-3.355743511404064572e-01
8.608916631485108439e-04
4.643372729462716397e-01
3.873379664194414040e-01
-1.132767018863845288e-01
-8.918224149127325362e-02
2.377148818348789883e-01
-4.368216807794400580e-01
2.242242172209473437e-03
-8.312054767063525862e-01
-2.548758115442776306e-01
-3.260379210095951663e-01
-2.564553437548624526e-01
1.470748282375735350e-01
1.944924045055996253e-01
-1.117895896266943995e-01
2.752771602210894453e-01
5.397208158790953170e-02
1.930513590975998228e-01
4.172704643937680258e-03
-2.496598642618885200e-01
8.874867392379259812e-01
-3.185263462556719993e-01
-1.006830296552177484e-01
3.476587984677058096e-01
-2.380394412121431269e-01
-3.215861008182234748e-01
1.219807493936822390e-01
-7.641969700899932036e-03
-2.126226224579297885e-01
3.890895637721038525e-01
3.440551075675808701e-02
3.240729278820956294e-01
4.949516792551404976e-01
2.263063095324508722e-01
2.196464799260965106e-03
2.303245013711354150e-01
-4.333568036226580211e-02
-1.011508665656500189e-01
-2.122929245606201554e-01
-7.466023045055601992e-01
-6.438171941261363607e-01
3.756591084523239754e-01
3.039550354645260966e-02
2.162925284092357403e-01
-4.208369283808169325e-01
1.591555423651155876e-02
2.596805321904783748e-01
6.539863652473250077e-01
-4.968288908841375640e-01
4.316362653931697935e-01
-7.014236739569039703e-01
-1.526859091326749351e-01
-2.567199562998577766e-01
6.608891979695464824e-01
1.729483067459057222e-01
-6.782005320258255310e-02
-1.762396173688916823e-01
6.453110199626531374e-02
-2.884570935066432251e-01
-4.546016528352105346e-01
4.049202115022941806e-01
2.276413366821104789e-01
2.632461767982099965e-01
-6.343201819340268943e-02
-2.651768777014551492e-01
-4.435240336193981281e-01
-1.698963482091582489e-01
3.084303582375391706e-01
8.634005772990545335e-02
2.443998083011540978e-01
4.967166376354212320e-02
-1.899297448698517021e-04
2.121782746549535359e-01
-4.110323528514912561e-01
-3.313605230638961840e-01
2.543988270275961416e-01
2.038356135360133436e-01
-2.774115595740144768e-01
3.069486486062497632e-01
-7.290928517390085073e-01
-3.653096969300563823e-01
2.751335916310643226e-01
-2.208509206477630160e-01
-4.870473038206397653e-01
2.202740138467474684e-01
4.877483267022647562e-01
1.397668640040747035e-01
-9.636033471441968201e-02
6.788046965295614354e-01
1.242500511861270862e-01
1.546510270303331491e-01
-1.630227413018286997e-01
-2.058925408562653214e-01
1.963903699654357543e-02
1.265004111717407953e-01
1.771026735959309872e-01
-1.951176141394654895e-01
2.501661896116492145e-01
-4.607508752268666963e-01
2.954784384728502133e-01
-2.837997689789922284e-01
-3.105582730614350750e-01
4.870259523976188110e-01
-8.434847041150010660e-02
-5.514395852855656921e-01
6.712334851438325201e-01
9.617520993330386236e-02
3.715218104284113698e-01
5.005046455866318800e-01
-4.938176278947820075e-01
-2.986680463236049965e-01
2.530853755391963555e-01
-9.812199620162133373e-02
1.890413289541801045e-01
3.427405782352728192e-01
3.758016085928622130e-01
7.695636242543911487e-02
-7.443016833914530839e-01
3.225518871543068822e-01
-4.012009738201070541e-01
3.033043028153686871e-03
-1.696215443590300409e-01
2.280461018018284103e-01
1.360791159556338781e-01
-4.349171301149566959e-01
7.420014542238693167e-01
-5.025125630614617478e-01
1.234265585780920937e-01
-5.298284555874651636e-01
-8.363024829177530262e-02
-1.755522452504766906e-01
8.582369865415225008e-03
-1.306126157933538978e-01
-2.830473402343961498e-01
-6.016018818521593481e-01
2.172650852780995956e-01
2.487949151275389570e-01
-6.183585013357965204e-02
2.320068290922889798e-01
1.944844612465116418e-01
-5.061489578532547551e-01
-1.482515490083972237e-02
8.398587463072131748e-03
-1.552917279331589850e-01
5.136732957517888831e-01
5.325268699552362373e-01
-6.191035154253299311e-01
-2.380547059796161991e-01
2.793204130301336630e-01
6.623765630678922489e-02
-1.095620053403549288e-01
-2.636319100283530670e-01
1.643981469264336748e-01
-9.168937500938746654e-02
-1.684832699207334805e-01
3.699025820364885697e-01
2.084579733158663517e-01
3.007954431143139429e-02
1.054653362316653048e-01
1.284447863532405532e-01
-5.141360870941615868e-01
2.933637657118031150e-01
-3.208727468371704722e-02
-1.805341202395593925e-02
-1.513037538409491289e-01
3.018658978231005263e-01
-4.478107703361491887e-02
-7.618692182905223431e-02
-3.089789937528324426e-01
7.025167938879613161e-02
-8.109237509259928367e-02
4.492824509872564431e-01
-7.485119130504809537e-02
-8.749470608381819392e-02
-3.187786571146458137e-01
6.575075926938392899e-03
5.858565452507362714e-01
-2.232926686523310500e-01
-6.247344559078929493e-02
-2.602142133175143202e-01
2.309159607936035197e-01
-1.268915270439378018e-01
5.283097328664626557e-01
2.730824128504320547e-01
-5.261035412900708641e-01
-6.470081608601546685e-02
2.414763547290675327e-01
1.268874765084214706e-01
1.399809932575820925e-01
6.693631761231205735e-02
6.475009457621613840e-02
-4.980216602308252805e-01
6.359787991254678419e-02
3.405695140019330269e-01
-1.091940644515489445e-01
-2.667216213653105308e-02
-1.580746177649417633e-02
1.067886603009891161e-01
-1.935779825726977738e-02
-5.721111954120547405e-02
-1.021737760119172632e-02
2.162776838174298999e-01
2.831759375945511192e-01
-1.709447506919443416e-01
5.115090544221703173e-01
-2.185026233807769447e-01
-2.647229473591642401e-01
2.381147366470992288e-01
