-2.618125412116160677e-01
3.035167107671016967e-02
-6.446458074679627115e-02
2.796946672598852879e-01
6.112261051769472125e-02
3.714324052647238195e-01
2.222387714556940397e-01
6.485900473069381444e-01
6.989029419507482022e-01
2.433857161253497048e-01
-2.008096464855320118e-01
-3.992850228628345155e-01
-2.131549274503986013e-01
5.430043853090295303e-03
3.159497117893207974e-01
2.978681298815918366e-01
-6.141066163088392260e-01
5.619546868711990800e-02
-3.939483813679467428e-01
-3.070507720522308026e-01
-6.172410944225739104e-01
2.350017800092100151e-01
-8.193279356096273836e-02
-4.013388955128566193e-01
-3.148056857424676447e-01
1.046414897539171135e-01
-1.872919058693383598e-01
3.418207496619577457e-01
-1.083035700067239288e-01
-2.211973918326842481e-01
-1.501340246324464611e-01
2.162936381633001615e-01
7.604571295587052582e-01
4.615507934651468802e-01
5.217814400987283996e-01
9.039759599034563609e-02
2.375213688979009585e-02
-1.600860059429910776e-02
2.699723343319684332e-01
2.725871895136642298e-01
-5.860830300083690048e-02
-6.101500394108639869e-01
1.271925875349089741e-01
-1.534883238662514138e-02
3.215482272313271439e-01
-2.687193024447499523e-01
-9.648694275113715857e-02
3.429640691718910950e-01
1.098407450453811329e-01
-9.358487627166107992e-02
-8.806092719735672536e-02
-1.764778024608431584e-01
1.119156908372680448e-01
-3.763400127597001377e-01
-5.084648417033345996e-02
-1.490721426441567743e-01
-5.847088739624173998e-02
3.348745517838529889e-02
7.984992655907290071e-02
5.938597464499124623e-01
-6.259670343398728853e-01
1.384459949167808901e-01
1.585334197347852969e-01
5.592739978869843975e-01
3.516627135027668993e-01
-3.300630551606005270e-01
-4.947990172678895515e-01
-4.086712685659559252e-01
2.198190335366620174e-01
-2.657803251273330170e-01
6.595989313006322963e-01
-1.524683307629493001e-01
-8.048426341675124496e-02
3.073439680716933409e-01
3.398079568964720298e-01
-4.452857770293385253e-01
7.967487284970405093e-02
-1.918660313095693626e-01
-2.931368425248568332e-01
-6.106803925619020967e-01
-2.372243533469649279e-01
1.139340097477525154e-01
-6.794473800058995483e-01
-5.920718774888679148e-01
-1.555895820179579725e-01
2.684198996693106798e-01
3.406432448193505991e-01
-1.693291635745892143e-01
2.917624273614470298e-01
1.501424144908188874e-01
-2.119626870869938395e-01
-1.058036566085083646e-01
3.080066187452914495e-01
1.727890991027879186e-01
-1.232529736226915529e-01
-9.980221914269983563e-02
4.528442782907401293e-02
-2.321698705107410610e-01
-5.331991744569848368e-01
1.515540175035847981e-01
-2.232412663916610585e-01
-1.893558489608903328e-01
6.564728960025717486e-01
-2.851982038176649747e-01
1.366791236875062876e-01
-1.768424274120431461e-01
3.712442058659329303e-01
2.747524603940477705e-01
2.211669523433346801e-02
-1.179361087819414400e-01
4.133509440274297786e-01
-2.655382658583357869e-01
2.667813598537101538e-01
2.469592844231094375e-02
-1.135403090427796330e-01
1.323765391167023853e-01
-5.045288263807712337e-01
-9.048063065118082393e-02
2.330158300983772024e-01
-5.180622817557745119e-01
-3.564706114140206439e-01
3.865664053953693502e-01
2.351380580960144850e-01
1.293812724490039923e-01
-4.712322849593105212e-01
3.965198275577087039e-01
1.155368113588830237e-01
4.187896565957083955e-02
-1.894814285001241994e-01
-2.045455931247200654e-01
3.486681652618090627e-02
1.898839755103524651e-01
2.639936809837298837e-01
-2.522162494760775697e-01
3.103858195101259487e-01
-4.670090815188004951e-01
-1.530670233452874340e-01
3.163393683655316702e-01
-1.757118448026483704e-01
2.180574021512837468e-01
2.597919152944027088e-01
6.495646136059973763e-01
-2.157570276845912072e-01
-2.606050820227304721e-01
9.551094870605339460e-02
5.406602585313761145e-01
2.235083400420441457e-02
-3.546662122501659797e-01
-2.471475881575596334e-01
-7.696717655193828500e-02
3.833857666974103129e-01
-5.233962411531757619e-02
-3.792869722526137077e-01
3.803361213899381088e-01
-2.351105010812420959e-01
2.630173228385704332e-01
3.685903831478020143e-01
7.231431163257465711e-01
-1.123739075605380972e-02
8.135480978356751658e-02
-5.553652870745604542e-01
3.800389660123228985e-01
-5.691201038915376653e-01
2.217996804920290554e-01
-1.072231446663726440e-01
1.033111914106112639e-01
-6.055116776663857503e-02
-1.609445609564660040e-01
6.310492014760729629e-02
1.812277842859498223e-01
4.579901249079149084e-02
4.765260931453123572e-01
4.355776381426775812e-01
-3.766992897884650637e-01
-2.703540972118824715e-01
1.143737218698410302e-01
-2.890305604129325689e-01
-6.572990145529825079e-02
1.860706679415815024e-01
2.543672302983600586e-01
7.716796712348401588e-01
2.124626658327500792e-02
2.759378568038943214e-01
-2.817806648752397836e-01
-2.051918355376660952e-01
-5.578920291374321605e-02
-3.438317467207561151e-01
2.672263451230153519e-01
-2.250163253142814512e-01
1.481831797372839821e-01
2.177905981999519180e-01
-4.426769031770355634e-02
-1.934646893991162631e-01
1.043404887627509409e-01
-3.232208917805835802e-02
-2.076934971182682887e-01
-3.383705850258263148e-02
-5.066659137379494471e-01
-4.000042872845614439e-01
-3.294892180398094617e-01
1.161343612224615129e-01
-3.699433010375684228e-02
2.983580689966099930e-01
-1.756046116724293282e-01
-2.920703571509857266e-01
-2.295355367694160154e-01
4.763005908131555111e-01
1.587801970038806021e-02
5.045233020075496899e-01
3.633796157542771854e-01
-1.683300815005560891e-01
-9.821084020949549798e-02
-1.809741963669605699e-02
-8.780866434529949194e-02
2.076043890195908292e-01
1.333991754275377917e-03
3.569993327187473975e-01
-1.330533842447924331e-01
7.234297657295551964e-02
1.247171248300327634e-01
-7.522195698240091710e-01
-6.776336895916931780e-02
3.991529106108544500e-01
-5.878219255697390150e-02
2.294303178326020098e-01
-1.040613650678013161e-02
-2.477521595958942779e-01
-4.980962341255756876e-02
6.129118476847260633e-01
-3.960349235934489953e-01
1.758613043137472604e-02
1.861758364251370479e-01
-5.825879190874717617e-01
-3.901660234814082195e-01
-4.121471902548169419e-01
2.431377650082328368e-01
1.710355591842012066e-02
2.381939858806174093e-01
1.598169803516030774e-01
1.478656604307919398e-01
-1.101333341265289950e-01
-1.429366129361885063e-01
5.720328443307884370e-02
4.563907367285516270e-01
3.152919094561063527e-03
1.271955784706871595e-01
4.009918164768007109e-01
-3.419880805086230047e-01
5.726319696180993679e-01
2.762083374995669138e-01
3.846074146126102211e-01
2.796481964568829914e-01
3.948328506583262398e-01
-2.489540264005254411e-01
-9.477717790605424963e-03
1.689293756339337316e-01
-3.640153756105420912e-01
2.143461811951498375e-01
-2.518378626647072016e-01
3.314934360870388508e-01
9.634794063647608708e-02
-3.208976391445689802e-01
-2.300906197228264338e-01
1.556366844260747839e-01
-1.389449802934829004e-01
