-3.444500368068558194e-01
-1.778981902733151044e-03
8.880712942915897079e-03
1.184572970070082044e-03
-1.978529562127783609e-02
3.970746238064204459e-01
1.028628802926557922e-01
-1.567455970420671141e-01
7.020542867733017278e-01
2.231156358980964649e-01
-1.631109840280634271e-01
-4.309033943374745990e-01
-1.795184196231229823e-01
4.900840210051133662e-03
2.940897960014332013e-01
3.479700375287746450e-01
-6.636212665526615151e-01
1.014587948740543616e-01
8.457021710907405843e-02
-3.156862539465965511e-01
-5.995588903247164314e-01
2.350017800092100151e-01
-8.697010620704716255e-02
-3.145680096752687671e-01
-3.036662049032698985e-01
-7.895534476013844893e-02
-1.104172718451200963e-01
2.975100895197353434e-01
3.485954771526670326e-01
-2.224043825371097016e-01
-1.554379352365825306e-01
2.230653748310092999e-01
7.490329835569002892e-01
4.796187731080047145e-01
6.028969375592423408e-01
9.039759599034563609e-02
8.296692111450339191e-02
3.993613282468760906e-02
2.863619890790997102e-01
-1.357682566881985853e-01
2.543929808082601163e-02
-6.470248508551414979e-01
7.059311847135196771e-02
-3.036017289610223185e-02
3.160521965492745777e-01
-3.455316167272989292e-01
-1.332055516871810674e-02
3.671933245075371666e-01
1.391335405543492054e-01
-1.030607160769238945e-01
-9.087638092624972241e-02
-2.255972828981313294e-01
9.815748581867210498e-02
-4.098272194661892742e-01
-1.061379124419731534e-01
-1.490721426441567743e-01
-3.528878071296196600e-02
-4.613898019773016862e-02
1.072580487172721253e-01
5.938597464499124623e-01
-5.634396435460613528e-01
1.660898467962892144e-01
1.585334197347852969e-01
-2.897602601499535413e-01
3.848861049189408745e-01
-4.486330904760862381e-01
-4.845740315630074346e-01
-4.092862845803694749e-01
2.198442980828130278e-01
-2.667362525821651009e-01
7.301817147858318258e-01
5.858500967826822947e-01
-2.122281565386949231e-03
2.766594300297953724e-01
3.145851771910672112e-01
-4.452857770293385253e-01
1.076995280303531116e-01
-3.394122390964040559e-01
-3.213384853787727424e-01
-6.488496433551141918e-01
-2.610508031355158742e-01
1.709321837091641871e-01
-7.103187824235576153e-01
-6.023966011920415253e-01
-1.928026039859944973e-01
3.174590718318118787e-01
3.313352768653759495e-01
-1.693291635745892143e-01
2.917624273614470298e-01
1.864923595455180716e-01
-1.893873395187521680e-01
2.205732618559455571e-01
2.236696198918752820e-01
1.113271140819452332e-01
-1.414415464095627739e-01
-1.604754259397566107e-01
2.367425964413376882e-01
-2.304195523206772067e-01
-5.723792456323431033e-01
1.242601830271439778e-01
-1.576233712725874370e-01
-2.017086200873305923e-01
6.564728960025717486e-01
-2.795782832008366081e-01
9.500446517428029480e-02
-2.334937133937934339e-01
3.712442058659329303e-01
2.469818622643969175e-01
2.211669523433346801e-02
-6.171865158737083884e-02
7.190914711355129718e-01
-2.615944062554942384e-01
3.286585958146813202e-01
7.095517046676141915e-02
-2.504191360032719804e-01
1.307875543188557754e-01
-5.224230718457890665e-01
-5.292744526843622815e-02
2.372417578424440843e-01
-5.713384873323700264e-01
-3.564706114140206439e-01
1.039031484281858903e-01
2.792947787316786279e-01
2.061549968335092409e-01
-4.712322849593105212e-01
3.958665582707716624e-01
1.183158595546995595e-01
4.422651031504742231e-02
-1.029463632844565962e-01
-2.537456631607409863e-01
-1.390809338617955346e-02
1.301981855406640076e-01
2.639936809837298837e-01
-2.569974369921295687e-01
3.126355104813879904e-01
-5.316010525242828022e-01
-1.530670233452874340e-01
3.624122974622183690e-01
-2.170024920300886173e-01
2.209351711250966133e-01
2.597919152944027088e-01
6.275481240177338549e-01
-2.968052904828906158e-01
-1.962377339543792121e-01
1.250315257862183171e-01
4.757137853284825191e-01
4.592997881778301816e-02
-4.525266003521623559e-01
-2.237056546309584837e-01
1.266573183664954083e-01
2.672669971035358527e-01
-3.410273246644413003e-02
-3.792869722526137077e-01
3.951357900294162895e-01
-3.116914911135897914e-01
3.520734367112280383e-01
3.452231237693564325e-01
7.231431163257465711e-01
1.518047575568286789e-01
1.015125914312756117e-03
-5.768571801518753706e-01
4.533299422518886068e-01
-5.258830808796566281e-01
2.448798174322025512e-01
-1.380851792909634779e-01
1.059867103364189045e-01
-2.517794834629426964e-02
-1.687159509384155154e-01
3.777645574295174224e-02
-4.163428293178783601e-01
3.865639806254400623e-02
9.422729945718869016e-02
-1.532686761309325352e-01
-4.424198135472729998e-01
-3.355919805206553641e-01
1.560990661468242280e-01
-2.972400763170940374e-01
-6.572990145529825079e-02
1.506696882914117241e-01
2.568096818878017329e-01
8.028615540639276738e-01
2.124626658327500792e-02
-2.721270570704196340e-02
-3.513093170413337796e-01
-1.452769431871424044e-01
-9.126454569235800673e-02
-3.254027811138111570e-01
1.310437661197881298e-01
-1.573861040065028249e-01
2.323676212203797942e-01
1.763154390150991901e-01
-1.073868426605055076e-01
-2.388247181823816012e-01
1.043404887627509409e-01
6.399879003270936284e-03
-2.185694877707042016e-01
-9.013623374696144025e-03
-5.530330853166262051e-01
-3.410894165022836932e-01
-3.384268768049321641e-01
1.287475507336341418e-01
-7.931184655394468708e-02
2.783837106272514239e-01
-1.872558663481021235e-01
-2.920575884288440505e-01
-2.096808874367446784e-01
5.305447082824576999e-01
-1.591464999399156560e-02
4.393177203948943621e-01
4.837806486256193694e-01
-4.013130422008065468e-01
-5.354942097424677389e-02
1.751008052461045794e-01
-8.780866434529949194e-02
3.080235716297339763e-03
9.608673111396442285e-04
4.183528773415271518e-01
-3.353407413729031505e-02
7.348545252240229475e-02
1.365878319302809007e-01
-8.263486065495400101e-01
2.403481646203919908e-02
3.984657770720532177e-01
2.047952580575205378e-02
-4.117797928556504172e-01
-9.642733366360836111e-01
-2.408251795662807726e-01
2.914921051560652732e-01
6.154689272656541643e-01
-3.960349235934489953e-01
-1.167017996699184351e-02
1.108614901734250313e-01
-1.776732699523355385e-01
-3.901660234814082195e-01
-4.087186649763239754e-01
2.539792251286134284e-01
-5.105345092662810780e-01
2.147265477831826752e-01
1.653975835664316663e-01
1.639192047835824895e-01
-1.056575798652983622e-01
2.064685030332123472e-01
6.523650548534284943e-02
5.603279294809704325e-01
8.496198173209368321e-02
1.491775433005163021e-01
5.158012487996639361e-01
-3.013980974095341603e-01
5.768943532472018410e-01
2.662790532381148489e-01
3.846074146126102211e-01
2.707827415821302819e-01
4.332732190817570883e-01
-1.747800471053767013e-01
3.999194069776511595e-01
1.689293756339337316e-01
-3.555651192884743406e-01
2.535278372577496331e-01
-4.166625440679954107e-01
3.065118815604954139e-01
9.634794063647608708e-02
-3.907605746747453979e-01
-3.536466751008401355e-01
1.579819870157197770e-01
3.270535174648687288e-02
