4.459701276652524027e-01
-1.426193616495625427e-01
8.608215637317043201e-02
-5.718512291336552700e-02
-1.796132533979896695e-01
9.882251768679446713e-02
2.208437274109284754e-01
9.467497809883680671e-02
-2.559450635918054662e-01
1.141017897084268228e-02
7.909389248526786653e-02
-1.801438398826155085e-01
4.556071574507439270e-01
-2.099347858897588071e-01
-2.214830341992850976e-02
9.157599781115881299e-02
-2.705087967874449384e-01
-3.284250873067069698e-02
-3.399495691118261526e-02
-1.434491820637555093e-01
2.211855609264102573e-01
1.921060549544504059e-01
3.029764974253874588e-01
-1.704689834309056906e-01
8.064419439212043572e-02
2.505436738150417786e-01
-2.287677915188770228e-01
2.616118098797357572e-01
6.738006377675401226e-02
1.346835402765235723e-01
-1.843620801047846647e-01
1.422366150964797515e-01
2.091020249230905181e-01
-2.977982731530098293e-01
3.752900033559978255e-01
2.382142106244434232e-01
5.084201018887292145e-01
-8.281294925138273921e-01
2.086380470264641018e-01
-2.802271530451713732e-01
5.028684345429176306e-01
3.334722171601912089e-01
1.308357682026496382e-01
3.164237497231592311e-01
1.681895463033390437e-01
-2.412801361104724984e-01
-1.722911457780345809e-02
1.748024794078096300e-01
2.621813978596929662e-01
-5.497637034283099633e-02
-2.466555171424777704e-01
-2.143376930939127067e-01
1.411894514186952040e-02
-5.292081406485312778e-01
-4.196348700597758996e-01
-2.501527921921987696e-01
2.911286395896571788e-01
-4.622396964855392532e-01
-1.255362799249640504e-01
-1.116359189150671789e-02
4.338529188386567315e-01
4.892690876346239559e-01
1.413643868016739025e-01
-3.759930950551041984e-01
3.694752449520795623e-01
-1.299987163488429236e-02
4.651633264022011494e-01
3.581263205938624017e-01
1.303399617465619276e-01
-6.723526913544021488e-02
1.555753684251358904e-01
1.535593667744834800e-01
-3.045947179513401326e-01
1.459633080735081578e-01
3.544003140925894996e-02
2.330988110798769830e-01
-2.826701509008284763e-01
-4.361095401693794171e-01
-4.829903596442378100e-02
-5.325443441781749776e-01
2.877448341948984356e-01
-1.728348093500890192e-01
-2.396051842101430129e-01
-3.578176108716745740e-01
-1.247925130906981928e-01
4.180059715900856232e-01
-1.964344940222696734e-01
2.964339197845096072e-02
-1.340016218321281594e-01
1.926273291076154581e-01
1.600376953283126069e-01
8.100286560430265681e-02
-4.452985275441461166e-01
4.088633083221099307e-01
-1.586845390610135825e-02
8.939387547612502594e-02
1.390350416133639688e-01
1.929550586973869664e-01
4.989376285729394400e-01
-5.836208928282899944e-01
-1.696204305406833757e-01
3.658966772540130363e-01
1.215559693417717774e-01
4.616948313334233445e-02
-7.325354070788949734e-01
-2.508941995973280048e-01
5.678816966157940183e-02
9.397848069176943653e-02
-6.974013135358200222e-01
4.761625967059476827e-01
2.454091724647219364e-01
1.712008242436846017e-01
5.175072832528888889e-02
1.940666000420805670e-01
9.960539918528482639e-02
-4.291176826135970068e-01
1.252923390032690265e-01
8.042547687531965972e-02
1.411398997621851788e-02
1.877340169999041075e-01
-2.520271293438215432e-01
6.159313030478325013e-01
1.263218932276218565e-01
-5.543305794409733034e-01
-1.970039856621669805e-01
3.591257150331816049e-03
2.299008870480042377e-01
1.105383818322977080e-01
2.636652301414754707e-01
3.013816468044198671e-01
6.164211265188856981e-01
-3.338597133677131956e-01
4.090316846742789725e-01
-3.343628390382535343e-01
3.386426543696068325e-01
6.884032633427908388e-02
3.265592932119905645e-01
3.883702242387720438e-01
-2.420386613614980073e-02
3.114734008749113926e-03
-1.873893048234579750e-01
-6.674990402096400155e-01
2.161248203307223059e-01
-1.119781340613799220e-01
-1.178743733238858532e-01
6.368970330937944180e-01
-3.016765996502301372e-01
-2.699710525957875196e-01
-2.184406571553470788e-01
4.210510471362660101e-01
-8.481689726200564161e-01
4.939522535140160320e-02
3.767720603064352303e-01
-1.969908994913665834e-01
8.187593249215109614e-02
3.456067449685139570e-01
3.146642174433477712e-01
7.596288622998623175e-02
4.005832050110372938e-02
2.435779016029933630e-01
2.375003073096240355e-02
1.457755492376322237e-01
1.173325821484167975e-01
-3.661521666254516361e-01
4.184861152618612468e-01
-3.714559684051972344e-01
3.696823265696508320e-02
3.045026824772871857e-02
-1.987588241133194378e-01
7.491195956323982719e-01
3.354299146849886726e-01
2.990601373690589537e-01
-3.245273350008751057e-01
1.301648825163001814e-03
5.768225279602189337e-01
-2.224950989571758131e-01
-5.725163583226539066e-01
-5.275090208083121207e-02
-2.914450103778689072e-01
5.296033383344344037e-01
-1.379397868104094149e-01
2.141786502853866014e-01
-9.905606444195877436e-02
2.441554970088449239e-01
6.509097993564352258e-01
-2.725488120058736641e-01
1.734671128393784345e-01
3.035007910269488240e-01
-6.198491226560250977e-01
7.333707491074002716e-02
-4.969446995186014293e-01
-4.026507201793514540e-02
-3.276656830004656129e-01
-4.859120797529634800e-02
-2.821877116266314767e-01
1.557360603074411376e-01
3.150550591310759263e-02
4.490258043188628118e-02
2.754118017359282189e-01
1.640289798210080030e-01
1.320020824623470146e-01
-9.297590228480210120e-03
-3.640368810670012722e-01
1.039862780501403655e-01
2.724270314006071447e-01
-2.364224412490701852e-02
-9.059750192284261872e-02
1.780968219777464279e-01
1.526085240186671743e-01
1.952240873786365571e-01
4.203777881723795296e-01
5.709566440839459744e-01
-4.760178429231552016e-02
-2.652349929404355100e-01
-6.954301385282547765e-02
-9.804116064427922939e-02
3.661210586400438088e-02
1.624288088376748540e-01
9.607591488107665792e-03
-5.309791633207296135e-02
-1.580927618616604358e-01
-1.262224251002887210e-01
-2.385045744704543114e-01
-3.233200376773200935e-01
-2.429519052409211122e-01
-2.717807319388314546e-01
1.008529616155388470e-01
3.355777873361818764e-01
2.773496375917064438e-01
-5.545409560554158679e-01
1.031658796569229486e-01
3.494408819779505904e-01
-4.458258731198534441e-01
4.297021840067015708e-01
-2.688181483818579687e-01
2.805404029818199252e-01
1.155118400987545091e-01
5.793915231835407020e-01
1.985806881687618083e-02
-4.026861224087440738e-01
-7.461708718764900605e-02
2.190568392321606273e-01
5.193835831295618988e-01
-6.778609224685214207e-02
1.910853961313923599e-01
6.952108627802430219e-01
-6.293769886481044573e-02
-3.062485349692398509e-02
-3.380697395227464375e-01
7.621113847555263110e-01
2.059885665289875115e-02
-3.939336231071408623e-01
1.676131461073171180e-01
2.501400398334764352e-01
2.647805890111554553e-02
-3.548321353750562013e-01
-5.892985685781741978e-01
7.646009392822346040e-01
2.123873177873236984e-01
-3.190034123299348174e-03
-1.822608621318600741e-01
1.255505523095794829e-01
-4.000781761691963451e-02
-3.685089664246110064e-01
2.252002101197381201e-01
