-1.877404994316794473e-01
5.725648183133725810e-01
-2.655690510299900109e-01
2.718728155107514866e-01
2.592240583152251032e-01
-4.300675050669824223e-02
-2.808600076823112093e-02
9.646529529874753317e-02
-1.345291578983872360e-01
-2.493404421443813357e-01
2.013618167345150034e-01
-8.124198488529527085e-02
-1.620984990278215646e-02
6.896818990341496702e-01
-4.467665815192569112e-01
-2.502993867990406240e-01
-1.478424467920585184e-01
-4.447143348150296993e-01
3.847700114241849323e-01
1.686281699584890326e-01
2.238813666998663576e-01
2.587788404702284772e-01
-1.319290870608616772e-01
7.427219985795421864e-02
-1.306872083682497354e-01
1.169567190996333717e-01
-3.804006901216138714e-01
4.898733478040857570e-01
-9.454194652394219689e-02
-1.938256077076556949e-01
5.241708332569827711e-01
5.020094663946670366e-01
-3.107366977039134337e-01
1.452925165505241645e-01
3.868069361341248125e-01
-2.547934600281844264e-01
3.833119427866416573e-01
-6.969845935703188333e-01
1.814524320850332828e-01
-5.699947387354438177e-01
5.153427715950654742e-01
1.009311957710325031e-01
4.234736002577703384e-02
2.353789389199019977e-01
1.379503569107872474e-01
2.848527920359148480e-01
-2.268502409139331877e-01
3.633063922688771485e-02
1.767932202026285537e-01
7.699022307979662416e-02
3.631969357244445029e-01
6.484918388286941004e-01
-2.813389480296751288e-01
4.987808356597595895e-03
2.375434067102859606e-02
-2.762114074479964931e-01
-2.294453101523900515e-02
3.138731528802029547e-01
2.541410760730707374e-01
5.802491643035497804e-01
9.622226092378387274e-02
-1.969092016895650776e-01
-5.236116037309446192e-01
1.285945370121056586e-01
1.540949797890800443e-01
8.601431522947618896e-03
8.722091430314116156e-02
-3.451635561932085428e-01
3.277016006336792575e-01
6.009363918911592162e-01
-6.293298108223691067e-02
-2.526581504488241703e-01
1.954227754586468080e-01
-8.063991916263173187e-02
-1.845208411000306137e-01
-3.214958130832402672e-01
-6.581766718366765558e-03
-6.711230406991960940e-02
1.454849632141720917e-01
-9.408506425400298134e-02
1.603353185329815245e-01
-2.508632783913162245e-01
-2.887768176231227946e-01
-1.868399291770671822e-01
5.366289885523056052e-02
-3.031608478771588219e-02
3.519826688761455435e-01
-3.353873545739798900e-01
-8.241738579466674486e-02
-4.129176097927739729e-03
3.229395827489153215e-01
-1.704450473704303970e-01
-6.134460126452410123e-01
-4.594220297324808078e-02
-1.509464582483045214e-01
4.423840819690812443e-01
-2.819155541724572833e-01
1.942325834766807022e-02
3.372563750726576548e-01
-1.129853703347440813e-02
6.978489393570765087e-02
1.235154427327551929e-01
2.866923365494564169e-01
-7.200403267267763141e-02
5.704427106462396646e-02
1.580136387420044142e-01
-1.584153566751910769e-01
-1.340170384551511162e-01
-6.522019397962575127e-02
-2.626488112673154574e-02
1.338731664203378635e-01
1.859673506351029737e-01
5.782776471004682194e-03
-3.228735776561417192e-01
-2.932534396476800254e-01
-3.082474439771917818e-01
1.191030058419530469e-01
-2.083944278509919090e-01
-6.746367649894211872e-03
1.855601888503977392e-01
2.885056799989923482e-01
-6.794745410943517916e-01
-1.000000000000000000e+00
-3.285325578377485400e-01
3.058370704287091124e-01
-7.183945260677131184e-02
-5.226658144712090781e-01
2.131701482729005670e-01
2.752827651809122145e-01
2.587514089807773504e-02
-7.030044621874517174e-01
-3.886114838832964713e-01
2.206054980551159714e-02
4.383543899888092676e-01
-9.189512606077485102e-02
1.566822833175552931e-01
-1.503363421092699381e-01
1.057757552184536848e-01
-6.303586190502753483e-01
-2.397462508436443984e-01
4.165503260402229069e-01
8.265275623117195325e-01
-8.521076566662764973e-02
-3.514520261164021109e-02
-5.738498653879076095e-01
-2.870532808207564100e-03
1.969714090657873062e-01
2.867344470004908885e-01
3.012164759832203775e-01
-1.283118502539759564e-01
-8.092177679540668578e-02
2.785622902906129683e-01
-6.109248850740717912e-02
-2.324995944548819415e-01
-9.519326989758065960e-02
-1.934014429534922086e-01
-4.484109784565422363e-02
2.151948292283102637e-01
2.894776137154665974e-01
-1.454107274398735439e-01
4.682372727540708990e-01
-5.512518791340969004e-01
-1.072740165707457977e-01
-5.941459530191739447e-02
-4.216558188174493460e-01
-1.420095523417798933e-01
-3.196204787739392317e-01
-5.949159148835267766e-03
6.131001288235822244e-01
4.536023149470990168e-01
-7.511966110657761209e-02
1.664113680702484777e-01
-2.796403829667362118e-01
-3.174172516292880775e-01
-1.644574483042415547e-01
-1.559823671944252921e-01
3.086748234661356172e-01
-1.552456678000484550e-02
-2.987025727259147168e-01
-2.327571374872441368e-01
-3.564614066962359246e-02
8.585201373762932908e-01
5.429668979034475429e-01
4.080196346621123293e-01
-2.277000024800672484e-02
4.887921986338500946e-01
-1.406715174675196300e-01
-5.114013180922566404e-01
5.530752662673753955e-02
-1.902693833298836068e-01
-7.190158870754880249e-01
-1.533434103991705710e-01
-1.902813171537469372e-01
5.527331012858709425e-01
-2.930528065877689436e-01
2.990568078119133499e-01
1.358682977469814201e-01
-2.688086360436450772e-01
-1.230905297317035768e-01
-2.000926400967611707e-01
-1.939277236083497002e-01
-1.582619832095740475e-01
6.104589286205041043e-01
-1.479494729878453319e-01
-2.418905798803051566e-01
-2.237021237987250610e-01
1.817353730367832487e-01
4.569216133569723448e-01
9.570049420596463130e-02
-7.942814418006713395e-02
-1.278085737846301750e-01
-5.043875927822365490e-01
-2.514072732784433314e-02
4.117620019406427745e-01
-9.267807607834528671e-02
-3.995626962507412006e-01
-5.730433036586349838e-01
1.574831336060178444e-01
1.029622080940486573e-01
1.823117485196320831e-01
1.296532497741836321e-01
-4.164560138925224586e-01
6.800926784199608222e-02
-9.917886979599700725e-02
-4.074475309371239362e-01
-4.379456494144776807e-02
-3.971294908386687195e-01
-3.694470813488077293e-02
-2.036614513819234584e-01
-1.084242326822633801e-01
-2.330371285287024252e-01
-2.288243108057593234e-01
-8.821543457505234831e-02
1.051666106718562727e-01
2.381051511813292998e-01
-1.991070482979409861e-01
1.732458668846208194e-01
-1.802843443493734599e-01
-3.696862671695418934e-01
-2.870288498450527803e-01
-6.513024679115154980e-02
3.678574692002356539e-02
-2.432449487736598193e-01
1.180617027409051056e-01
-8.447642683444693545e-02
1.435194270210233269e-01
5.499049965993714206e-01
-3.550477678937372095e-01
2.058489487910201976e-01
7.083183812598251583e-01
4.621300847352662888e-01
1.419571874104026965e-01
-5.117156784372036693e-01
-2.533098267459532593e-01
-1.367664837200838479e-01
2.072127994875733736e-01
-1.327429590124656056e-01
4.622054558809639974e-02
2.206591480271526684e-01
-3.507840587873902183e-01
3.649677880612587910e-01
7.159677595985961540e-01
-4.053029565327063155e-01
-4.000170701929732231e-01
-2.141110663940744840e-01
