-2.420139477636432113e-01
5.634493137752645264e-01
-2.630050755364418680e-02
4.518415869143764807e-01
1.909172572440571980e-01
-6.035382341729424172e-02
1.062125089936638012e-01
1.956235590631919541e-01
1.998862809074601621e-01
7.016109426937011673e-01
-3.995435051618710376e-01
9.544428899787962828e-02
8.600956872629843264e-02
2.675601463528632512e-02
-5.180515509256708104e-03
-9.076001247614082224e-02
-2.238967329932892714e-01
5.168308673059585079e-01
-4.954472009889258066e-01
-1.252365876656359456e-01
-2.803655600129816849e-01
4.098008693497731669e-01
-3.798431593497315073e-01
-1.090958641643683391e-01
3.431433402535083443e-01
-5.003481711107115038e-01
-4.406289260831368071e-01
-3.242700322382093270e-01
-8.155992276490980908e-01
-2.145004315489523194e-01
-2.868508511422560581e-01
1.383857247608739904e-01
-5.851170907585919595e-02
-1.156536518407326741e-01
1.248623832989434052e-01
4.853588223331203322e-01
1.265619974239929058e-01
-2.200507762530503064e-01
2.616098727645375099e-01
-2.272689964071702984e-01
-2.314382956885627229e-01
-1.206219792050675643e-01
5.254657958299997766e-02
-4.499360149441909706e-02
-1.024561070798728213e-02
6.703361544707184816e-01
-1.515712071057376820e-01
-1.259765113348508894e-02
4.137336501906462294e-01
-1.267168240427840042e-01
-4.302968730097720407e-01
-1.274184365286659681e-01
-3.434438380030375160e-01
-4.157738460435653205e-02
-1.110308451443374755e-01
9.367944621776004566e-02
2.407821502230027277e-01
3.016940533807498381e-01
-2.738150779322755524e-01
3.021665521787985087e-01
-1.068047812760067605e-01
-2.666628745476001261e-01
3.902353481641987476e-01
-5.928756720714987993e-02
-9.479189092065483380e-02
-4.354602232104945458e-01
9.643453645570165822e-01
6.755746961948995155e-01
1.635508090533496495e-01
-1.927931635468119465e-01
-8.186876514725865972e-02
-1.880906755505979723e-03
-5.347967516384116715e-01
-1.462887109541255171e-01
-4.399502277679116780e-02
3.854843228190460436e-01
-2.846243984967135043e-01
-1.624708736212724935e-01
-3.270073451864924929e-01
-8.869285904465437631e-02
-3.010150454547347865e-01
-1.119791309839266447e-01
-1.961785633094838555e-01
-2.045515323363949756e-01
-1.505622986374864358e-01
3.408915948628677972e-01
-7.945790457857113687e-01
4.982415774992690616e-01
-6.872241332443873585e-02
-4.722004430361111393e-01
3.174275471864094200e-01
1.125356623402687106e-01
5.035360352722144661e-01
4.138233740790184245e-01
-5.213691702633078684e-01
2.049847644508981936e-01
-5.532563240607984989e-01
-4.902379102615546380e-02
6.500063023769673265e-01
3.108621345721735985e-01
-2.584539202614796194e-01
5.981997020202654003e-01
-3.551714736369409597e-01
-3.069057011146655300e-01
4.711364647709416209e-01
1.545666401320263950e-01
3.083929815555958021e-01
4.382301083140024978e-02
-1.298755756698512231e-01
3.454623920594125930e-01
1.976288845008709882e-01
4.757889728985472688e-01
4.947730362543560911e-01
1.528624356288665054e-01
-1.370390288798404299e-01
3.400239613068840178e-02
-3.402588774581888353e-02
-4.121668852507519021e-01
6.354932180283392462e-01
1.934702726479927137e-01
-1.699381607439471031e-01
-4.743551823051913585e-01
-2.182901850457797943e-01
3.177749361919030568e-01
-3.845334334095948381e-01
-4.796438159390148948e-01
-1.782156719648367305e-02
2.613439394863699763e-02
1.985750164537208040e-01
1.571016527607970725e-01
-6.010859863541619941e-01
-1.424177671545765744e-01
3.822860539012029601e-02
-3.598191006284119919e-01
-4.371636429633407039e-01
6.322343428665898324e-02
2.819927726226261755e-01
-2.287602526997210284e-01
4.453396209208183854e-03
1.677859415353427641e-01
-1.376624831957646289e-01
-2.194257587329870307e-01
1.931264487205605618e-02
3.206946040439787593e-01
1.836537594231241188e-01
-3.912392145921866210e-02
1.932179503949313371e-01
-1.003471801859036894e-01
-5.198297515133852575e-02
-5.136811635457132902e-02
-9.615062853414380051e-02
-6.752855148866948598e-01
1.765317498620250780e-01
2.202928593279050440e-01
1.057040427450697123e-02
1.181382119601806363e-01
2.731413202906148308e-01
-6.477150840471564835e-04
-4.128977720050066580e-01
2.168620835668443880e-01
3.966115431145424419e-01
9.910818406882929144e-02
-8.523906969788463961e-02
-4.319086361754198578e-01
2.357111024499868868e-01
-5.809174878983017209e-02
-9.830312451984386801e-02
-7.698622605316531864e-01
-2.780843334738765660e-01
-1.035470505974815103e-01
4.836098201978468458e-02
1.058727058772097468e-01
-2.533971281949758958e-01
1.549594012320518188e-01
3.140287703119349905e-01
-9.640469710111754589e-03
3.636286498895882624e-01
2.338563674505009793e-01
7.563733760253289751e-02
2.195088445191098192e-01
-3.939966572276313306e-01
-1.252538453061662754e-02
-1.602665273682100655e-01
-5.990268738012738403e-02
-5.348935595773618434e-02
-1.835287019261624963e-01
3.907152846512489119e-02
-9.216782040619161953e-02
-4.366539711243660471e-01
1.578176842681261738e-01
4.058492723850095629e-01
-9.610690761727039289e-02
1.573515529287816961e-01
6.832672757826756260e-02
-8.555247089937040306e-02
2.142062803411362293e-01
-4.820769736069302480e-01
-1.210349934224544052e-02
2.611668535439710670e-01
3.081465695927503856e-01
-6.648734389051147442e-02
-1.596243017347965254e-01
-2.285686255783984100e-01
2.307246132312413267e-01
-3.715488059955705802e-02
-1.248434096413324201e-01
-1.091614670424767286e-01
2.418579230900642640e-01
-8.110176436397852073e-02
2.273692346150067711e-03
-1.535895526325044558e-01
-3.763706497767050907e-01
3.068249821603530325e-02
1.083507371610566150e-01
7.027931029398980234e-02
-2.973745447315756518e-01
-4.699222074240356761e-01
4.069337025291960841e-02
-5.366904384762219982e-01
-1.269791257567649545e-01
1.293449141995123980e-02
-6.165889606385888122e-02
2.912828136079533281e-01
2.381053707869057456e-02
3.895054286010768974e-01
3.166239091384031035e-01
7.860051921195454483e-02
-5.757451292410213917e-01
6.405885147932960377e-02
-5.604263433043420450e-01
-3.838924956549648049e-01
1.573813890129467097e-01
-1.714123837034568498e-01
-4.271571280083782951e-01
1.875517759713615090e-02
-4.229266512204399309e-01
-9.233959397545682402e-02
-1.795277107132093319e-01
1.891750706757781286e-01
-4.328281001000441885e-01
-5.807712497239030380e-01
-2.472838952710806615e-01
2.493027312517974159e-01
3.418599030781150905e-01
-2.783897023501498147e-01
-4.042863028391255331e-02
-3.502714109453798907e-01
6.712509684589238468e-01
8.325267356396941487e-01
-9.674064799197829023e-03
-5.111219450825656985e-01
-3.256926740771194928e-01
2.438707444975309058e-01
2.927579895925582210e-01
5.354531532968066498e-01
-6.057589270751088106e-01
-9.508567976907761343e-02
4.241511716222283457e-02
-3.154356592232944734e-01
6.692806670187025075e-02
-4.903638857028467246e-01
-6.199083507811841559e-02
-2.468805259987655043e-01
5.208209600653732618e-01
3.317686374401375426e-02
