2.741433734453843085e-01
3.609638006458234516e-01
-1.945339208982586887e-01
-3.544048018074438255e-01
7.093041359555209979e-01
3.475020675967342709e-02
-8.087482109254125195e-02
-9.338026940708121781e-04
-2.880365587211646816e-01
2.632576846611611177e-01
3.784157813999920045e-02
1.677308959885361606e-01
1.057110447966143757e-01
1.312466007053869899e-01
1.095173785158473079e-01
8.099497263670034641e-01
5.576594836242680930e-01
3.057763855529752051e-01
-1.194988931669304644e-01
-1.121560706067441932e-02
-2.083140352521020144e-01
3.924013552402438876e-01
-9.184503445396854926e-03
8.662821344020268377e-01
-3.211478625595395320e-01
-5.054479514402723250e-01
-5.252772567235215462e-01
-1.000000000000000000e+00
8.582022674865480427e-01
-6.521686517299015717e-01
-2.285892349879109497e-01
-1.699483155860069539e-01
4.159229221485737926e-01
-8.956124503645955526e-02
1.576114342314599570e-01
-7.717020184340953048e-02
3.530375835239898397e-01
8.453654763649254278e-02
2.324050256444139817e-01
-1.139466323969128003e-01
5.901974807082993602e-01
-3.423107847599762832e-01
1.166291841230634035e-01
2.129308938644719207e-01
5.561235109677939992e-01
3.009123838866477052e-01
-7.190898397326518643e-02
-9.200102000801266833e-01
-7.636399833595365616e-02
-4.150956404815295819e-01
-8.141988556481549733e-01
5.044920374483179426e-01
3.818838960592198517e-01
1.532599224439773200e-01
-1.356667501673636811e-01
-2.167747212697594683e-01
-3.291669918798865724e-01
-3.511154891426518376e-01
-1.509564796548371057e-01
-2.489305387489033072e-01
-1.785300393684170761e-01
-5.320605895050531942e-01
-6.099740933721431446e-01
1.360014176012308007e-01
-3.996185379147487171e-01
-7.501328533203261983e-01
-5.926281117456779768e-01
-5.253109939969685671e-02
2.820606458193881672e-01
-3.074287785947578677e-01
-1.129695714068707224e-01
-1.530336375607564865e-02
-1.190777426439993125e-01
-3.313361771788607135e-01
5.716459874974604005e-02
-2.835104689419720714e-01
-1.000000000000000000e+00
-1.739723391908322980e-01
2.037118011892328773e-01
4.702697795915847245e-02
-8.306067907202641099e-02
4.433216189507194760e-01
-4.264245640864071096e-01
-2.392691030346086323e-02
-1.477958052264220778e-01
4.436231261440587992e-01
2.444595913004185828e-01
1.797946480364541744e-01
-2.018292761986513473e-01
6.059343745861667241e-02
5.359866958474641674e-01
5.320160134158792298e-01
-5.727584415023457415e-02
-1.476715288046248631e-01
4.666221797792307613e-01
-1.276878081993764735e-01
-3.299685720741554196e-01
3.019419069683046408e-03
-1.570607863991074216e-01
-3.151125507383109592e-01
4.574529234547750622e-01
3.398666339982304302e-02
-5.199914817504949216e-01
-2.492978610810272500e-01
-2.561527040444902537e-01
6.470737879597007747e-02
1.774087934690228574e-01
-1.506750910851774594e-01
-1.167028999647297671e-01
3.885657995454894209e-02
1.204449183893737396e-01
7.202409432123267896e-01
-2.626734952711222704e-01
1.062614323343744616e-01
-3.265881097596414762e-01
-7.106650225006583277e-02
1.776278449389289416e-01
-1.882317771730230571e-01
-2.980713827872016330e-01
-1.882384000568163296e-01
6.521695230606405769e-01
-7.639505663148003778e-02
-2.839241523916509191e-01
-3.046935752387175955e-01
3.829666571559294241e-01
-1.054072911621025399e-01
2.076539060264409320e-01
-1.333550688318982658e-01
4.075889940372107723e-01
-1.048007886262752875e-01
-1.455761897610088340e-01
3.875666814372729641e-01
-2.619709122217038777e-01
2.405778639167034938e-01
-2.480837339608191194e-01
5.564799452291964155e-01
1.202515298888845174e-01
-2.172881129525674748e-01
-4.157738672914572386e-03
-1.482867028631323393e-02
1.775351221028047821e-01
-2.023374532661505465e-01
-6.521637636325122722e-02
5.551345408336701981e-01
-2.069694072717049860e-01
-1.481323827869036047e-01
1.390018817489995229e-01
1.946422157817251919e-01
-4.483529989913526137e-02
-4.326641252514185076e-02
-4.210231674642665456e-01
-4.663457371127666673e-01
9.784161638274270489e-02
-5.448239243020132350e-03
-3.226938331703060325e-01
1.037348309967165289e-01
-1.951014247083025233e-01
-2.006099787817698099e-01
-3.285149336646858709e-02
-3.729507695049993354e-01
3.015758470699535509e-01
4.969759444083386990e-01
6.534376930630250713e-02
5.600250977974215692e-03
4.316393462883095361e-02
-3.386389819652839694e-01
-1.003460510895018698e-01
-3.046091624756840921e-01
-9.090935146767842312e-01
-2.758495199547618126e-01
-5.131998626579926670e-01
-1.171714774337336007e-01
2.513706939285724751e-01
3.341740104153396729e-01
2.906397147162233241e-02
-1.216019025546716953e-02
3.429618056590785780e-01
-1.506550587666959373e-01
-1.720611180882109514e-01
1.005775827995841476e-01
-1.096450959017028146e-02
-3.489180601786702751e-01
-2.986417342661086272e-01
-6.700945907879854446e-03
1.800283756956867764e-01
6.547614416533190651e-01
-3.346946377347139179e-01
6.027334540470863367e-01
-8.971598078579121061e-02
-2.789828102946521060e-01
3.538534725468799880e-01
5.878551750790943498e-01
-5.226771401324121769e-01
3.741511638252698058e-01
-8.159664022902957115e-02
1.281110280909441013e-01
2.443210191258585462e-01
-2.201982165268920322e-01
1.619778755645977786e-01
-8.978809389963497700e-02
-5.045998047661816033e-01
1.985357308603779292e-01
5.517846724794289726e-02
1.464625813254615549e-01
-1.350513766499960022e-01
-2.327665464609565138e-01
-3.120791849300453280e-01
-1.252979184038450766e-01
1.325990489912545478e-01
-1.917985041066086194e-01
-7.647672249758113994e-02
5.490701746545624540e-02
1.839523504460110481e-01
8.735430483328637807e-02
1.581755176486450420e-01
-3.370817004608722134e-01
-2.743782709070435866e-01
2.217576797367026842e-01
2.568170296713317979e-01
-2.074906575241802775e-01
8.716911200956474481e-03
-3.422772930094922228e-01
1.157855958777163907e-02
4.913379193819302215e-01
1.308091599564673857e-01
-4.021586993297033286e-01
-7.214993457489048134e-02
1.724533253543245603e-01
2.382616774023346706e-01
1.082701282145665800e-01
2.850797154687158552e-01
-3.861120674372186395e-02
-4.981898245955781457e-01
7.456074716317256934e-01
4.047564028199907571e-01
-1.498474418720958379e-01
7.066259868921857812e-02
4.032694707574851489e-01
-2.658190979515013264e-01
2.953691510986015678e-01
-1.606845450911466022e-01
5.269199888730194958e-01
1.118634604354782347e-01
-4.065472138339813746e-02
4.274834602631216729e-01
-2.020265491284338744e-01
-1.710317311762807324e-02
1.307004604477747800e-01
-3.537389725851054073e-02
3.906590378292601473e-01
2.904811475538532362e-01
3.834591452874453466e-01
7.619038742203723680e-02
-3.489833905702213745e-01
4.247320411711900112e-01
-4.579751441071313600e-01
-4.194124554966052743e-01
-2.867386146646075940e-01
-7.173345843547621059e-02
1.572535151284682742e-01
2.048453862318970475e-01
2.115502005406524888e-01
-3.500318280963386763e-02
1.850898328446670960e-01
-5.433612820513036290e-01
