-1.419365099408537445e-01
-4.146160130261453691e-01
-3.387497881608971251e-01
4.758320341185390268e-02
1.000000000000000000e+00
9.485494881527144206e-02
3.702283551905933279e-01
-1.518843301454299854e-01
7.475511103044926164e-01
3.623252402998946575e-01
2.465225227918766970e-01
1.717437683084232225e-01
-6.879286956402778930e-02
2.598651759452278998e-01
-1.959262239305200326e-01
1.351707497031469640e-01
-1.297079728128233168e-02
2.866547183402033405e-01
-3.232722433820628960e-01
3.645311421148060282e-01
-2.858366392215285767e-01
-1.858592528972268648e-02
6.128484063313871522e-01
-3.644121135171781156e-01
2.909750475959461680e-01
1.834501220316182291e-01
-3.670932095334446532e-01
-4.610490085425916762e-01
-1.836176013182974631e-01
2.721881216580452345e-01
-6.285108367552784403e-02
5.637162706246966470e-01
3.675850715741352803e-01
-1.245368431672541631e-01
3.085563803913480840e-01
6.084536427315580254e-02
-3.346199626162041918e-01
5.258616189046760175e-02
-2.821461217545152556e-01
1.235605265340742054e-01
1.670268015676153739e-01
-1.534846251744333145e-01
-9.994261120166232637e-02
-2.378379540339318199e-01
-3.358247316517368186e-01
-6.984905130031036080e-01
-2.614027435597700566e-01
2.832417003038186776e-01
2.761691289995066301e-01
2.322404359242660199e-01
-3.465333817448685294e-01
3.148925273456243401e-02
-1.547664920609325423e-01
-1.239773191910663597e-01
-4.313341626366376524e-01
-6.819062788499669070e-01
4.417550052938747918e-01
-2.170184245195347916e-01
-2.154594253579999175e-01
-1.266041092391224643e-01
-3.848053931430655550e-01
-3.314956518802456564e-01
-1.044181880503202223e-02
-2.146142705000359807e-01
1.548831575970436303e-01
-1.988555867666913224e-01
-1.895587427662304425e-01
-1.186395728433966290e-01
1.000000000000000000e+00
-1.953024585717984818e-01
-4.807832826326074449e-01
-6.834662884309751496e-02
2.412195433711072645e-01
-1.591575232190125533e-01
-2.762884670442308181e-03
7.004475401771229071e-02
7.344466345029140308e-01
8.324471539880740067e-01
5.675283311919873674e-02
-2.396325001329577264e-01
-3.365926497344644969e-02
4.755013228737544617e-01
-1.684295741494762078e-01
-3.168423848721688696e-01
2.961412840729507057e-01
1.183746945790960931e-01
-2.126073508022575942e-01
-1.762195121572514012e-01
-1.554607213356208606e-01
1.066683263556853639e-01
-1.921828573719257596e-02
-5.072796165675181879e-01
4.633686389167579467e-01
-1.444814670755021624e-01
1.720676003309170865e-01
1.081538066689028271e-01
2.892956000741924161e-01
3.089779274058905845e-01
-1.793039767111493099e-01
-2.576706440249080798e-01
2.102843809439674250e-01
-3.746813857661223518e-02
-1.424122587517279714e-01
-6.486784056848611535e-03
7.935055861514946907e-01
4.385488092886785094e-01
7.266798726079616577e-02
-5.883718601058497005e-02
-2.504597710605618865e-01
-3.683272863198844838e-01
8.823963123664252395e-01
1.688627364224817851e-01
7.204974597534899994e-01
1.315434998970215486e-01
3.008795252399328324e-01
-5.237297598980953373e-01
-4.538266298230231310e-01
-4.907299772679523109e-01
3.655798999462057663e-01
5.367098027485184275e-01
2.987649413115187665e-03
-3.563196204643490628e-01
3.829747513950648025e-02
-8.825172556370040888e-02
-4.956179943930941745e-01
-3.935942799700133943e-01
-4.190366386663822995e-01
2.795657181930976121e-01
-4.919987864481033535e-01
6.114422035617973483e-01
-4.267290429693785386e-02
1.162798028482756457e-01
-2.562415245453072976e-01
3.215413975939844238e-01
2.596183522764679008e-01
-1.556603318249148715e-01
-3.421073058484824791e-01
5.788260759539762268e-02
-1.793941487457940964e-01
4.287013808126673986e-01
1.127502881566002507e-01
-1.220905817638292118e-01
2.124906735574580152e-01
1.101063263878994530e-01
2.432504671378236116e-01
-4.077263381212527932e-02
2.274334261365249313e-02
-2.358792024578044710e-01
-4.601255884540880747e-01
-7.394285333923653059e-02
3.921523658900840509e-02
4.006328045779313785e-01
-4.987234120226883283e-01
4.712581810818727290e-01
1.904893013544705638e-01
4.095814477646392837e-01
-1.522938436706912368e-01
-1.920524729681339082e-01
-1.918047958926652197e-01
4.323781625076565382e-01
-6.420098518228858908e-02
-2.234046282876049061e-01
2.076586258765600601e-01
-2.541386243116983690e-01
3.081184360884404172e-01
-5.933829507159039951e-02
9.280444260598079420e-02
-2.549828432486196672e-02
-8.220738731401035226e-02
-1.083952684178311060e-01
9.490785040382800075e-02
-2.110639420491189078e-01
-7.354458387384734674e-01
-3.863819398400807903e-01
2.978551879614630415e-01
-4.714302694345241102e-02
7.590458488639607593e-01
-2.530216058380542754e-01
3.092450551464626107e-01
4.108942556640261118e-02
-7.494497093162260093e-01
-2.760235711820465121e-01
2.687189308379354102e-01
1.509467776452682874e-01
3.387170902000213868e-02
-1.000000000000000000e+00
4.133682566950316883e-01
3.672192129946011407e-02
8.788518862998535852e-02
4.956745016022469641e-01
-1.543421876238868229e-01
3.582706356719143198e-02
2.167961182444501020e-02
1.484624514269668738e-01
5.779597687202100986e-02
-7.219181613621221405e-02
-2.203094029259647091e-01
-3.683604982675611761e-01
1.753705423100772876e-01
1.858981231173910120e-01
5.873129053763734286e-02
1.536528343804811347e-01
3.189584073233702743e-01
-1.305988227051483874e-01
2.273650733560122483e-01
3.121110999582676349e-01
-3.086996758558247511e-01
6.403154409508773903e-02
-3.524475817178813752e-01
5.788156011503957643e-01
-4.912769833370718153e-01
2.972158511041463058e-02
4.505381642730096892e-01
3.718276558141986876e-01
5.086402263362572729e-01
2.815713204601186584e-02
-3.967405450743829998e-01
3.706810683182569788e-01
-1.896881737072676766e-01
2.430508775956089981e-02
9.263091969034098483e-01
1.044172450670362469e-02
-9.540590492540254944e-03
-1.103437727066917812e-01
6.131975354694723102e-01
-3.916988118498726523e-01
-1.911476616817394530e-02
-7.635400760824834210e-02
-3.868929194080178990e-01
2.395315596308068284e-01
-3.389055141059011400e-01
1.960778318394284236e-01
-1.095782796990295155e-01
1.224116017852015653e-01
-2.133313597061649650e-02
1.103558197276960362e-01
1.208827476737031892e-01
2.725185459213921857e-01
1.350211938095962350e-01
3.392712846663658577e-01
3.512580394348914781e-01
1.482583046624227907e-01
-8.474229507351197510e-01
1.606675339788631585e-01
8.729801180185605691e-01
1.426465786158530591e-01
-2.755599800483907735e-01
4.408386483112431975e-01
-2.969195388317160886e-02
1.146585383743984748e-01
-1.660688523562566521e-01
-1.425277981920279602e-01
-6.107055431892292191e-02
8.024628932419128335e-02
3.928650321259688494e-01
1.420949767438304395e-02
-3.231316632671457634e-01
2.937990580389990836e-01
1.418040897508558162e-01
7.884950888224617760e-02
-1.593223412114089710e-04
-5.804076534744948002e-02
-8.291711833735442017e-03
7.281288716217212409e-01
-1.015425560024584527e-02
