3.132309077936165087e-01
4.183616414799038452e-01
3.359750858044189825e-01
2.113433098322231030e-01
9.084142218957166892e-02
-2.780705467160394795e-01
1.288128538633389053e-01
5.826818148462431513e-01
3.999502758360801852e-02
4.637799641574651965e-01
-5.340448274436273568e-01
2.354206050915681747e-01
-1.342629041147568036e-01
-3.984863178014573792e-01
2.799199278538214153e-01
-1.217259850318500869e-01
-3.485131786026805512e-01
4.588065805822770793e-01
-5.769815158782017894e-01
1.290418192563948518e-01
-5.311284274962576601e-01
3.893860816339391739e-01
-3.100779398135699028e-01
1.347313519040210794e-02
-1.096468561574065470e-01
-5.911769022678547980e-01
-7.179276076516318827e-01
-4.034097634559895007e-01
-4.525765348460052961e-01
-5.366209525099690375e-02
1.219310916642332432e-01
1.569981063498537832e-01
-1.292902061140640546e-01
6.538025298095651028e-01
-2.514730534975541387e-02
4.730779588281189829e-01
1.094312309677130252e-01
-2.684345426372720111e-01
1.300261154085319282e-01
-3.421375928930133758e-01
4.311960152056444340e-01
2.414879739824050131e-01
-1.038994417828540545e-02
2.761771675874510890e-02
-1.538171403979884944e-02
8.300783163633168593e-01
2.037814705577429275e-01
-3.348055815814502539e-02
3.869651102991598646e-01
-8.367934056853974789e-02
-7.115934453683547822e-02
-7.290618601043481473e-01
-6.063048358387910231e-01
-1.998368051330172077e-02
-1.945734065685133518e-01
1.873580986168523962e-02
-3.925800116773138226e-01
2.976809405221024774e-01
-1.953772281404413391e-01
5.219334137550474262e-01
-5.191976833245794121e-02
-1.427120472576002830e-01
-5.721628571175106925e-01
-5.756049063013281009e-01
-1.604702880919616492e-01
-1.610094197540988259e-01
-7.268172203135943310e-02
5.355718101467107362e-01
2.010246741653016200e-01
-1.930524091276916432e-01
7.370772210084943765e-01
-2.141470574133381710e-01
-5.468036616582047094e-01
3.280430560328698175e-02
5.160732257574499604e-01
3.111983797533278695e-01
7.988528029451873458e-01
-1.408470811219517116e-02
3.774541730063522144e-02
-1.693751312335603221e-01
-4.023990235114410785e-01
-1.201459771010908451e-02
-7.612578987899849825e-02
6.918361180204025962e-02
3.585175760060110850e-01
1.615522606088747593e-01
-9.347612866834177636e-02
-1.936511769215287504e-01
3.879556829429527953e-01
-4.987259414405996460e-03
-4.852834707924910118e-01
-1.226294945314823637e-01
-7.867447278296067770e-02
8.115649920708110920e-02
-2.833167519565947812e-01
2.605839263953533824e-01
-4.103185786432242410e-01
4.580185323886261095e-01
5.294431968775328290e-01
3.438486718863565939e-01
-7.441845886222817064e-02
1.868671553884518055e-01
-2.694157410186712176e-01
-7.002961887689264087e-01
6.069419642993600927e-01
1.889780007168762044e-01
6.858252511764362236e-01
-5.893392476160786569e-02
-2.286069123479592957e-01
4.160401839346369868e-01
3.350975205784756383e-05
5.626001784752295842e-01
-4.422322783473349173e-01
-1.827764246240848878e-01
-4.053825719928740301e-01
1.756417937595944889e-01
6.697036675812366446e-02
5.680823524388790569e-01
1.466812450960450209e-01
-9.733906437433148540e-02
-1.473992369980838685e-02
-3.649819964571762165e-01
-2.645168690589534410e-01
1.706102302888413691e-01
4.700200490271375653e-01
4.921444783377803556e-01
9.490281403171042518e-01
-3.237088051581146209e-01
2.817746163911342694e-01
5.479630559758044694e-02
-6.029664793582311111e-01
-1.806946547757769250e-02
7.320893566999198132e-02
-1.546974671413679503e-01
2.253282196868930942e-01
1.436670753536264944e-01
4.669893575146447651e-01
-3.561974831203801317e-01
-3.656609249369350417e-02
-1.620087365330283025e-01
7.391881625995762040e-01
-2.658616243687457470e-02
-4.631283091859248469e-01
-1.611019576288009181e-01
-3.791755915758388551e-01
2.207796351214061092e-01
-4.149708222873081387e-01
-4.166430043592761479e-01
2.828729530612072995e-02
4.701458021650258834e-01
-7.643454763655338491e-02
8.203961892370879860e-02
1.161679074093255153e-02
3.513384004879576139e-01
-2.451329588595151654e-01
-7.700132986843359617e-02
3.346694914212826610e-01
-4.263129432460557172e-02
-7.276604424379058689e-02
-3.492141948110706329e-01
4.234036357204999934e-01
-1.759586289279373855e-02
5.963436791668883658e-02
-4.300576472437507847e-01
-1.858020866229960211e-01
-1.641249911343359014e-01
-1.340947081845187128e-01
1.318706203527391652e-01
-1.798007947272781404e-01
-2.266339760400243875e-01
9.649593396853672900e-02
-5.073744821957493906e-02
-3.104383870831079473e-01
-6.009793096243021271e-02
1.863235224280347380e-01
-8.735496116494062546e-02
3.985228317961025390e-01
1.351597661458886768e-01
6.571552836243570450e-01
-5.395067444754699792e-01
-4.254887929159132526e-02
-1.882115599593700839e-01
-2.964594176498748235e-01
4.462619103438779655e-01
-1.634886095427823538e-01
1.225506428336537584e-02
6.651965518418011258e-02
1.237344144209932550e-01
4.829298942991863686e-01
1.512621547778666975e-01
3.176901763110810961e-01
-2.091693382644963239e-01
-2.014117546236772471e-02
-3.384881838553061018e-01
4.005023239125947432e-02
3.104936114923810275e-01
2.446110536354457743e-01
-3.553668448182513151e-01
6.103022052431079925e-02
2.316984893793472555e-01
8.811299392987012591e-02
-9.140147767510616028e-02
-1.382515659821682286e-01
-1.669729789530918496e-01
1.846126722736619041e-01
2.463041050767470486e-01
-2.678519197465136781e-01
5.013619647226235099e-01
2.020028251712590595e-01
-1.179509908406026555e-02
-3.132285944967345970e-03
-2.613965953235128370e-01
1.673756898335535259e-01
-6.092857199260935663e-02
-1.315349365500708134e-01
-9.908846877882171444e-02
-1.376566869149646599e-02
2.414823313096103041e-01
-5.126802813637681977e-01
8.804905842878113509e-02
2.157893743511780649e-01
3.449980510828212776e-01
3.672492640800134600e-01
4.213915739388468529e-01
-5.408577345866972391e-02
-3.067742054788028527e-01
-1.013163698974031690e-01
1.848913650945242515e-01
3.066710029544457150e-01
-2.180349602144477372e-01
-3.151125690589378081e-01
2.615813310118056956e-01
3.999579324761270982e-01
3.152918520750642162e-01
5.874511598378618915e-01
-2.312153242523701246e-01
3.511749964003431645e-01
-3.354278609452086557e-01
3.243035598179720980e-01
-5.726400179614706820e-01
-6.156888248464493785e-01
-2.915800017881308159e-01
4.364782524634128746e-01
1.606028778357991849e-01
5.233925528122785886e-01
1.247426235804675598e-01
-3.378540642281339657e-01
5.058165435147969902e-01
9.185972237679660424e-01
-7.890309735484586640e-02
4.293374756455076158e-01
-1.728799728136665437e-01
1.417797755658967429e-01
4.523484302536650570e-01
5.075087181134132486e-01
-8.513861041468412383e-02
-3.657537931941542975e-01
-5.809526238086003269e-02
-2.034790969614718170e-01
-1.134729393589221647e-01
-4.097563719867007292e-01
-2.031300299860304970e-01
4.894741648708353932e-01
-3.084248804387358378e-01
-3.772738256590535966e-01
