1.130274625854986448e-01
2.917244458823838316e-01
-5.402554442416088731e-01
-2.586684731760813261e-01
-1.962066825943607207e-01
1.294464005601713985e-01
2.332299582654299708e-01
2.011288297816119786e-01
2.102842084865374495e-01
-3.176064248524028133e-01
-2.346405831639781711e-02
4.749944671481113323e-01
2.149294166448607601e-01
3.246978688966375287e-02
-2.945697090543055174e-01
1.175543330410031527e-02
1.193982374999191243e-01
3.411677103952377998e-01
8.779857279298319828e-02
-3.040866590773868006e-01
-7.078823793619164473e-01
-2.629382079455685473e-01
-4.368237781381931195e-02
9.727034259210933786e-01
-3.747613381851286340e-01
-3.825700375036638623e-01
6.948530526724169265e-01
-3.977772016289224943e-01
1.605653228346944073e-01
2.420092018461787176e-01
-2.040028816698824521e-01
1.213970391560278139e-01
-5.563190512073220573e-01
-2.617929906790793515e-01
2.168386140324462131e-03
-5.552224448022874403e-02
4.725690701567549779e-01
-4.140462638594472056e-02
1.161308429272386034e-01
2.469749298208986088e-01
-2.435978858039413719e-01
-1.307219537901038731e-01
-4.278387018646844231e-01
-1.742445780858254689e-01
7.945499015557924150e-01
-6.233118742516299271e-01
-1.014796579331371379e-01
-8.895359152727531082e-01
5.472760700898579023e-01
3.513872713749184307e-01
-9.974333740130892911e-01
-3.389101525637295276e-01
-7.771928307985710715e-02
1.672237101406367499e-01
6.519669814555485721e-02
1.396028450668254928e-01
-7.055036278554260853e-02
2.039275844399651982e-01
1.568902663979722389e-01
-7.100627028311921884e-02
-7.932333293482370096e-03
-7.991804263540910891e-02
-5.140030176662042649e-01
-1.710671208972480706e-01
-1.889603866361895257e-01
1.998230015467516441e-01
-2.858242997003891950e-01
-1.203094522994093835e-01
9.705753665781480244e-01
-7.712210686295754014e-01
2.498407171928635206e-01
-1.666953718713039267e-01
-2.183224661707047765e-01
-1.416315602616848579e-01
-7.503748784908570446e-02
1.682524063754893828e-01
2.731936720328072554e-01
-3.904386851734299446e-01
-1.261235547522808476e-01
-2.433716989699730160e-02
3.202297229285610003e-01
-5.168282993669663927e-01
3.985799484344987320e-01
1.308771902820183020e-01
-4.750044949037440789e-04
-5.313782039135611646e-01
3.613398749186259029e-01
4.379795679238552841e-01
-2.655475440002765253e-01
-2.818865634080931493e-01
3.305003339140597657e-02
9.561262958301555148e-01
7.744519839827369578e-01
5.844911048392759795e-02
-5.032624334014861311e-01
-4.018426681543595946e-01
-3.757274588345738131e-02
-1.857986605294050242e-01
-7.605943268193274265e-02
1.698600458359703635e-01
2.441148726724651219e-01
1.401484454437265659e-01
-4.931121974586197276e-01
-1.991005218166569113e-01
-1.261361522481839748e-01
2.348538656882441511e-01
1.637769683514405383e-01
-3.980280163028585005e-01
1.240197028330686513e-01
-4.547511772876455249e-01
1.284512531676913760e-02
6.478939517260869918e-01
2.003852058825102977e-01
3.210128140856144396e-01
4.047242094600941864e-01
-1.056455726739895795e-01
-5.164477962200586525e-01
-4.991529920588577141e-01
8.266601888616885718e-01
-2.263548377248617849e-01
1.951290417692712609e-01
-8.351069114283055095e-02
-2.412825159624370497e-01
-1.171068600207869209e-01
-5.098086970210493618e-01
-2.418264737818607013e-01
2.986776340991731046e-02
1.128710257383865323e-01
4.176313985259449968e-01
2.377479779943919846e-01
1.852399273917921807e-01
8.149854114248950010e-02
-4.022997306850348981e-02
2.728706904254986076e-01
6.036550406548165694e-03
1.889948250167103327e-01
1.443418324319552526e-01
-4.130587901379950688e-01
8.493122247534973246e-02
-1.623322321314775163e-01
-9.080921032838453755e-01
3.400881114696016061e-01
6.465934402531604841e-02
3.660974417488042087e-01
-2.594227076630755691e-01
-2.638662240701093453e-01
1.184823210355462758e-01
1.000000000000000000e+00
-3.236153609537398834e-01
-1.913094378498065018e-01
-5.108948126585223237e-01
-1.536669013969125808e-01
4.409735807072497904e-01
-5.505386364678138689e-02
-2.172884888743550902e-01
5.163906308084906804e-01
2.694174536126217046e-01
1.235775206738073950e-01
-3.870880570596752501e-01
-3.466473405817237508e-01
2.515361063816838605e-02
5.724410704791196847e-02
4.623239629956387153e-01
-7.040612091385005378e-04
8.064021825177136726e-02
-3.978807552605292397e-01
-3.299724656813861623e-01
-2.356711132830918709e-01
-1.083954707697133354e-02
2.676683656965261893e-01
4.467584164255866686e-01
1.635221821481126492e-01
3.387750073786143234e-01
-2.382873201262316054e-01
-4.603853266466366168e-01
8.566000540011367570e-02
3.108306291410663502e-01
-1.378419673218259645e-01
-7.261674097215536916e-03
4.474358398165923512e-01
-7.778420710426087181e-02
2.428750727439379364e-01
6.452146341420392783e-01
-3.640713023913892676e-02
9.882854903397209068e-02
-2.142589203233207784e-01
1.717856344948451297e-02
5.613498881830408793e-01
-2.547502815999297399e-01
3.034949244994131767e-01
-1.064811086753009173e-02
-1.334799794172023546e-01
-5.432131915071619632e-02
2.867334207909060240e-01
2.000414681880620105e-01
8.063440443727019902e-02
2.645242500760660587e-01
3.746307192829395616e-02
-1.081102460852586683e-01
-3.250390117417286118e-01
-2.377218118832877813e-01
-4.776269677905783939e-02
2.008563993031534656e-01
1.040141750379766639e-01
9.473862320604979625e-02
4.038250438789053876e-03
2.740603715811807950e-01
4.513327993297244212e-01
-4.771371198500032884e-01
6.103194140221731567e-01
-3.943885283001932196e-01
-2.245210703421382792e-01
-1.411808942794496868e-01
4.331009452972619522e-01
2.295244103189350016e-01
9.426019547562956846e-02
6.350307838232228663e-01
4.336168626844729701e-01
4.144694884814716929e-01
8.195376894946805602e-02
-3.629399892619473156e-01
-2.999408089218142948e-01
9.069496379238975448e-02
1.055678468557241512e-01
5.033940158010428156e-01
1.163696190703907979e-01
2.013352612907997052e-01
1.579491229854128598e-01
4.651516621129610923e-03
-5.778162196041187748e-01
5.033150545077298421e-01
2.166998839804535060e-01
-1.584781747572571731e-01
2.285421544863511234e-01
2.310695435186164992e-01
-1.542170892429671758e-01
-1.587255737043971882e-01
4.156062549368910175e-01
1.972280042600455321e-02
-2.858535827587322942e-01
-2.571814291878944947e-01
2.109078061880307331e-01
1.150722003873160537e-01
-3.428061649411220380e-01
2.878116036566895075e-01
-8.490392652383967065e-02
-1.889364940548269312e-01
-2.529480442322269984e-01
-1.155610336288577927e-01
1.784060706762500281e-01
-3.216740918980408592e-01
-6.682746292532934507e-02
-1.678939883967993096e-01
1.250201553243107666e-01
-2.918599038296887382e-01
-5.440613539045371372e-01
-4.111162470021526572e-01
5.004762658854741142e-01
-5.139679187745086614e-02
-2.168864957054594533e-01
-2.565062513572528013e-01
-1.457411470854171887e-01
-1.236405514539853506e-01
3.529269547621120134e-02
-9.479660720212104708e-02
