-2.976863238097851583e-01
5.332507917305093770e-01
5.452243658654771785e-01
2.884508510716802809e-01
-4.618748142342370411e-01
-2.848481120382190257e-01
-7.718963946860445402e-01
-3.295492966724944406e-01
-3.045894437070654215e-01
-4.720734515181489871e-02
5.373797851458064212e-01
-2.927636480198069213e-01
-7.217825745628744794e-02
-2.773515665910014083e-01
-4.172350954450851704e-03
-1.657429969364488942e-01
8.793931741407066960e-02
-4.596227528939238888e-02
-1.110511533694263919e-01
1.891281800535594693e-01
2.913162527361420201e-02
-7.962703598979497741e-03
-3.048295798635234366e-01
3.354079189789309079e-01
-5.437730691887459646e-03
1.791019058530153030e-01
1.533680082345542373e-01
-1.736264790449575379e-01
1.207117837873396271e-01
2.172177768933833963e-01
-2.413561454970374887e-01
7.391600502751884127e-02
-4.284730561085207667e-01
6.019736893794660482e-01
-9.766243688561325464e-02
1.015036769262247507e-01
7.164582420202501856e-02
-4.037716792976394076e-01
-1.339600755065843696e-01
2.512391056588395566e-01
4.248809756381314862e-01
-2.985122807374256948e-01
-1.445550487621223568e-01
8.908227332875714444e-01
-1.368299075949742927e-01
6.475305192629575712e-01
-1.768823474353382330e-01
2.682176878115989926e-01
2.917747940306740784e-01
-2.239063788843820291e-01
2.663122401434124265e-01
-2.876226160669244081e-01
-1.534158453553679524e-01
-1.208609803010654987e-01
1.589302264274189136e-01
8.646203677351946282e-02
-3.198358554640998719e-01
5.810447880587490399e-01
-4.514165989179794863e-02
1.972749369948458009e-01
-1.912146693691818000e-01
7.697594335678412114e-02
3.922476817791725745e-01
5.263377310652477686e-02
3.585711111678414609e-01
2.555556259600433311e-01
1.539314056258603014e-01
-5.273594330902008770e-02
7.632006367360876231e-01
3.082254436410710591e-02
-3.445354079283073356e-01
2.679498083947436937e-01
-7.752100039306501766e-02
-3.296920976841902218e-01
9.326140736960307764e-01
2.586209638527670052e-01
7.162734826997768645e-01
-5.785243406443095482e-02
-7.983760394731036214e-02
6.780945510037657276e-02
-2.635537447828119675e-02
3.820529756923579101e-01
-5.120380220656998160e-01
-2.367654638282121193e-01
-1.860915796733571270e-01
-4.129670563922075988e-01
-5.460152427310511758e-01
3.109025813180759656e-01
5.362206500379119722e-01
3.142317567677422319e-01
-3.842574994116439990e-01
8.608418578302241830e-02
-2.445949850476106247e-01
-6.396319039711427512e-02
-3.448273695117266002e-01
-3.689316271310780909e-02
1.898643608721330700e-01
2.783287012405929461e-01
-1.920114605662931739e-01
-8.085537712259392371e-03
1.148993249511433973e-01
-3.022586299721651826e-01
-5.449656107783336090e-01
-2.321083572372618364e-01
2.839994206936271026e-01
1.480288351657804702e-01
-4.860097854465151856e-01
-5.628693283989179980e-02
1.200153314304595875e-01
-1.555948497149199292e-02
-2.696873855701120704e-01
5.678412468449060002e-01
7.444037907308820312e-02
-3.352724382658330282e-01
-2.946592885554463193e-01
-1.270393115277808349e-01
2.002796228976839177e-01
-3.060584963213966447e-01
-7.825952766399593696e-03
-7.212304330617333448e-02
-5.726371190175981452e-02
2.182744378957419407e-01
6.145579185464998540e-02
-4.020000918932263856e-01
-1.453736652934469464e-01
2.955516559850854263e-01
2.693314760102816785e-01
-1.249291070981806556e-01
-4.420292709517582019e-01
-4.112090394675652627e-01
-1.989339400406709979e-01
4.121195070091276946e-01
1.624815797065999878e-01
-3.599055098317813228e-01
5.849400805816248328e-01
3.170322602391724698e-01
-4.336037190357356491e-02
-2.240076923450369517e-01
-1.805759358772058287e-01
6.119976065662706410e-02
2.316084961038262016e-02
-4.574514974971459202e-01
4.893603634128312896e-02
-5.096095153147079948e-01
3.762891650631717266e-01
1.852644596526422105e-01
-1.735561192601374758e-01
-4.128295326479383687e-01
-5.166426933409510314e-01
6.503800058514263016e-01
5.707175894558524226e-02
-1.369205798170944899e-01
-3.551067973789265309e-01
3.936503907365774407e-02
5.294749589675468160e-01
-2.462818790459163354e-01
-1.789731322878256592e-01
-1.372189705930095815e-01
2.160105065626527210e-01
-2.318416190418421674e-01
1.883930316521308101e-01
-3.501032410028196429e-01
3.619955263611718266e-02
2.099112795707128165e-01
1.376758811818988015e-01
-2.434541096488684608e-01
4.716013128734981019e-01
1.366385426347728194e-01
3.456470567614660094e-01
1.459816180184614620e-01
-1.216746674773566267e-01
4.823731116544435066e-02
3.157522424448572229e-02
5.643063366610056031e-01
5.186570653787339613e-02
7.615712482693655361e-02
-1.622424131747343123e-01
-5.960741002897326224e-01
-1.519783947425439596e-01
5.907859489975954281e-02
2.962014882975660401e-01
-7.871427878052784932e-02
9.490519897394354698e-02
-3.930447574091731622e-01
6.859866900859568073e-02
-3.568823753330756937e-02
-7.430055865030817941e-01
2.066093234739330986e-01
1.421444904761710523e-02
9.775234689213900541e-02
-2.768854144702497799e-01
2.984895975931657619e-02
-1.353428543976253895e-01
5.660862394742636194e-01
1.311681689363083936e-01
-1.518106200736939193e-01
5.898268350780834224e-01
-1.773795307165942090e-03
-1.674081083225998912e-01
4.682679382817055425e-01
-5.179536936342078457e-01
-2.813982040267753656e-02
-4.474675698886970143e-01
4.721756189461797648e-01
2.522116809512443825e-02
1.204827303635115365e-01
-4.679256660759431585e-02
1.000000000000000000e+00
-9.884352083977429593e-02
1.727387654476882084e-01
-6.240657146819073020e-01
1.195948919456222073e-02
1.607772352740770017e-01
1.961777773901727528e-01
3.126762397702578800e-01
-1.177933541492573871e-01
-1.094107075346385377e-01
-3.286961410053807486e-01
1.486570168525595814e-02
6.021122471547406957e-02
-2.670719258214619973e-01
5.371321477231395108e-02
1.774421623190256259e-01
1.844155992406912026e-01
1.975605923979220080e-01
-3.311350435743596887e-01
-1.621855046268616887e-02
-2.248938361544318143e-01
1.000000000000000000e+00
-3.314692738595762661e-02
6.848254419022802020e-02
5.114970955943661801e-01
-2.613179797813627303e-01
-2.358778370399325086e-01
7.136967744515577972e-02
3.678140532218358016e-01
2.039473172965647063e-01
3.999094038725453746e-04
3.676908184470711882e-02
3.559621885828136434e-01
-2.911489548122130899e-01
-5.206856911677621991e-01
-1.314954599388114438e-02
4.106741214759590530e-02
5.541064992853678671e-03
1.579826800364394768e-01
2.922202501756249737e-01
1.070402285739320419e-01
1.080447604610537543e-01
9.341347434363965474e-02
-5.764577683611534775e-01
-6.503292909855939996e-02
1.713364594089873683e-01
1.616605609615470174e-01
2.039318446700868759e-01
-1.661045345803487117e-01
1.209635295343316208e-01
-4.673208389661823170e-02
-5.097001723456474620e-01
1.261646402852672488e-01
-3.952078193579916521e-01
-2.704654762968370929e-01
2.153835278641822448e-01
5.878308912239513795e-01
2.164080761484081794e-01
