-2.521727209224098321e-01
-1.026435105486001899e-02
4.608012733643659237e-02
-3.703888326819283483e-01
-9.888486500737157792e-02
-5.845799335478584213e-01
-5.176191432143851801e-01
-2.178991770609362277e-01
2.740610851353402974e-02
1.747725085347457546e-02
6.590675305999320610e-01
-5.154725259998128584e-01
-3.292976240884360473e-01
2.156988436841072165e-01
-3.096405503027966355e-01
-4.611758987399338650e-01
-4.436156367539729195e-01
1.829876898155204656e-01
-3.938147341459732192e-02
-4.058154628543415576e-01
2.595389265424602465e-01
4.267574009051999795e-01
-5.429127825516906203e-01
-2.761850898791938236e-01
6.005231919718787004e-02
-1.593103009365336165e-01
4.186688867161633132e-01
-5.207183194105675234e-02
-1.105779833235460974e-01
-7.951672942579245118e-02
-1.812971698077957827e-01
3.387752526044578438e-01
-9.285965644909860428e-02
-2.466728923777859739e-01
-4.305926290361505315e-01
1.212619229028047835e-01
1.195720287255872677e-01
-3.032205048320941732e-01
-7.794273549121837341e-01
3.007096099860445126e-01
2.088407258464037297e-01
2.598429047242939993e-01
-5.291229907294568713e-02
-2.138586089117732736e-01
-4.977399575184019431e-01
2.486736653279409126e-01
5.072533860389899507e-01
-2.170841285838523704e-01
1.647219993079487577e-01
3.104305429298504504e-01
-2.965768319377132256e-01
3.423521866957370263e-01
-3.332069746795033316e-01
-1.348501283091018688e-01
2.153408563687080057e-01
3.926783845640265808e-02
3.328680132426711236e-01
3.020799251840515232e-01
-2.077733776596794035e-01
7.097695259249083358e-03
-3.448756701605713570e-01
1.149153923690807988e-01
-2.652628404357214587e-01
3.660257035949917581e-01
-5.705874619658310998e-01
9.503467982392219127e-02
-1.323319225772948138e-01
-8.241487043531869894e-02
-3.725385331413295087e-01
1.436276509759684405e-01
-1.135585300173623524e-01
1.479311712259430978e-01
-4.939401180992029072e-01
9.600798570506894128e-03
3.019541016995594407e-01
-1.930385106073837787e-01
2.136673154384258547e-02
5.023791251252094359e-01
-2.554740641432869941e-01
-3.422639427188877703e-01
3.283461799751098698e-02
3.513750183142952954e-01
-5.554381920803246331e-01
7.365960065451482297e-02
5.053579469617368591e-01
-4.678102542532889263e-01
3.848425304865184526e-01
2.937099459900640586e-01
1.471077938535180762e-01
4.908329821773482066e-03
3.225581933958241191e-04
2.607421188067199913e-01
-2.241491699489102027e-03
2.211713911749102757e-01
-3.373342920802600564e-01
7.467455206052099337e-01
-2.808254446303292684e-01
1.217124322630195599e-01
-3.958829163275304763e-01
7.431551640474941267e-02
2.767627394692249720e-01
2.069160935623338415e-01
1.057777761958104967e-01
-6.052059974572202711e-02
1.595901832558536959e-01
4.481988072587075357e-03
-6.208467130950809931e-01
7.918898915907336689e-03
-1.252110847483281671e-02
-1.299885533209466093e-01
-6.282882016368240841e-02
1.456872194225838080e-01
-3.822999176114971198e-01
1.997053716452402428e-01
5.321596755545212609e-01
1.828178363631041041e-03
3.503944027907835435e-01
-3.689809243262556770e-01
1.266657755475303626e-01
7.651084072553070159e-03
2.087487846925745877e-02
-5.101146126830564259e-02
1.070378416106713138e-01
-3.351883193955507156e-01
-3.937911380147193774e-01
8.363575980661190623e-02
-6.815863783863490566e-01
-1.349472573417665189e-01
-1.720108429894726398e-01
3.871594478199388845e-01
-2.703924209591394151e-02
1.653104631200173202e-01
3.193633006702509824e-01
2.969539836067781047e-01
1.076776495181388793e-01
1.579048937405020669e-01
3.956663293821456318e-01
-7.157851122762039046e-03
-2.664378685768356569e-01
-5.380360031292575895e-01
-9.057191327176893070e-02
4.749106642468801098e-01
5.851468834924393805e-03
4.075914473740069877e-01
-4.479525787347755084e-01
1.315653143978421924e-01
-6.062496754955675610e-02
-1.069210910376941909e-01
-5.435605650803957412e-01
2.930053612144071784e-01
-1.619093020499510205e-01
2.033765277294979565e-02
-5.025168320268980082e-01
2.751861705574052408e-01
2.051587027350293066e-02
-4.539727732341407584e-01
-7.319682324606190116e-02
-2.339241951358390914e-01
-1.068391626456515753e-01
3.437384654549955898e-01
-2.360798687633095319e-03
-1.145839737927867585e-01
3.080364547153101040e-01
1.027649558952307834e-01
2.750037520239650424e-01
1.079090938476581080e-01
2.103694046624356995e-01
9.481459048995390104e-02
4.359698122542967486e-02
1.985318686936466126e-01
1.383798745518322049e-01
3.450308954244417636e-01
-1.595955224068278944e-01
5.096245420202243775e-02
1.031890282621660410e-01
1.377043514852844819e-01
-4.244097751621349057e-01
1.276803837273734754e-01
1.188073440553310545e-01
-1.936969019633335010e-01
-1.643721073178036618e-01
-2.204571644543115716e-01
-3.741490686087470818e-01
1.087730644602688812e-01
1.163866250483053671e-01
-1.580127029125514282e-01
-3.790144584735599675e-02
1.741277115634924377e-01
-5.316620396287992101e-01
-2.875078650056409751e-02
2.049218811502982462e-01
5.219910490967657468e-01
-6.098406909206510740e-01
-2.432132255929220777e-01
-3.369536463821695693e-01
-4.292398168884783427e-01
-4.030104894898807744e-01
5.343102226200505678e-01
4.207360018523348955e-01
6.017080090461933706e-01
-4.874824518564727094e-01
3.416956326770801966e-01
4.454083662840021551e-01
-3.479040982045432107e-01
1.400591267235564708e-01
1.952361915097908518e-01
2.853903813942184620e-01
-1.035321535698118661e-01
2.149254878797998425e-01
4.932757323677096073e-01
3.539920933678776249e-01
6.429843356443385449e-01
1.450073167074944769e-01
4.144185810686926152e-01
-5.975801306373009769e-01
-3.049140618189377094e-01
4.239645659190774407e-01
-2.049585116217693126e-01
2.647290533688471670e-01
1.214934020951401045e-01
-5.471557031066620613e-01
1.173047586990208641e-01
-3.614497314997252575e-01
-3.051829157543186066e-01
2.439250114283587068e-01
6.031468826171120234e-01
3.272344982544830860e-01
1.342320817064454608e-01
-7.031955967896991178e-01
-1.962111151160595215e-02
-2.444437416793596718e-01
4.464636255532547504e-01
-2.176446053442351036e-01
1.590695569366019912e-01
1.020109143184893957e-01
3.197251941134877842e-03
9.491174496319652876e-02
-4.497407836830158434e-01
-6.327998382747082595e-02
6.179878142706719535e-01
1.072355913394774408e-02
2.904700086520636271e-01
-4.045471524388105089e-01
3.303046550334123310e-01
-1.406995698608060619e-01
5.998324075602384786e-01
3.163204905786793364e-01
-4.954365327893542337e-02
2.377793154359338912e-01
-2.880712339639209252e-01
-5.526427358159228254e-01
9.237723502919364948e-02
-3.817799398526064980e-01
-6.452424172459583773e-02
-1.255540615507460267e-01
3.624538285190265774e-01
-1.123993008015437972e-01
-1.679895528107798464e-01
-4.358918887210628396e-02
4.641576393791156940e-01
-9.896864330350806094e-02
-1.279016551168213611e-01
3.220852549980844914e-01
7.413771605035816836e-02
1.778159111347638877e-01
