5.070814823835405605e-01
-1.236357813956704410e-01
-3.647666887796034985e-01
1.175868435432180364e-01
1.161625525577689444e-01
3.394272295039151843e-01
-1.048847054009966612e-01
8.576547486238739193e-02
-3.376567425936986555e-01
-2.204916291416251228e-01
-1.095326556892913111e-01
5.088844123004433451e-01
4.132102741053413769e-02
-6.515979744615790770e-02
-3.003406366894752488e-01
5.717900081366952270e-01
-1.894892918160684392e-01
-6.801822352250882497e-01
7.299389917888415846e-02
-1.628751680344594707e-02
-3.847793292236326157e-01
-1.254352852132051832e-01
3.301980263892015932e-01
-4.778000530855015526e-01
1.122035725138149781e-01
-1.787539440225682091e-02
2.589491476549526938e-02
-3.259627147328266195e-01
3.109463972454752645e-02
9.577642024602615878e-02
3.503702711233869227e-01
2.087021228326226691e-02
5.014328701882192485e-01
2.729839197037566279e-01
-4.268026000584149715e-01
4.800021676205582649e-02
1.169412217528240927e-01
2.313550264085212360e-01
-3.073721380843778550e-01
-2.941878255786811169e-01
-6.697185635910186674e-01
-1.463368315830107340e-02
4.170221021766596925e-01
-8.184697713637152650e-02
4.082052197763710172e-02
-2.758021324883564995e-01
-1.356896367008104676e-01
1.500279675397181434e-01
9.383269417497089315e-02
-3.282718109801652795e-01
4.208300653811220537e-01
-4.411319987234793571e-01
-2.228649591605124936e-01
1.674570959045035973e-02
-2.795726324013763850e-02
3.762997735043700082e-02
4.209052871195414491e-01
-3.734430673403486556e-01
6.207677910748360395e-02
-1.915428287387740680e-01
-9.171798475899196612e-01
2.226930369137720134e-01
-7.268334571098231667e-01
1.893022192879292298e-01
1.278189599577059521e-01
4.002617482978778479e-02
-4.332796464737739273e-01
1.796632491532166587e-01
3.704280333942279180e-01
-1.695387154971778054e-01
-2.125531821974137314e-01
-4.361866771259372000e-02
-2.486501917903639058e-01
-1.738455076603575566e-01
-5.693634355507386224e-02
-4.964389181483314650e-01
-8.242797789660881447e-03
1.439219207417643254e-01
-3.315114930071195176e-01
1.328635660889299075e-01
-3.595319896016684336e-01
-4.945904404895582612e-02
-3.426809668711506829e-01
2.712636509836284793e-01
-2.710511106361855604e-02
2.988130654594329805e-01
-8.009741389068562867e-02
-1.761130500037908497e-01
1.019871797721760287e-01
2.131514995243518895e-01
-4.574131094144389675e-01
-7.407953940981718000e-02
4.740810295099236529e-03
-2.313062582903106512e-01
1.327981890731228520e-01
2.427145724993930165e-01
-2.018112538690970403e-01
-3.248121231242971467e-03
1.274425155660797726e-01
2.416425110232042484e-01
-4.706435179725051432e-01
2.491343771683646735e-01
-4.235213935240404459e-01
2.753266267789511446e-01
1.447865436558891106e-01
-1.459697976054964430e-01
4.567935684940432339e-01
-1.090400624306584049e-01
4.344415141872006170e-01
2.035325243971161310e-02
3.680754479087087333e-03
-3.749255766999753936e-01
-4.280165025555849878e-01
5.914509063299110614e-04
1.130386904593941033e-01
-3.264440578822572908e-02
-1.003212307154936755e-01
-1.408332069176152224e-01
9.318295317557642177e-01
-4.539057033416862841e-01
1.583529083881632660e-01
-5.746596556548225904e-02
-2.237341393517361110e-01
1.233962298609540820e-01
4.919854716345757883e-01
-4.712446496544541175e-01
3.719183227459715857e-01
8.799718795078600997e-02
3.919967139649135207e-02
5.684967196787924504e-01
-2.509269788236513921e-01
1.404350891919499966e-01
-1.075072963610072402e-01
3.424086706119237045e-01
2.930930632891272092e-01
2.585706594491085988e-02
-1.690425687823944589e-01
-3.443930631025794546e-03
-3.785976427768786845e-01
3.046683808869119492e-01
-1.822824632591274197e-01
-6.532374596539797240e-02
1.723909993162480725e-01
5.849624250848113327e-01
-3.425073921918851405e-01
-1.329718370492683210e-01
-2.112778951244039805e-01
-4.745717513519841502e-01
4.637553580969091538e-01
-4.330195611408219070e-02
-8.000615725154808233e-02
2.239005773159528367e-01
6.144240835640535359e-01
-7.183975482528080769e-02
7.584030771571152740e-02
5.243190696754017610e-01
-4.597029595842709870e-01
-1.334691711614011400e-01
1.860771438336423500e-01
4.180879463778073846e-01
4.106557677605462975e-01
2.738425171314297080e-01
-4.731899495469087946e-01
2.463107109056243693e-01
-7.342097993193129335e-02
-3.849940690519558784e-01
-1.617480350558006819e-01
-3.565022411984002382e-01
4.688254506643952935e-01
6.081422793329110260e-02
6.838103448215365754e-02
-1.648147834330984385e-01
3.362503722331958711e-01
-1.909888864018818022e-01
3.609357697617599503e-01
4.833436899832314060e-01
-5.588682557492753444e-01
-1.206746873344199528e-01
6.329481663127198288e-02
5.266563818412590692e-01
-6.343315924933942140e-01
1.937301184882531807e-02
3.378697099319996067e-01
5.292531869591841909e-02
2.092824385146053456e-01
3.453532437250383391e-01
3.817720498192012091e-01
-6.923119204671585036e-01
4.547726366873612869e-01
-1.830294901827056453e-01
-3.158396426385934874e-01
-5.161721851657018467e-01
-3.487328409931761408e-01
4.332513719346222092e-01
5.960577000433813222e-01
1.241814018671669835e-03
2.050701560923865185e-01
4.027472541663129624e-01
3.250337096716857110e-01
1.807494075960582314e-01
2.321722737524467561e-01
5.285612680072796499e-01
1.138604764016308002e-01
5.750243793924939562e-01
-2.598727629629473679e-01
-1.207858666529918745e-01
-6.697420395463830889e-02
-2.182385955821180834e-01
4.025955917689711394e-01
1.690301221957686562e-01
2.624680219721228225e-01
-2.642151684018159141e-01
8.129403864371971544e-02
3.568794666742653998e-01
5.413755127462149819e-01
-7.401582361034418633e-02
2.803231070280507442e-01
2.595699987639970563e-01
2.925836522672430884e-01
1.875835412300182747e-01
-3.639118309074857588e-02
-5.732969549032423777e-03
1.289948514394376744e-01
-2.883321604265535743e-01
-1.373053440905424305e-01
2.255334932924428146e-02
3.207209476625766942e-01
-1.392732461502609875e-01
1.202249109051440196e-01
-7.465432684904250993e-02
-1.463319110740125828e-01
-6.627924543336338736e-02
-4.618201080574958484e-01
-1.301940749135715725e-01
3.568343715013461703e-01
-7.668344076388038111e-02
2.266760746442959829e-01
-9.483476459836963635e-01
2.522300215365065323e-01
4.964025633931932191e-01
-1.487400242804608475e-01
4.417489798135584844e-01
-2.041824401905174280e-01
7.269316881620502269e-02
-4.036316866784843693e-01
-3.296556505967892514e-01
9.623453052356757687e-02
-5.125015240793451277e-01
4.083979606498528425e-01
4.648776661736814947e-02
-1.981600119524626058e-01
-1.858994931198004463e-01
-3.260717158574153451e-01
-7.031853104423475553e-01
4.493649753080954379e-01
-9.821165482515313572e-02
2.382272160526315019e-01
2.931498058432082110e-01
6.090544362804171108e-01
-1.939874065076292453e-01
-2.428444364718649606e-01
-2.092995298053357822e-01
1.464863136404748745e-01
8.773916343444683463e-02
-1.087830172623844294e-01
