6.470163370866370556e-02
6.850480677615401748e-02
-3.280940268206483101e-01
-3.429903064626720344e-01
1.811329880013491656e-02
-9.208579652079675049e-02
1.807659757546286050e-01
7.376931070567407933e-02
4.628693206362502477e-01
6.391327969405344311e-02
2.633668778475260486e-01
-4.496396392174423218e-01
7.968269440079032984e-02
-2.362851824367147024e-01
-2.044702417560621266e-01
-2.206838263781490117e-01
-3.756409135468572608e-02
-2.113609602967976009e-01
-1.276395540061558975e-01
-7.177690469335262780e-01
1.467273799666286016e-01
-2.691337732768253610e-01
-1.889956366846528013e-01
-4.876257980869418418e-01
-3.774377436288691712e-01
-4.635580795563477574e-01
2.198210637503688336e-01
-1.308138667382114095e-01
-2.017632649143778489e-01
-3.902351916805666954e-01
-7.198202968154489290e-02
-7.789848592252010540e-02
2.387958199924138363e-03
-1.615818197897236075e-01
3.923505002776511014e-02
-4.155516528040094637e-01
3.699414739326631896e-01
-1.210822668114855533e-01
1.177019392389529462e-01
5.151894564416340527e-01
1.191192875426309444e-01
-3.298219281763067542e-03
-1.752214262504469544e-01
2.840845537836668155e-01
-3.810531503803463726e-01
7.107401509264535955e-01
3.431162748025037845e-02
2.333221768595891144e-01
7.238882175670006136e-01
-3.001068192620224284e-01
-1.779868309062704601e-01
-2.119204674934738186e-02
-3.831993255282441224e-02
-1.067122221611549876e-01
3.420336314858962723e-01
3.318782668113380574e-02
3.087347377528558146e-01
1.813767199392563589e-01
2.009586073068570788e-01
-1.631518930382563626e-01
2.290446284981686731e-01
-5.503921396365578367e-02
5.176070589872097116e-01
2.665285233051400415e-01
3.869156614391801585e-01
-4.607814065137087467e-01
-6.060947349987576976e-02
1.569784895568694660e-01
-2.595544587869848957e-02
1.417609924457625958e-01
-4.001394243506502940e-02
4.855122204274177067e-01
2.836101080677455033e-01
5.937073987940805209e-02
-1.786986079589534537e-01
3.415755746768601164e-01
-4.869847014528630447e-02
-3.587161371094662043e-01
8.163389978944672609e-02
-4.163986916306620656e-01
8.528017112870194261e-01
5.900107881579757380e-02
3.198160631202244253e-01
5.860202700137377707e-02
-2.527766212914560606e-01
1.598898872893374234e-01
-1.737186703079599825e-01
1.278552765952822579e-01
-4.186532067294213566e-01
1.273730432443491087e-02
-4.583788048308086172e-01
-1.665608436480703614e-01
-1.331955835069671412e-01
4.084469852023420722e-01
-2.213995401993813783e-01
3.674945070955107362e-01
4.860559417552040018e-01
-1.439577641177841039e-01
2.565170384604806286e-01
-1.136922983126105596e-01
4.337685923584443937e-01
-4.243144350806594967e-02
-1.639767453357538485e-01
-4.254758518702828618e-01
3.113172324525293466e-01
4.729892522017206669e-01
-3.642003897766142306e-01
-5.374582423984094470e-01
1.902055388406830305e-01
-1.537730558500293998e-01
4.248680571450678123e-01
1.582433202009395079e-01
-2.192426916804277870e-01
-4.349802306923618578e-01
4.707980491387763443e-03
3.357076967124661415e-02
9.645966297408357926e-02
-1.147655756123784759e-01
2.185702942456556330e-01
-2.522919943234858131e-01
2.589565411265382089e-01
-1.720333163921662911e-01
-3.799189492930246659e-01
5.439875940928443759e-02
-1.457050474164148512e-01
-3.153210253940827990e-01
-1.734806020307888899e-02
3.047153484625295117e-01
2.542099401173235629e-01
1.185331567564334304e-01
1.120866568287288007e-01
-1.214250227894693446e-01
8.118939299646481533e-01
-5.591184344058133804e-02
-1.229187440581738511e-01
-5.449268227043159163e-01
-3.588328063689883440e-01
3.547287091665765613e-01
-1.913107463168070566e-03
4.178783251186606873e-01
6.524837396846210058e-02
6.209607524680339496e-01
-3.990591302322992195e-01
2.321250917676550563e-01
-1.652224273110603214e-01
-1.229399933564729874e-01
2.404080561839138375e-01
3.651986776061311724e-01
-6.573997563819886647e-01
3.059724896972845221e-01
-7.874395318893936957e-02
-3.213102720483784758e-02
5.062952191661419521e-01
-1.551743173580792494e-02
6.207183720033827498e-03
-2.530855075761709316e-01
1.661615010221608735e-01
1.243301104712368245e-02
-2.535226021431181975e-02
3.316008991133514300e-02
2.164524006900612751e-01
-1.170014289736404506e-01
-1.678852305238404952e-01
-2.658455059769428419e-01
-2.542209109585532034e-01
5.443470001774433631e-02
-3.452195379717792334e-01
-2.913777203101730606e-01
-3.178379757312768672e-01
-4.821542939628986613e-01
5.795540005720981602e-01
2.525187332917869232e-01
2.730521837015078557e-01
-6.790045843014089200e-02
-1.579772085227770517e-01
-2.260433366153793699e-01
1.266223827423982873e-01
3.143988621446188181e-01
-6.184180971331954685e-02
-3.126154849780228284e-01
1.661761623589983611e-02
-1.986413728667660306e-01
1.344134115111494943e-01
1.591221231933900027e-01
-1.016462769723521092e-01
6.314507759296202755e-03
2.493726534134784942e-02
3.482252608393148763e-01
5.863373887466293288e-01
-1.556246262708424477e-01
1.383655604203750389e-01
1.290130295412799666e-01
5.757342843730669374e-02
-5.813380113593014792e-02
-3.102104137813141982e-01
1.672978814568667760e-01
2.907565562481193577e-01
-5.075769586656303511e-01
-1.361196068349345978e-01
7.756417258697458073e-02
1.966109007633436712e-01
-1.320666987652985291e-01
-2.433115638137899051e-02
2.349485750664940253e-01
3.044805831579295297e-01
-2.136627043419529193e-01
4.820799035901705137e-02
2.661439562260893288e-01
4.561352747468042784e-02
-4.018129471699902200e-01
-3.641179579009883871e-01
-3.516186404903429708e-01
-2.857872685940280877e-01
2.994764036435274002e-01
-1.132540469807085115e-01
2.174829398036395856e-02
3.810341532175981483e-01
1.824835518858665129e-01
1.230582109935939999e-01
5.446347449036971211e-01
1.207252557096904072e-01
5.119682432699742547e-01
-1.308912286982932133e-02
-1.460502610276754321e-01
-6.400551929082732849e-01
-1.970120113228409839e-02
-7.091629589346094831e-02
-3.614358182909406803e-01
-5.773257448931471553e-02
-6.835418494951975288e-02
6.243975387946255617e-01
7.088082237097829141e-01
1.384543888716768811e-01
6.443303840620281941e-02
-3.190665200483011055e-01
2.475955955880037862e-01
-5.972383817753954549e-01
-6.107130099331430362e-01
-3.029627543592609551e-01
8.644141728086444099e-01
-2.917762541814991062e-01
-1.772516260185091064e-01
2.081092464428924149e-02
-2.132858966703685411e-01
3.959649969433327865e-03
-1.291871802418398940e-01
2.686780400640603195e-01
1.411188567812524663e-01
-1.425637239423279690e-01
5.514791673610212053e-01
-4.016924938473402373e-01
1.496353039927466599e-01
-2.322182704292471978e-01
6.484812423116870228e-02
3.326102515823839978e-01
2.870408340621203869e-01
-2.024860403260139718e-01
2.001080192801659441e-01
-9.601707668857928368e-03
-3.232813900362652704e-01
4.866456798929876676e-02
-3.120373909443177052e-01
1.016559837897355462e-01
-2.770918605297597592e-01
4.828120047920052560e-01
