6.398813859820183525e-02
3.079060533437706360e-01
-2.266364677466670696e-01
4.365834898054163360e-02
-6.195640923924879140e-02
-6.045951343951729839e-01
2.829495937192703647e-01
3.775508572588007206e-02
4.568718047700799922e-01
1.018799712483572373e-01
-1.946897869446219398e-02
3.719656067400829436e-01
-5.770025704519278487e-02
-2.415836150876850830e-01
-1.793607846541366013e-01
-3.385146227109095407e-01
-2.054200577964792884e-01
-2.418531947259515424e-01
-1.693729820165694455e-01
-6.953675353913497670e-01
1.541792561752519108e-01
-3.847441481442996358e-01
-1.910484990860062404e-01
-5.762373103234322835e-01
-2.693549941193037478e-01
-4.587548606840285426e-01
-3.104678158028122414e-01
-9.480173045094753004e-02
-2.608536523306868582e-01
-2.596524168519783737e-01
5.923673873328094697e-03
3.341857132143216669e-04
7.453304556383147893e-03
-4.338992486789844394e-01
-1.606702568589105096e-02
-4.157721763318498187e-01
2.929738450020757390e-01
-1.722945854425983470e-01
-5.285807411158099933e-02
1.124192198156501177e-01
-1.588897424922271207e-02
3.541085264204448246e-01
-4.804705390942315413e-01
2.763268365419514483e-01
-1.830069648633717572e-01
3.958307977984679704e-01
-4.064295576163655666e-01
2.757806299291247765e-01
8.503632401543421704e-01
-4.621119655908252355e-01
-5.258542383477859961e-01
-1.305534488613780963e-01
-3.458759746249623346e-03
-1.732593431800184547e-01
5.208092239421950875e-01
-5.938476473032579944e-02
4.697180376484632602e-01
1.329165008308595963e-01
5.246147496745126038e-01
-9.925090453850168859e-02
6.130127645354483540e-02
1.211766347632674615e-02
4.224662654027100950e-01
-4.321229765806011702e-01
-3.611850501504016431e-01
2.738099623381198278e-01
4.183045471578184515e-01
1.449348554527897515e-01
-3.428243064332434781e-02
-2.870501053736420061e-01
5.937057031064713053e-01
3.466909022300678211e-01
3.411139271243415760e-01
-1.841901561799887121e-02
1.030784435092509249e-01
4.440807002390139702e-01
-9.385807315895128289e-02
-2.703945867510073597e-01
1.036177650493126379e-01
-1.413737851260701284e-01
9.962231548192993502e-01
6.659644809564871371e-02
-5.912760600682172019e-01
1.231020251169827606e-01
2.481108759487177795e-01
-2.689690558139284371e-01
-9.693821194473350999e-02
7.018326014298695292e-02
-3.464713987532907491e-01
7.903420322020482391e-02
-4.917157648570046891e-01
-3.322896702781782952e-03
-9.307043966356598474e-02
3.315582113686665333e-01
-1.291653157376575489e-01
3.498168455188974679e-01
2.989241540016933651e-01
-1.474870433262545355e-01
4.128220659684631588e-01
-2.753787658893737111e-01
5.558704703040433515e-01
-1.483970920856671760e-01
-1.137114429619194844e-01
-4.122377190618325971e-01
-2.467782868038019273e-01
5.320203161234287048e-01
-2.954526941985901045e-01
-5.277970301842385137e-01
1.752854531564950746e-01
-1.690311234663023354e-01
3.923742301575487978e-01
-2.684743620309414797e-02
-2.497777809444942099e-01
-1.636827032983739771e-01
-1.448829703826403359e-01
-2.677928447179427074e-02
8.447615137230185534e-02
2.778006887496122235e-01
6.311943742261412194e-01
-3.471128265061477203e-01
1.057348961214888694e-01
-3.243268691366769652e-01
5.072142919836165106e-04
1.472519173595161074e-02
4.345773791401137676e-02
-3.015606722424330477e-01
-1.194353563231862481e-01
3.752357481104273140e-01
-4.709491363235344674e-01
-3.899160050210613571e-02
-3.058185950604422887e-01
-2.285778924795108802e-01
-1.579177217363702743e-02
-7.652803520964704398e-02
-1.595806879911557119e-01
-5.178935377797638795e-01
-1.561857736314249678e-01
1.931920524338422707e-01
4.077088190076518237e-01
5.747273945578575127e-02
-1.020058170436879269e-02
5.671456229434174157e-01
-3.075139114928114314e-01
-6.948138224921331096e-03
1.319588205773306044e-01
7.086973500440840734e-01
1.538444554743286508e-01
3.645919142101182731e-01
9.832874072073824467e-03
3.488474386946330830e-01
-4.370700271704355128e-03
-7.207630675386390851e-02
3.948604376038166164e-01
6.053356703257536942e-02
3.679020712130914861e-02
-4.771990018509166681e-02
1.185960912128288525e-01
4.090101197464314220e-01
-2.203246307631939460e-01
1.616660902212795070e-01
3.496596087193446500e-01
1.230268743885318261e-01
-2.029500041105428421e-01
-2.172881175372731732e-01
-2.055166310511869210e-01
1.743124784280455086e-01
2.733337923110000789e-01
-2.802562921186820821e-01
-4.838260543636774824e-01
-1.696066595855404147e-01
7.688793589044671251e-01
1.380202688932572197e-01
3.647961160911937228e-01
-1.729999431277916555e-01
-2.490496483434201658e-01
-4.058435583504435562e-01
-5.937656552675828897e-02
4.591071432049994017e-01
-8.881134834547442514e-02
-2.434547457465622844e-01
-1.101999885328333595e-02
-1.573402606572993079e-01
2.577755803788434608e-01
-1.321806708445637524e-01
-7.445574089135940099e-01
-3.195995283735268699e-02
1.542419820861829494e-01
3.235590744264159047e-01
5.135953975557044915e-01
-1.604834419772116771e-01
1.999458485103595695e-01
-7.059941056577848095e-02
-1.388180575343371526e-01
-3.437453976268192019e-02
-2.352810908341359530e-01
1.701174040929469000e-01
2.893033919599591330e-01
-9.299347436272406564e-02
-4.941873821787802212e-01
1.340409995346643068e-01
3.535368639581677741e-02
-9.164664353240981054e-02
-1.389356677936144924e-01
2.121269608708351850e-01
3.850498188531623067e-01
-3.258763056721116769e-01
-9.568053457419760030e-03
4.432894767039112782e-01
-1.115516824036213162e-01
-5.565374508639993056e-01
-3.796805042402625063e-01
1.034778463193042897e-01
1.180391487176300248e-02
3.494620505497803009e-01
3.796316609851401180e-01
5.566695530456737540e-02
3.457016153177159268e-01
2.696995935314581150e-01
1.208402570498964268e-01
-6.646170632953121715e-02
1.638390680475363403e-01
4.942971522983425903e-01
-4.483360185148712040e-01
-7.926148741511586382e-02
-5.862910996051005075e-01
-3.946350715920868280e-02
2.228019215458846569e-01
2.388472776163106867e-02
-8.682487612741623950e-02
-1.759431339045577913e-01
7.677934376765360724e-01
7.780827058467710833e-01
5.544729238461261200e-01
3.306980045150608727e-01
-1.870757301462369904e-01
1.288747876268994674e-01
-6.481126431993197157e-01
-6.491543504204777548e-01
-3.203889027004429013e-01
9.725877910923916292e-02
-9.709446851459579975e-02
-3.044100896803035861e-01
9.843084698347662198e-02
-2.807517651065358222e-01
-1.143227661628419822e-01
-8.029235717629255864e-02
-1.578796446282173249e-01
2.750271531494893340e-01
-1.185633455273415321e-01
4.931165543301188614e-01
-4.660758783976885478e-01
1.634098379303675630e-01
-1.488920032451550857e-01
2.503147612922996812e-01
2.953516754062571192e-01
4.203254441467544344e-01
3.177757537082728789e-02
3.750794454144071310e-02
-9.204054570957521941e-02
-4.211394860535169204e-01
-1.605758929000911106e-01
-3.365749320504489162e-01
3.603907311040394079e-02
-9.770389425580450204e-02
9.801912180810867792e-02
