2.783748463282282870e-01
6.838490773664536448e-02
-2.144343393428014832e-01
-2.765045545084462431e-01
-2.761363801221157765e-01
-7.375178835035091363e-02
2.459252453053571708e-01
3.052187455087164158e-01
-6.116682195051427462e-02
-8.456598435487749921e-02
3.585873928077042971e-01
-4.258954059910379786e-01
-2.438124156260763897e-01
1.654175873639150418e-01
-1.443681664998619218e-01
-1.151433586293908740e-01
-5.456035319024115510e-02
-2.235089636560609952e-02
3.667302502254400631e-02
5.600321201550312322e-01
4.010947841397576874e-01
3.665730798593633960e-02
-5.439796421648324803e-02
-3.757778350147750190e-01
1.389036330535240171e-01
1.526883675554059072e-01
1.671381862541620189e-01
3.145132574016188953e-01
4.552099465171978721e-01
9.523576489272546353e-02
-3.457958816801938173e-01
2.780237469868595060e-02
-1.639264482934321421e-01
8.246222451816258986e-03
-1.844982808190301707e-02
4.383282266334888599e-01
-2.437976858307650818e-01
-4.248920222748529540e-01
2.335594743892160097e-01
-5.661134667431008127e-01
3.457352177821631511e-01
1.407086359029079137e-01
1.018562668488908057e-01
8.281123186900507527e-02
5.751886666820211769e-01
1.805034311918284895e-01
-2.930523971168287889e-01
-5.279543356931329923e-01
1.547328796944309470e-01
2.428945196193542655e-01
2.063131470107108512e-01
-2.458717923429802887e-01
1.166537356893699307e-01
9.035200325806057309e-02
3.978547592684889556e-01
-3.354232028380380592e-01
1.198697798140855170e-01
-3.483721000267633316e-01
-8.696911231094790473e-01
7.330303705800301772e-01
-1.313505814881777145e-01
-1.352188193449183617e-01
1.386994425730634362e-01
-3.782809579498921937e-01
5.543432027368061510e-01
9.717405458623294690e-02
-7.725639803841909126e-02
2.632468204661170819e-01
2.677148658186568886e-01
-3.140880628339084990e-01
-2.144511158190699762e-01
-1.857644718592752209e-01
-3.211965695871879523e-01
9.049128582765535445e-01
-2.872676521746658218e-01
-3.601399647957794770e-01
2.554318080780737521e-01
2.189036020359367563e-01
1.155559979327411141e-01
1.904465158153690052e-01
1.021197143385760703e-01
-4.601091609373713087e-01
-2.131456807041472445e-01
-6.264309728270580635e-01
-1.388611595831301671e-01
-3.578488343389884530e-01
2.445739786689998529e-01
-5.032804912214670079e-01
3.871588043291641218e-02
2.832191128348077527e-02
-1.049337461459571262e-02
-4.969616993668956040e-01
4.253622329551792758e-01
1.579592429645274021e-01
2.678634212800569125e-01
1.908996096397920506e-01
-1.811571264869901443e-01
1.396996229528205402e-01
4.948225269611340460e-01
-1.852319905209805218e-01
1.841839538480134209e-01
-4.313017445900081681e-02
1.852676051624251377e-02
-1.238429223919987852e-02
-1.292335729140347278e-01
5.245718417344463758e-01
-1.818080589491846144e-01
-1.440648161473148114e-01
6.161668432089942860e-01
-1.098443033948750397e-01
-2.060967368334201966e-01
6.885824451900286747e-02
-4.538510357113105242e-01
3.295117780469438151e-01
-1.940984245715502710e-01
-1.212887605004914632e-01
-3.450568379155139476e-01
-2.722451099192010893e-01
7.026121722693859373e-02
2.025604920040330881e-01
-2.877289042090721560e-01
2.738959597214162267e-01
2.756452040653101787e-01
-3.306037334560065766e-01
1.185281106477928566e-02
1.606168711514980585e-01
-1.328784176395256533e-01
-5.082822111190871128e-01
7.591048716962131016e-01
2.247121302739733539e-01
-1.579797554632439704e-01
-8.329112822573203623e-02
-1.334968649770642835e-01
-7.130478040395574202e-02
2.112380969102956307e-01
-3.746302988358585773e-01
3.593798437802964152e-01
1.348453547535159169e-01
-3.491773375092586673e-01
-4.721710356006544873e-01
9.816511034397465418e-02
-1.771190667599950030e-01
2.524555130888363474e-01
-1.708404656930056498e-01
-7.603511189268134796e-02
-4.324829417615142502e-01
1.582164629526377209e-01
-3.300242859963979647e-02
-1.870920422394102556e-01
-1.619193020623311552e-01
-2.387455478094912820e-01
7.526209852586912552e-02
-1.083601516848207713e-01
-4.811282775994248917e-01
5.268563804148692631e-01
-3.802225585255547546e-01
6.623621785449819166e-01
-7.080889447233047751e-02
3.124892604480589142e-01
-9.612280891638870506e-02
5.913448745038544230e-01
7.035054686125654655e-01
-9.157054036380925591e-03
4.860203954033778251e-01
-3.050867271547924031e-01
1.808823093645277047e-01
-3.904327993971503097e-01
3.984807534606081281e-01
3.494469470520825127e-02
-1.260403976610541821e-01
7.518853793391928886e-02
6.528589507945478654e-03
-1.298894816597723767e-01
-5.064342057125462704e-01
-2.228036726813656943e-01
1.704978595986459400e-01
1.061230878960915114e-01
-2.318678200641433595e-01
-1.154742679653088522e-01
1.990201318206375608e-02
4.916947415251537307e-02
-2.776545177681191134e-01
2.739682596362124634e-01
5.761053811143569681e-02
-4.569412501445774821e-01
-1.897932114669584058e-01
-2.148358924995623365e-01
-6.962037742356297354e-02
1.109976204968548541e-01
-4.963680210108357138e-01
-2.781359316147864399e-02
7.675084741328905800e-04
4.671326194955999767e-01
3.058866232304935373e-01
-3.843657686460825729e-01
-2.103291006809881736e-01
-9.064965550919479309e-02
1.864283227867610526e-01
2.203933018063684302e-01
-3.123951036855573613e-02
-3.050572867016830836e-01
3.135836029619744510e-03
-4.013544525812335340e-01
2.332524364967758154e-02
6.930460638704937226e-01
7.857792030715703147e-03
-3.689311493246079376e-02
-2.925265208439019604e-01
-3.123770308089723335e-01
2.241915224540620422e-01
-3.656015363528446471e-01
-5.343678059661571833e-01
-5.921201260387710247e-02
2.144555699477695421e-01
-2.077809039503198674e-01
-7.064063950610608433e-01
-8.000544567145412289e-02
-5.392545123712886301e-01
1.008104214258280229e-01
9.477359934496801253e-02
2.055934289682830735e-02
2.215391005599537388e-01
2.330522677456091374e-01
8.018860962559840599e-01
-5.468454109342785890e-03
1.395759449343173808e-01
-3.470880534495077163e-01
-1.155490083029646481e-01
-1.563148382557781046e-01
4.884252592640269536e-02
-1.895547541260771407e-01
8.367471986372068682e-02
4.556091231017628251e-02
3.783432195788008490e-01
3.316644521739087748e-01
-2.341789312089712083e-01
7.199744293213371504e-01
-3.425609474476312699e-01
4.029304575219014826e-03
-3.872743233307009980e-01
2.720475255649349444e-01
-1.911312271217027736e-01
9.480522507573958813e-02
-1.817488391811968862e-01
-1.114732551842640973e-01
-1.009835984521698926e-01
2.773764790100270439e-01
1.285685103356589386e-02
-9.354196318788499109e-02
-4.433764630256622694e-03
3.526920180345578526e-01
1.309258085529446669e-01
2.673311113268060923e-01
9.154517849358194403e-02
-1.347793946171724488e-01
1.565042059705346877e-01
2.379481074190752804e-02
-3.748643284169294598e-01
3.403790765260657492e-01
1.297286515660600603e-01
-6.657163959373051387e-01
4.592800388223402391e-02
3.163359228536038459e-01
1.190563900202947917e-01
-7.080684704228948911e-01
