2.012145599282723352e-02
1.945046004194455613e-01
6.702364110788883167e-02
1.251812399592106342e-02
3.183733064133656421e-01
-3.585207052939500677e-02
-7.391853137291703492e-03
6.315409567091663234e-01
2.636223668405552334e-01
1.123567903188789630e-01
8.340008884889357765e-02
-6.026842522840432370e-02
-8.230740917280784941e-02
2.426263207091755580e-01
-4.713106028667800318e-02
-3.340248862490710069e-01
5.682585154653135850e-02
-4.037493532561793885e-01
-1.037864905017599759e-01
-1.367622719875629389e-01
-1.994605517901137937e-02
-5.072555904542283001e-01
1.149442498759391668e-01
5.427153679211810244e-01
-3.030167027815436342e-01
1.545095750614483010e-01
2.986330216532231963e-01
4.098618549475338546e-02
1.746526663731627904e-01
-1.754710550650808998e-01
2.941377242082739152e-02
2.748738043472258308e-02
-1.498670899742359230e-01
4.573134612810102195e-02
-4.291463873994900979e-02
3.023003565837848600e-02
2.688745066112528392e-01
-2.521866941345426300e-02
-8.492412096160886770e-02
-1.197286943771872503e-01
3.014852521207969649e-01
-3.160283509606355845e-01
-5.837520913438871695e-01
5.760692883471126013e-02
-1.718094080246966582e-01
-5.846344812750702280e-01
-7.220741182536586367e-01
-1.758066660877370957e-01
-4.611012891855913454e-01
-1.627357914122372073e-01
-1.015182175517778257e-01
-4.074388072855097964e-02
-1.541924509943353450e-01
-1.745910366317516837e-01
-2.343312344931448021e-01
5.712955734131388574e-01
-1.830310684192847925e-01
1.982674220173537838e-01
-8.161707686783259419e-03
3.642846906408535035e-01
-2.609513077152570415e-01
7.844733879973808666e-02
1.363576209629918379e-01
1.682336247559259590e-01
-1.994471864323471566e-03
5.935515872593608716e-02
-3.684321336480060882e-01
-2.097370436273990890e-01
5.716950340014860243e-01
-4.571230802904877738e-02
1.603761722418283187e-01
-1.927002403038820810e-01
1.301280593109244710e-01
-1.660122368105645951e-01
-1.676193153159638571e-01
2.371277986688167527e-01
-1.821489972938445667e-01
4.315542751102901531e-01
-9.727434162851242294e-02
-1.404015743413517536e-01
-2.016259823435294085e-01
1.219348047134296287e-01
-1.349129770906291326e-01
-1.562599717625600682e-01
-3.651639319076889767e-01
-6.213261821210169789e-01
-2.747241000033404795e-02
1.868067710666714010e-01
2.594627702227514932e-01
5.294185680430600893e-01
-4.928498503345527526e-01
-9.812861196236094541e-02
4.541685039086842957e-01
-4.467404319471450780e-01
7.179624569338549644e-02
3.265396318817159749e-02
-2.962228858940511023e-01
-3.522567689407766212e-01
-6.475516647988552310e-02
1.475221165874370521e-01
-5.634547131012124233e-01
-5.149109835593156381e-01
3.939147482601864508e-02
2.882132940767396373e-02
2.079731908499767024e-02
-6.844016233840297114e-02
1.949198042230667616e-01
-1.424089425771334627e-01
2.708942390774852216e-01
-2.760208512526442226e-02
-3.892456310866226898e-02
1.679358316799932915e-01
-9.106711271141641750e-02
1.529446924512255501e-01
-3.854938619955367018e-01
-5.611698774007382040e-01
4.742249366284360668e-01
-9.637937058608027352e-02
7.966907538744089079e-02
-2.091589053532624462e-02
-1.837972406248486734e-01
1.711333145201877903e-01
-1.774996169507738475e-01
1.645073753732738397e-01
-5.616364157572988763e-02
-5.513373139428657810e-01
1.638816756174582001e-01
-5.931323118245845905e-02
-2.977345911974927928e-01
4.016671241568299799e-01
3.838392571514053220e-01
5.404775286478359642e-02
-2.644446890589338683e-01
-3.851773160720732836e-01
-3.463397288060063306e-01
-1.716524020088910363e-01
-2.749509142847030851e-01
-2.385137074320805295e-01
-7.579483614038213801e-01
5.227738028188978481e-01
1.612782952200177145e-01
7.671080850988756805e-02
2.674403577929823639e-01
2.491125999761286680e-01
3.918377045350046606e-01
-7.652987957080849279e-02
3.248525204859973314e-01
-4.373774788501903488e-01
-1.544637044099762824e-01
-1.590534909760690230e-01
-3.441127727416520149e-02
-8.033604005425849792e-02
3.953472549630178134e-01
-1.272125528102273362e-01
-4.634787089810830096e-01
-2.229264539859113214e-01
-8.219557603204166729e-02
2.801125820844017622e-01
-4.879134687904298495e-01
-1.455316815222269522e-01
-7.955348684538973703e-02
-1.055438227176057897e-01
1.932309175078927299e-01
1.304484620329973144e-01
3.513631364932566503e-02
-4.999844602858794507e-01
3.996090438827832880e-01
-1.146311719399246837e-01
-3.894162379697167498e-01
2.545318255380909500e-01
-3.230068489528218900e-01
-1.991486144750284626e-01
-2.563660673132377166e-02
8.492405249180765003e-02
2.996249974089820745e-01
-2.164544557518019718e-01
3.463063900973710196e-01
3.178669112464951318e-01
-2.433304343738769693e-01
3.959745087189575630e-01
7.609434501358815217e-02
5.871045306257918761e-02
1.518765801756387646e-01
9.239435465187276209e-02
-7.561630218522963354e-03
1.351116771853343446e-01
-1.961812775459395031e-01
-1.405269110075905437e-01
6.957216851464929908e-02
1.976211983899578140e-01
1.076474950030434363e-01
1.688584379024196114e-01
-1.812036879859477700e-01
1.023552079455644637e-01
3.679582267641358373e-02
1.267669959273016733e-01
2.572075260565918620e-01
4.989812863838047896e-01
4.860135928393415350e-01
2.886087273789772478e-01
-1.427955490770320135e-01
2.816323765345656316e-01
4.423539628877234953e-01
-3.566441941084904088e-01
1.502139772429523790e-01
-1.694043314182790971e-01
-1.454929680266425773e-01
1.747847557184317724e-02
2.449414438816377992e-01
3.239760587019338001e-01
1.081816045544020666e-02
-2.930656158430770125e-02
-2.643093749898397515e-01
-1.318832145962424429e-01
1.611402599984616546e-01
-3.455501172386056252e-01
-1.450247250917625075e-01
4.313118320293995445e-01
2.917263024982090780e-01
6.437079410933865820e-02
3.287153515249015001e-01
4.324588226919530154e-01
5.748814148674863400e-01
2.548327093672578814e-01
-3.198743947102513085e-01
1.070084257970205510e-01
-1.946593494201142305e-01
-5.960574238772822775e-02
3.750724507632848814e-01
-4.040808064579492487e-01
-3.990533574518717597e-01
1.497460689805801826e-01
-5.119310586655612116e-01
3.041289350796640839e-02
1.905595933460159097e-01
-6.258159051400349893e-02
2.789655654051390044e-01
1.715114336984659496e-02
2.053874366818960462e-01
-3.172519499208944493e-01
4.119726440369708143e-01
-6.027554017623314442e-01
-3.668724192893919600e-01
3.369651592265655582e-01
-1.316293120512959103e-01
-5.477870438284183907e-02
2.044897052613589838e-01
-6.139148386993991124e-01
2.742380981883617563e-01
-1.721738595827622120e-01
-1.374568763409394490e-01
-1.967691526532973911e-01
4.341376551984393317e-01
1.386437586408340028e-02
-8.048077423572823352e-03
1.035412745835893877e-01
3.469461363019045730e-01
-4.849873031302531778e-01
1.733426518903600499e-01
-4.989073847552157326e-01
1.703655492164905805e-02
8.089084589326822616e-02
-2.843553634161470889e-01
2.456150052480426949e-02
2.654996911304374763e-01
