-2.611296813744153761e-02
3.981977529115394987e-02
7.907318039256119868e-02
-8.850519252647956470e-02
1.602981368895180780e-01
-1.664959272282534042e-01
2.957300411913127078e-02
6.227168941691326731e-01
5.426249016375929157e-01
7.453046693339218653e-02
-4.560969920271366884e-02
-5.755967327456082416e-02
-1.733216027973403239e-01
9.140705286108863348e-02
-4.937041868207238393e-02
-4.456769474143645882e-01
1.497333434017293630e-02
-3.788331499799011959e-01
-2.264724737945709720e-01
-3.345517262702801253e-01
6.768331348834684402e-02
-2.650305698201587679e-01
-4.841873519983358465e-01
5.303660019861476949e-01
-2.051243352028522260e-01
2.266736562397995147e-01
3.318718725229396482e-01
7.121604600041284150e-02
1.398827326998104970e-01
-2.282246521395249750e-01
-4.412730600590994423e-02
6.678820465350195079e-02
-7.558828377688578404e-03
3.181995260962293681e-01
-8.921546556671627881e-02
1.695624086413416096e-02
2.643566019537084699e-01
6.002534192607403979e-02
-4.687022213625922917e-02
-3.444687796396100898e-02
3.170729003202102381e-01
-3.550169162918389576e-01
1.659368107941863735e-01
1.160946821286444330e-01
-2.271282298558676971e-01
-5.936964938268340930e-01
-6.589766508180404658e-01
-2.457725251299281571e-02
-3.857281797480153207e-01
7.749994222439247904e-02
-2.612862179767719839e-01
-3.301824751860858026e-02
-1.657783567748101483e-01
-2.021611643076363374e-01
-2.163062710755561946e-01
5.385954400667176678e-01
-1.593294000071202865e-01
2.277891580586252629e-01
-9.710971516028957251e-02
3.725069570934532726e-01
-3.296184896843332157e-01
3.256405977063759338e-01
5.961138849791254579e-02
2.821848898009099438e-02
-2.710165020849253370e-01
8.589822395194345039e-02
-4.237660522807040753e-01
-2.305456964530229191e-01
6.315209119761029388e-01
2.351321236212558161e-03
1.580924518366354503e-01
-1.303475920090481632e-01
6.558610326027727866e-02
-9.064825210852259230e-02
-1.008998823167599063e-01
-5.623597191117085670e-01
-1.634971146820576593e-01
-8.479748863162074601e-02
1.386744423900568568e-01
-3.056300340885568234e-01
-8.746307765083077834e-02
-2.115169933755600695e-02
-1.654710627952369825e-02
-1.879938679327498030e-01
8.809659747480388416e-04
-6.820539324788764679e-01
-1.273572734791952321e-01
2.275748981385717906e-01
2.383756375157443652e-01
4.851851298758234621e-01
-5.469961974801663684e-01
-9.812861196236094541e-02
2.029272591188016894e-01
-3.263013676082238690e-01
-1.785052491447311485e-01
7.929181352901264190e-04
3.905614946586271480e-02
-2.196443420025145921e-01
3.627985561412147009e-01
-4.315552223159935946e-02
-1.514285336615034117e-01
-5.604121495864665681e-01
-7.909826733896746509e-02
1.705761840140923302e-01
-2.681050737552195806e-01
-2.012472290972974753e-01
1.664112316128880109e-01
3.106732631450960236e-01
2.852908315544581686e-01
-4.658777283578858230e-01
3.238898928345535638e-02
-1.857003096660220787e-01
-4.297073524401115452e-02
-7.529936459946243166e-02
-2.359854357184744678e-01
1.222334585976529164e-01
4.196884641458331622e-01
-1.048415461155853684e-01
1.734684283221971449e-02
-5.560073982131810699e-02
-9.645993704659135137e-02
3.011681048301333430e-01
-1.299911842358690006e-01
-2.094830453406617277e-01
6.049668298780477294e-01
-5.275273685052248585e-01
2.907492672059232564e-01
-1.450667037198732912e-02
-1.816521528364547777e-01
3.275658197596694188e-01
3.150754877165385937e-01
-6.831486136298765138e-03
-3.433069078677075670e-01
-4.224284333334639707e-01
-2.896714995890752320e-01
-2.129987774163289438e-01
-2.597881069759769290e-01
-2.746564925211905650e-01
-1.647613314677448537e-01
3.820611602689052422e-01
2.071699753239359676e-01
1.905589940120906711e-02
2.884887182295401975e-01
1.752548157510002425e-01
3.489779027645276144e-01
1.422332042905516056e-03
3.881230211907134575e-01
-3.935530043549627655e-01
-2.326697296121356395e-01
-1.306239894837721849e-01
-2.536723387077719979e-02
2.856062797604535519e-01
-5.640578595862337785e-01
-6.526822133160328776e-02
4.999032157719778269e-01
-8.423030152048587016e-02
4.015600483914404800e-02
4.004619819175718187e-01
-3.679264340618766949e-01
5.066601500097551725e-01
-1.670651673899847811e-02
-1.202302387599879507e-02
-1.200884168021466719e-01
-2.430612773975961496e-02
9.551544046130303056e-02
-3.532335590913689982e-01
4.554389663334991734e-01
-2.493768639692219569e-01
-3.986670276272566427e-01
2.306875750134908531e-01
2.984719673511080362e-01
-2.421630682738470097e-01
5.009455441231954742e-01
7.715988760828985937e-02
5.969768387266472659e-02
-2.449204898082732451e-01
1.803194710424295966e-01
3.113934424885290708e-01
-3.487408961160962106e-01
3.132127529963465995e-01
1.600862856368882869e-01
1.193535604485193302e-01
1.836711199973453945e-01
4.276802230323208109e-02
-1.664228219841242251e-01
1.791292513614506088e-01
-3.354468308849171132e-01
-1.759870453799563805e-01
1.181079515747580078e-01
-4.500329984681455397e-01
1.012705549728670634e-01
1.718893760354950340e-01
-5.559811442502382572e-02
1.599077846843883488e-01
-2.600872746007163588e-02
2.746111250725875585e-01
1.427197742316836659e-01
5.826850182953513535e-01
-2.645076886623001083e-02
3.350240022002707874e-01
-4.693460244869919196e-01
3.262895906451243055e-01
1.853742295171612597e-01
-8.769734810932880431e-02
2.500544021682926665e-02
-1.462282075070538701e-01
-1.395220832588153770e-01
5.834502482213124036e-02
3.002882994198542987e-01
3.791221862274551380e-01
-1.828216905638219841e-02
-5.909612983501759398e-02
-2.952426721811091670e-01
-2.963255627560603678e-01
-4.029318658713709755e-01
-3.521407793370691097e-01
-1.529770311418934825e-01
5.054100158183973956e-01
4.792510303687153583e-01
3.214192661644948990e-01
3.233217703359799189e-01
3.117907350251819532e-01
7.495962947975645108e-01
3.788292106220635946e-01
-1.808326286941595584e-01
3.615452341704666200e-02
-8.687871608229311149e-02
-5.030527772750225113e-01
3.540441099765386235e-01
-3.090879997400333146e-01
-3.755192738864779889e-01
1.037031331412905932e-01
-4.322764534366102529e-01
-3.062659089562708714e-01
1.158337952132730692e-01
-1.102459058697206201e-02
-2.430104179409570686e-01
1.715114336984659496e-02
2.137194755315776629e-01
-2.061013112067990039e-01
3.813338001213795181e-01
-4.834444964102779796e-01
-4.182886561793179858e-01
4.571316848413091161e-01
-1.550789880497116802e-01
-5.191854174361040450e-03
1.748062035597056363e-01
-6.125555322464272257e-01
2.444914922199960816e-01
3.024126897203848752e-01
-3.204198737183244078e-02
-2.531652544639584890e-01
3.097047465450462056e-01
2.713756443682783792e-01
-1.914417002107454691e-02
1.086645749346524109e-01
3.857446568785087848e-01
-3.759134520803596169e-02
3.250158543263523825e-01
-5.622000040456219816e-01
-6.098848718439008054e-02
-1.498016904849103215e-03
-3.095502640400528693e-01
-8.591761899337188590e-02
-3.758081525641719933e-01
