3.641716155836812741e-01
7.965034427149404461e-01
-4.700203906461081216e-01
1.322938358316949267e-02
-1.684459166964693555e-01
-1.000000000000000000e+00
-1.016081329177271481e-01
4.482117664968468529e-01
1.888057489142400125e-01
3.748564876633635468e-01
3.981389932149277389e-01
3.909815318666300943e-01
2.808690075762129701e-01
-5.245299646063228405e-01
5.319252590574352624e-01
-4.709734282165457531e-01
4.578698447762502011e-01
3.856850941928601229e-01
7.969023806234031004e-02
7.324899469776399719e-02
2.214877314943156789e-02
-2.767363819645028977e-01
-3.952255607933223835e-01
1.005524142103863122e-01
1.253642649236848608e-02
-5.298480008809426378e-01
-4.968694215880036652e-02
-4.307986259974219134e-01
2.151044840496198485e-01
-2.307214243267267095e-01
-1.211945307222627582e-02
3.228852654186430970e-01
1.268217982302712044e-01
-1.667318289075647442e-01
-2.520901489456753297e-01
5.432774869595807105e-02
3.001775299077032444e-01
4.829350292144730661e-01
8.563178720330901772e-01
-3.210603055412742379e-01
-7.601970521859970076e-02
4.914430114701787145e-01
2.284363851591245664e-01
2.716244346233986917e-02
-6.026811860750882488e-01
1.718187264273075832e-01
7.169887426452899171e-02
-2.593992253093764244e-01
7.016389907421920480e-01
4.774264233641061783e-01
-6.299487046233722687e-01
-2.177822762072365026e-01
2.482410386806023495e-01
-8.095616701077223976e-02
-9.048258586743967991e-02
3.984677977810331395e-01
-5.792313151244555813e-01
-1.310299738382281476e-01
1.847021023652520993e-02
-4.186009681675987304e-01
-1.860429621685065760e-01
4.126921057627573886e-01
4.806421557456674321e-01
4.715596891376543920e-01
3.658030236812973013e-02
-6.425456612304281112e-02
1.284700997637637856e-02
3.330916878426663785e-02
1.110871766002131944e-01
7.534015498532366240e-02
-8.827510681845582297e-02
-5.509497708435862062e-01
-1.622219212868979965e-01
-4.064833936967975347e-01
9.142686345131777192e-02
3.085277930013867742e-01
2.971092136192260424e-01
-7.141406921992504708e-02
6.439319823059211356e-02
3.346298725163764365e-01
-6.825285900366965253e-01
6.170877332642553392e-02
1.599399597713296040e-01
4.358511110307488612e-01
3.535559608969510714e-01
-1.331685099448886578e-01
-1.821203337588076510e-01
1.537679350087280683e-01
-3.016293219706682738e-01
-3.233036958986638676e-01
-8.784039702445144149e-03
-2.253972394322310557e-01
3.107503817914520905e-01
4.418130875799019530e-01
5.734508073219909963e-02
2.612160337353366391e-01
-2.795257583342672381e-01
2.202357247137725071e-01
9.467740982830499252e-01
1.986688363716528072e-01
5.349919866043044703e-01
6.347443425902524194e-02
1.325119030211848181e-01
-1.411794439486221686e-01
2.165712033565846406e-01
-4.900252454401651803e-01
2.091063363173367370e-02
4.232237932822729976e-01
2.958360058984584873e-01
-7.238495350622097257e-01
2.844921882583467676e-01
-6.934472162440397103e-02
1.567290808942234936e-01
4.671716540475298607e-02
5.342528275853467568e-01
1.257374728117953977e-01
1.387725227060367383e-01
-1.259462181695844840e-01
-6.383765462585270223e-01
7.308713544174713639e-03
-3.385661582219777199e-01
2.826911864007268793e-01
-8.078825965569012002e-01
2.054977309319604151e-01
4.865611482444571756e-01
-5.054272719893693200e-02
-8.976727526648339839e-03
-2.440322102558747375e-01
-1.688428056304852320e-01
-1.787537223502705108e-01
3.724150158437933289e-01
-1.890269336811689072e-01
1.783815575995113811e-02
-3.866318558299102759e-01
1.655763800535535180e-01
9.046290137498514544e-03
5.674434457539454524e-01
-8.701840056730716921e-02
6.130570912002274164e-02
2.269564693849334958e-01
2.320461937207904946e-01
-1.605326385955524460e-01
-2.845125556333180650e-01
-5.340493905424163745e-02
2.651588338710397230e-01
4.979305952781230560e-01
-1.153208996442931650e-01
4.504774661137572744e-01
1.615106817344288126e-01
8.788931721046874812e-02
3.033676120402405418e-01
7.857076012854707914e-01
3.029416725963944290e-01
5.867578581135499682e-01
-1.804338966475786676e-01
-3.625552672470994664e-01
3.950483921110056196e-01
-1.394665592306202628e-01
-2.973861322378117400e-01
5.591397026938161458e-02
-8.261189962267241615e-02
9.629396278600144132e-02
2.462885704983013568e-01
1.211527359828863948e-01
1.322939251445130748e-02
1.043096504703679150e-02
1.716030042615094287e-01
-3.491916443166816902e-02
-2.143191638287024747e-01
-8.994650883794513829e-02
1.352604748630659992e-01
-8.358667272180600460e-02
3.771654593523516841e-01
-1.878898806594213045e-01
1.858947777184185579e-01
-2.591751764705629846e-01
6.367607252997596612e-02
3.983442862808870277e-01
6.204491743856442865e-01
-5.492260388149567546e-02
2.659371993738243733e-02
2.482114206591651828e-01
-4.066731478250826259e-01
2.850782357519759391e-01
-2.574088510417594025e-02
9.575152509164623627e-03
-1.492016566962817425e-01
-2.717550238048221933e-01
7.145184487018754749e-02
2.377110328719538868e-01
3.092446607927349933e-01
-2.349629871462820818e-01
-3.527801101495515179e-01
6.314873614184427497e-01
1.492683901688540149e-01
7.988034242866229317e-02
-3.167129019583485028e-01
-8.435017929607296905e-03
1.638416437254683056e-01
-3.345348970081614415e-02
-1.198194036387828371e-01
-1.428533550637114125e-01
9.454435586203284447e-02
-4.007285228048835246e-01
4.490295274821062277e-01
4.793740428697064737e-01
3.344285522013913381e-01
1.690476655472527567e-01
-6.072862668065032860e-02
-3.720212485633330735e-01
-1.106599278814334592e-01
-3.660777352563085452e-01
4.271844386269625371e-01
5.445143088289832178e-01
-2.677821611070428931e-01
8.911329070943538322e-02
-6.193461517786605919e-01
-5.320020781765750773e-01
4.967996913568732409e-01
-2.605013878495849311e-01
2.279673742614587439e-01
1.957181367549922779e-01
3.074734148326818683e-01
3.711328839313284694e-02
4.237386920124576184e-01
-1.870812475288297083e-01
-2.297611404304457094e-01
2.175911166558872067e-01
1.295930103580714143e-01
-1.703475254443321818e-01
-1.015373958411358163e-01
5.741591575285321936e-01
-5.473919437929040954e-02
1.298121588215342403e-01
3.738283732775135038e-01
-4.109956052365969503e-01
-3.008418723610945672e-02
1.813045645260995542e-01
5.756720782732865221e-02
5.059737580387360101e-01
-3.989009347639563274e-02
2.282536899063529190e-01
4.603793613426092057e-01
-7.936449491725962035e-01
2.607496341836598730e-01
3.923145018317454880e-01
1.661583585759759119e-01
4.915716632254766849e-01
-1.223188155695244805e-01
3.355256606173654954e-01
2.088812002378058752e-01
1.267196656514003039e-01
-2.525468050047691149e-01
5.710880863050465245e-02
1.501474772140966030e-01
-6.390466719675587104e-01
3.712157142774172858e-01
2.827279457890640724e-01
1.629678569622811934e-01
7.546065614779131625e-01
5.693962452334677682e-01
-4.180120883538800958e-01
-2.011819815766137387e-01
1.117563535402767427e-01
-5.051126697801713306e-01
