2.965209042668191797e-04
-1.499112071802853607e-02
1.103101414272694841e-01
-2.561990878769804247e-01
1.902869091242073984e-01
-3.490493460678292803e-01
9.459019292563038139e-02
7.714500194077583695e-01
2.065601696365103324e-01
1.836632610534019994e-01
-4.238244370332291261e-02
-8.577332315240167315e-02
-1.017607217064735170e-02
2.540091578161882691e-01
-2.021572639807482363e-01
-3.764156711615000428e-01
1.841842257975663810e-01
-6.641109218024251470e-01
-1.374988030496982483e-01
1.717787106509657824e-01
5.853149129109815885e-01
-5.143679737010676822e-01
1.219786012778769219e-01
5.737619792737852498e-01
-2.727587326295947134e-01
6.321796379208284578e-02
3.038858635171264311e-01
-9.475417163149298105e-02
2.825260432166376914e-02
-1.071981292526679175e-01
-2.815238766797679981e-02
5.696409096194118837e-02
-5.551727399708551725e-02
1.439929145821902401e-01
-2.102854999414257436e-02
3.909049924001002652e-02
7.145113497526894841e-02
-5.193668324437946543e-02
-6.878184049198377004e-01
-1.580832160349966709e-02
2.978699808958027440e-01
-1.978712026442744631e-01
1.079608778759325316e-01
-5.464287183288276672e-01
-2.205542855828688531e-01
-5.971361195331656990e-01
-3.721060987528554964e-01
-2.212059417080470825e-01
-6.662099646930382812e-01
-5.091398836929138527e-01
2.159097789436487114e-01
5.352788842478650722e-02
-8.758993435219730728e-02
-1.208012985121861838e-01
-1.420679330206278401e-01
4.669695283087696436e-01
-1.883932951325680005e-01
2.035632400708069778e-01
5.036884125992854844e-02
3.560720540756227570e-01
2.642136083812481329e-01
-2.752704034354344076e-01
1.689151013558828351e-01
1.078887340021215946e-01
-2.191166871405322847e-01
9.740979623272494337e-02
-3.609642133537098174e-01
-2.208479767215917183e-02
-1.737566351744586068e-01
-1.667367065761564959e-01
-1.726832935768913418e-02
-1.758757226401328200e-01
9.676992523911995270e-02
-2.417677477921788554e-01
2.499600918347914119e-02
4.437183467322750596e-01
-2.712630616259563143e-01
3.496315080598888514e-01
1.272587787352555955e-01
1.851054932445968526e-01
4.108613118236936756e-01
-2.369357316863400509e-01
1.896035630927446480e-01
-2.461565997976739584e-01
-3.758025551359697181e-01
-7.071828150383646650e-01
-2.108719740640322554e-02
1.197760439607005734e-01
2.318958580028807337e-01
4.501864349645868235e-01
-4.575292284355749195e-01
1.153365988947856885e-02
6.477823746036482921e-01
-3.827255124919938800e-01
7.258798965305229833e-02
-5.173246736679140145e-01
-2.796021423254930194e-01
-3.459062779370560281e-01
3.382812726361175693e-02
-1.271822479146052787e-01
-5.043652831104448175e-01
3.248642575070048166e-01
-1.924956027768159050e-01
1.107972883249396523e-01
5.619070239375380249e-02
4.932609695565152302e-02
7.382735414122446049e-02
-2.519602939879629910e-01
3.813528823500632048e-01
5.113812628873083514e-03
-8.641291036856700580e-02
3.015319855135820681e-01
-2.012071190447924096e-02
2.697989149926318525e-02
-3.114156541163382586e-01
-4.516367141124597584e-01
2.981553940117700474e-01
-2.562769468070979495e-01
-4.945478927216846732e-02
3.734531718458762584e-02
-1.276753182767927930e-01
4.775549707955105416e-02
-2.207956668771361985e-01
1.773600141518538453e-01
6.112207665443816079e-02
-6.688705030198887069e-01
-8.442094015267093826e-03
-9.952751326891891293e-02
-2.864202716178824715e-01
3.864990857392138213e-01
3.080356344645104327e-01
7.784118979038183450e-02
-2.900503577475395112e-01
-2.950207827500557767e-01
-2.464311428812248905e-01
-1.734288642729624741e-01
-2.813609405577505163e-01
-3.242365491830735413e-01
-8.369653838171254856e-01
5.776221300684010185e-01
3.183630200465863425e-01
-2.869144339272615696e-01
1.983812360803091923e-01
-5.308505587664630321e-03
3.252835664118140513e-01
-2.175056637496892153e-01
3.713829271014057465e-01
-4.321032300278170868e-01
3.035541142501744782e-01
-6.084386061215396602e-02
3.374343475796585667e-01
-1.833303416106918382e-02
4.240849474030600752e-01
-5.308541105282663097e-02
2.858826468551357025e-01
-4.238173844506819554e-01
-2.490385727618947553e-02
-2.740952010710240860e-01
-1.594351703173766677e-01
-7.564784459789245519e-01
-1.659260834156798259e-01
-7.001296862895842188e-02
-5.744473976316143843e-02
1.707046564090365370e-01
1.385630412877553730e-01
-4.698717025417680215e-01
1.263973583424738978e-01
-1.486250328171607737e-01
-5.966703130396717736e-01
2.730591621345228037e-01
-1.550271646888104482e-01
-3.806646638353650691e-01
3.803899599455828895e-02
2.082537789012167684e-02
2.626487287085259303e-02
-2.160802187037788036e-01
2.339648986260415842e-01
2.246103579152148311e-01
-4.290758067219897498e-01
-3.307179398689642502e-01
-1.744100935388540330e-01
3.414048112220549602e-01
1.011565378184192676e-01
-1.629033372182775441e-01
-5.316845642621932377e-01
1.351672954301209595e-01
-2.127088909908967929e-01
-4.263992321385766671e-01
1.388754396080685294e-01
3.106582043789065106e-01
3.038769543169655973e-01
5.406496873574946349e-01
-6.046825895828924352e-02
1.096273483798228809e-01
-3.499669734104133428e-02
-2.018908107000284835e-01
8.897937844097662807e-02
5.787151794502923829e-01
5.268088157575777641e-01
1.612107560961352215e-01
-7.617808004963882995e-02
2.992083610321713549e-01
4.638263559309783179e-01
-2.830368069612342330e-01
1.105748156761293122e-01
-7.403714815493836476e-02
-6.955029516692724512e-01
8.520449826061494980e-02
2.635791487911332553e-01
3.810670028908795248e-01
-2.593563318128176004e-02
-1.653868341179825369e-02
-1.808779505088896691e-02
2.047778692690149782e-01
-3.041347309658605225e-01
-2.808360850678934262e-01
-1.398393131870092621e-01
-3.554359299593968236e-01
3.789173187780307539e-01
-1.076580883179613923e-01
3.172310548839037403e-01
4.487522447799863756e-01
5.549195173192236208e-01
-2.188365481175387484e-01
-3.495456560463285345e-01
-1.309288854605613062e-01
-2.212990240329483771e-01
-1.148743032618853854e-01
3.779643388221672895e-01
-5.050423088792229676e-01
3.970281319954058752e-01
7.010713872800494739e-02
-4.438239645569426184e-01
5.477413207539676837e-03
-2.275706683170127670e-02
-7.031288751413349303e-01
-2.684320518844608428e-01
5.904374413003531386e-01
2.086725626847927562e-01
-3.131560081061826595e-01
4.596639909246300615e-01
-5.874521467754012516e-01
-1.820273508686507113e-01
2.733423431317874019e-01
2.153309195261924047e-01
1.079985632340968449e-02
2.295749492613562703e-01
2.632313693077583186e-02
3.738668579301301920e-01
-1.519599056804387116e-01
-1.815152132890287817e-01
-1.011987126285728983e-01
2.287037201832360367e-01
8.025886257102959886e-02
-5.710264613079536478e-01
2.987746047694145313e-01
3.298679649799227120e-01
-4.727493554680591847e-01
7.900802980470521264e-02
-5.299000256199674075e-01
-6.607310498122520581e-03
1.124261159820434675e-01
-2.691203845298738573e-01
-1.370377962010780604e-01
-3.599969856832168635e-01
