-3.295939101008399930e-01
1.000000000000000000e+00
-5.104555786100346548e-01
-1.207141925399476401e-01
-2.172973188680871748e-01
1.018817487921313686e-01
-2.584641530245643803e-01
3.804962956920992512e-01
1.025211379825421154e-01
3.748564876633635468e-01
-2.822855867394238327e-01
3.172997011803900813e-01
2.391311476997231011e-01
-6.010422694725038317e-01
1.218036038456930814e-01
-5.813691650958838220e-02
4.019950338720057470e-01
4.546055902983974217e-01
1.779752717303115239e-03
-1.041174214735433035e-01
-7.595501483520741837e-02
5.399027587352237673e-02
-3.581850385998066044e-01
-7.690192429309725131e-02
1.564590426603543194e-01
-4.802484842714883628e-01
6.948350501619082742e-02
-3.110802874243345228e-01
1.982292746578776521e-01
-2.567076814872857465e-02
-4.591404874136961745e-02
3.754275118737706585e-01
1.507877528609085638e-01
-2.444753508914748463e-01
-4.478343418438591184e-01
1.153745152761011250e-01
2.361458885600829782e-01
5.722452677532596788e-01
6.074675776577351805e-01
-6.224721042164984564e-01
-3.141106078055726225e-02
3.811371727054456149e-01
1.467538192484701964e-01
4.178132257507012615e-02
2.775046658380737052e-01
1.510434553866712437e-01
2.832630170263316510e-03
-2.625605468372756990e-01
-4.339477223778493986e-01
4.141719185110346313e-01
9.890436536740321305e-02
-1.918463282157356897e-01
-3.715596903699302511e-01
-4.148316326318449154e-02
-1.267759930540481028e-02
3.903302477057644104e-01
-1.594198719430321709e-02
-1.218107787625635346e-01
-5.398311204891528270e-01
8.343289517389222698e-02
-2.884277105525382412e-01
1.297055113535823812e-01
5.302506271116198544e-01
4.485186820758820803e-01
-4.047806718058208353e-01
-4.599023845614309824e-02
5.555275020958153759e-02
1.456648241641630703e-01
1.113053635824552690e-01
-4.859213874943301703e-01
-3.806813220723898050e-02
-4.190025851904359278e-01
-1.819984021424801701e-01
-3.367619062117786499e-01
5.374525634152856751e-02
2.625938601991275601e-01
3.560120090134250015e-01
-3.579924174927952008e-01
1.622408557926759420e-01
2.173607417768168015e-01
-7.037281050115028469e-01
-2.697821626234646331e-02
1.689664304502486170e-01
7.714297997959690401e-02
3.900770578007274336e-01
-1.008194867976822812e-02
7.510949746216845080e-01
5.794749734739201852e-01
-3.061732554604211787e-01
-1.652193050092309601e-01
-1.867879939947984791e-01
3.731134004336978949e-01
-5.105333777916087890e-01
3.455240275323075982e-01
-6.163335685690205651e-02
-5.603886691096676004e-02
-3.614903003788501046e-01
1.126047913185923843e-01
1.353168398458213517e-01
4.478401017384058269e-01
4.816186709277168188e-01
-1.436887280020175683e-01
3.513925850170714904e-01
-1.337595894018666076e-01
1.220844902609532490e-01
-4.787721095774208901e-01
-2.994349877092443435e-02
3.854847431522123169e-01
2.351673454668723739e-01
-4.933679984992790368e-01
2.961729425430705276e-01
4.142926591680456960e-02
1.296778911240426546e-01
1.912292571131300467e-01
5.414957191317381069e-01
4.669691216885595297e-01
1.531196561140497070e-01
5.626896980023616823e-01
-9.370592947439079778e-02
1.002249207677950033e-02
3.007142262493571194e-01
2.537181613519569612e-01
-5.104754386824009726e-01
-1.252766138882373606e-02
-1.056263839237618490e-01
1.589357205271589579e-01
-2.753175557141705754e-02
-3.129334335488149210e-01
-2.824966585334814373e-01
-1.003281033333621314e-01
5.516761904643108227e-02
-2.265340565093437730e-01
9.597073811523637588e-02
-2.425654270116253952e-01
7.214047624148292592e-02
2.304815151040903731e-01
5.804353445636327713e-01
-4.283329338472090519e-01
1.090813776312853367e-01
4.877244428931745701e-02
3.013036001786266738e-01
-1.112199600256499193e-01
-3.005882724470528289e-01
6.001186806836270038e-03
3.395266068341113996e-01
3.185587170858412975e-02
-1.870087289370860745e-02
9.478575872429564897e-02
5.035623223453139508e-02
1.276201549509576871e-01
-2.399858499230173373e-02
2.574763777096419556e-02
2.108440765357004476e-02
3.759832214539852169e-01
4.996270047393178149e-02
1.779940426841160883e-01
1.750720503950212170e-02
2.169537270733733203e-02
-2.806379662254563923e-01
-1.830536284014481763e-01
2.282466290554191757e-01
-1.149119920303871556e-01
2.040411308293169912e-01
-5.221569860359408233e-02
5.412659749140166787e-04
8.000391996385911031e-02
2.048905197274298318e-01
1.883840775823757141e-02
-4.625392662815370759e-01
3.256721851637102427e-02
1.868283445212001459e-01
-3.184928080420361129e-01
-1.741893823760440330e-02
-2.398535649671906800e-03
1.438448955992999989e-01
-2.104115736127364911e-01
-8.567017010843398783e-03
4.862314270011335315e-01
5.917521599412689515e-01
-1.138094912758742250e-01
7.024867520614228034e-02
1.913648191592826342e-01
-3.589192368386288079e-01
3.060299360836014615e-01
-4.061353285244077571e-01
9.575152509164623627e-03
1.293998559654446212e-01
1.820806400559356886e-01
1.467857798474802300e-01
-4.172093210392491258e-02
-4.172643422502522736e-03
-3.180957718105418830e-01
-9.336279799061292239e-02
5.603712158722353731e-01
5.016741239923896284e-02
-4.203927910218094310e-02
4.436909073943324788e-01
-7.210984081440441340e-02
-2.820055644700432129e-01
6.280689792336243693e-01
8.933982364121198505e-02
-1.107408594438733657e-02
4.137281832428479217e-02
7.094759606331942914e-01
-4.962043077312939393e-02
4.829502677090511953e-01
3.150746762038820759e-01
-1.453861305080824950e-01
3.749330889916299148e-01
-3.453197678510595559e-01
-1.062117498818844902e-01
-5.096814395515820717e-01
4.202669439268682527e-01
4.974438113308645160e-01
4.482491329602298347e-01
1.850915385011567271e-01
-2.548983579777722164e-01
-4.238326495309810982e-01
4.079078189399314436e-01
-3.295780506280289179e-01
3.907117570964911413e-01
2.182091840395940230e-02
2.656421672043766669e-01
2.530570076756226139e-01
4.574926062051131170e-01
-2.736597523908194107e-01
2.265818843338587574e-01
1.477475259787913719e-02
6.026323461623812605e-01
-1.493236167982814611e-01
-1.975433761044818048e-01
4.601741628486312186e-01
-3.441256743618752861e-02
-7.412044996337877056e-02
4.368957534744085103e-01
-3.144288395734423647e-02
2.144781854777647045e-01
3.346766201609020080e-02
2.134351705375676922e-02
4.655141500360572282e-01
-4.886717360567165158e-02
-4.958655740842339288e-01
-4.056766983128332060e-01
-7.934384837407124635e-01
-2.164124068303408532e-01
-1.741223201360927730e-01
3.261994789645646375e-01
3.386881830015705530e-01
5.383296310001450813e-02
3.890981495945030622e-01
1.563297066929023316e-01
2.433636088656720153e-01
-2.499910528733516879e-01
-1.664435239295108948e-02
4.855445854916797810e-01
-7.084220260536010505e-01
4.300113526406335041e-01
4.617330543353243000e-02
2.041686205269250820e-01
1.637001693608416686e-01
5.026692558861950433e-01
-2.545995875937320241e-01
2.422715259775181512e-02
-5.000115343983452948e-02
2.738019857138659363e-01
