-7.931477777188267186e-02
3.653052040004309831e-01
4.231135470758230488e-01
-6.085665780879770392e-02
-9.660036466898636043e-02
-6.044155221717975035e-01
2.307146201047057255e-01
-3.041169408885839934e-03
-3.933281710807584597e-01
-1.358656985969985409e-01
-2.244138763369922795e-01
9.147934026705269173e-02
5.214133865507920573e-01
-8.927246594525198309e-02
1.872516591382802909e-01
-1.260297670145796994e-02
5.068272255821228839e-02
3.444173481905321577e-02
-2.580935452906042704e-02
-2.055589244999876941e-01
1.206614496806449055e-01
3.690146585145016034e-01
2.686596645003739292e-01
-2.729902659576345925e-01
-1.232703423218742683e-01
4.446536530451178360e-01
-1.002664302422926063e-01
-8.038885550454083484e-02
6.718827047658160190e-01
3.828919556627353310e-02
-1.583380234489330241e-01
1.742482456381169720e-02
-2.921449832344417130e-01
1.469051095996784517e-01
4.165699086973177062e-02
-1.205931295903870243e-01
1.371513566222294644e-01
-2.771390411695097700e-01
1.018848892573188947e-01
-1.228682087121962807e-01
4.155589606925196300e-01
-2.332223897822448544e-01
-5.011202328425903296e-01
-1.817258843664398826e-02
-2.927167823910343802e-01
2.697200434231849520e-01
-3.216456902607393586e-01
5.997388529420430991e-01
-1.709403054989542259e-01
-5.202862258307623389e-01
-4.721512575485829477e-01
-1.925496583024919328e-01
-5.198173048772950500e-01
-1.536661050591998645e-01
3.889404930268929722e-02
1.580270593427452464e-01
-4.627800414543505880e-01
3.050262482082619422e-02
-3.369845664420303977e-01
-3.011126061309190582e-01
-3.109428826556436265e-01
-1.774928641993573364e-01
-1.700477326786470900e-01
2.336019957246143752e-01
7.359615374553646339e-01
-5.723301328514965314e-03
-3.119870228637439680e-01
-2.259346103925355953e-01
-3.222317535548853695e-01
-2.928828739869539510e-01
1.567269135604847374e-01
1.947963435440819985e-02
4.783562878013285224e-02
-3.316913289801194376e-01
4.325119643885283471e-01
-4.813459119165474087e-01
2.108278572511773641e-01
-3.893715295281242605e-01
-3.524128345493309222e-01
5.968702142601238769e-01
3.560527964188135441e-01
1.082467744330437576e-01
-2.287445693493973253e-01
-1.823629016946521630e-01
3.033977879981171744e-01
-4.313673231751703474e-01
4.408137514333370643e-01
2.974211904164847375e-01
1.249674194312422881e-01
5.963487571592879233e-01
4.058702461460699240e-01
-2.907786515268075411e-01
-2.422100896232589132e-02
-3.677486848639704986e-02
-2.879033326599393372e-01
-2.513765894432353626e-02
2.852905054751368741e-02
1.265460709522891469e-01
-1.000211862614223957e-03
-2.517224864050294775e-01
-4.413077967171556704e-02
-2.828227329952843205e-01
-9.023735811893417447e-01
-1.387636227480821324e-03
2.533148413462208981e-01
3.993626128205995940e-01
1.645866629556252958e-01
4.009619466063733470e-03
5.511788509772486133e-01
-4.121162209662464215e-02
6.126801782181097167e-01
3.154509289799256599e-01
6.821755833921756829e-03
2.362048457664319423e-01
-1.008331458207413350e-01
2.983507494817253664e-02
-2.175106688523088111e-02
2.707059866774959040e-03
2.704771979833092352e-02
4.249054622685500271e-01
-3.279769499652210318e-01
8.462833391779436831e-02
-8.572573502665786771e-02
-4.138526559125846882e-01
-3.393970224737403729e-01
4.108080862906804409e-01
-1.676288528727400418e-01
-1.163421780885658396e-01
-1.160340885502708919e-01
-4.576821092767520693e-01
2.496688466278811358e-01
-3.905002371883379841e-01
-3.408334636790501943e-02
-2.899700320219060490e-02
-3.090849201929782852e-01
2.058865721641087443e-01
2.949671103340112399e-01
1.320242991252797982e-01
-2.797184193685177123e-01
5.773734214959906630e-02
2.299386635278115043e-01
-3.647109260304903788e-02
-5.207341521804539353e-01
-1.125432336798208727e-01
-3.432303730877572234e-01
1.281105151190844449e-01
-1.185344900016793435e-01
3.271910336104354167e-02
-2.677528504518203456e-01
4.893231189512999013e-02
3.002853167999594564e-01
3.660420475518900291e-02
-1.124333965078979092e-01
-3.871199836665842331e-02
2.686687593699306764e-01
-2.521481229320951534e-01
3.581073023932294930e-02
-3.986574766837348502e-03
1.260165787759033422e-02
1.036007345352718545e-01
-7.237712228769625777e-02
1.489770733002561132e-01
-4.680538873501876446e-02
4.154592940544841739e-01
2.465966633553817178e-01
-2.467177601372027781e-02
-3.736224773178116187e-01
1.264484325570835177e-01
1.680892681350099754e-02
2.904279099910963072e-02
1.262292260010652312e-01
6.581253128691806620e-02
1.306798465636711259e-01
-6.265487780854172017e-01
7.900500775689647814e-02
2.141102001732897164e-01
5.336635766158548400e-01
-3.385635773626085032e-01
-1.028268886632486140e-01
7.982196451375041246e-02
2.123320021767731991e-01
-3.021104741279286368e-02
2.127555909316049820e-01
-1.929307759103509323e-01
-1.838914819493225605e-01
1.735236397615514126e-01
-3.776940061480344446e-01
-3.445770854238712211e-01
1.201108453927241249e-01
-4.475265884217253243e-01
-2.596281021270073208e-01
-4.285198257786256293e-01
-2.404693621132047432e-01
-3.924866031234498509e-01
8.420649215207799410e-01
-2.698205041820115335e-01
-5.197841389674018320e-01
2.829790955064804270e-01
-2.801446603518586431e-01
-7.493490946256860241e-02
-6.835627784273601293e-02
7.557947911033741084e-02
3.863744372863674448e-01
-7.239745490862415922e-01
5.007191326798121622e-01
1.404301526370757836e-01
-3.313542249179073362e-01
4.584089855078047893e-01
-2.227101660359445401e-01
1.662376614969127697e-01
-3.816736613404198564e-01
6.125010755648475219e-02
6.049131786977315905e-02
-1.059536678094151890e-01
4.068609597015262480e-01
1.659437203596361710e-02
-9.344955614089174578e-02
4.268934792388622002e-03
5.243445828104382755e-01
7.550748147343008809e-02
5.653125879309707225e-01
2.972778028296012565e-01
2.817163630179326736e-02
-2.083664830120502964e-01
1.958942838872343439e-01
2.437232783476207532e-01
3.372904184677293915e-01
-1.642993542806349128e-01
5.557241317677427128e-01
1.683475496686125950e-01
-1.362316312830864351e-01
-2.164687774799200215e-01
-2.033318563993997685e-01
9.148588420914709196e-02
-6.466406850931176731e-01
-1.216409846243997200e-01
1.364255954526208126e-01
-1.490232135785585221e-01
4.305293658247079103e-01
4.307347570227808564e-01
1.637793127872418930e-01
1.339363865567246292e-01
2.047025739099201380e-01
3.078141816943396614e-01
4.064517727442072959e-01
2.301038354229845845e-02
3.081833719744931921e-01
3.985665129261202200e-01
1.624391227529853599e-01
-3.273008303127045715e-01
-8.782262031496960997e-02
5.757253837505352245e-02
-2.869767326530941465e-01
1.222591700566616341e-01
4.018118932606836724e-01
-1.906958584528942180e-01
2.819808165870074657e-01
2.056332129593639590e-01
-2.925449826196021008e-01
-2.190619844567435470e-01
1.574458161589834537e-01
-2.898340305883121415e-01
5.762049741845916007e-01
1.897419891687947280e-01
2.280628584198675091e-01
