2.089132112802392638e-01
1.637564245312476685e-01
-1.495363990480067795e-01
-6.553695811627018031e-02
3.836362281895912552e-01
-9.292837288908224747e-02
-9.702926948763630766e-02
-1.364500741286986951e-01
-2.449184771652403447e-01
3.765573636961188075e-01
2.439039182659482885e-01
4.738908405292055481e-01
-4.342594636142692310e-02
1.057284819677632021e-02
-1.603518588034432701e-01
-4.792211986879339469e-01
-5.248653880841790409e-01
-7.894797132183209998e-01
5.027206326432415162e-02
2.180055372188342139e-02
8.653862808044379684e-02
2.462282876753313643e-01
1.186985050797449287e-01
-1.057118008168858869e-01
-6.174680859008077061e-01
4.076551174165968239e-01
-1.925536855210740195e-01
8.758372406374473340e-02
-2.031311661609864205e-01
1.092243822975120654e-01
1.216281646000595962e-01
-4.751583472725287027e-01
3.235902267686902589e-01
1.270488681734741609e-01
2.397448775234685692e-01
6.427179628154576843e-03
6.622888324531530646e-01
-6.495607082485744810e-01
-1.568119378893592097e-01
2.892704562965177084e-01
2.370285479872850931e-02
4.051178950179069177e-02
1.316602700818724214e-01
-5.784000275436305960e-02
3.959680819167926691e-01
1.913320324968110775e-01
-2.718577015417797949e-01
-2.177125519113797814e-01
-5.309682734271432558e-01
-5.789112182246279603e-03
-1.261280965549700130e-02
-1.197739031616614491e-01
-2.773508023800749789e-01
6.243428780888617968e-01
-4.468874581986282957e-01
9.129834220545229861e-02
6.403397071182426181e-02
3.550402650257032944e-01
3.866469228854576556e-01
-2.109754597235742324e-01
8.610833968051949394e-02
-4.929214754733932669e-01
1.465841515181792176e-01
-4.042099402120581664e-02
5.185455830012823675e-02
-7.541601147564270802e-01
1.452655343895492834e-01
-3.107971985417033733e-03
-5.670211029099488931e-01
3.327946930155844529e-01
7.009146790017362072e-02
-1.801865478188242609e-01
-3.416249815518122845e-02
-2.544728372059589794e-01
-6.850425480344360385e-02
-6.694368594739620315e-01
-2.474878922145800908e-01
1.485441745657601342e-01
1.507583526286455367e-01
1.701591674743997695e-01
-4.502296668399060481e-02
-4.663518928474685854e-01
-2.323871757052931308e-01
9.682142554245756760e-02
-3.169922005731977688e-01
2.445978691849713949e-01
1.785586490391743997e-01
3.087817589239409966e-01
4.559310958536968994e-02
-2.223914365621393885e-01
5.922107338417246236e-01
-8.723827603660608276e-02
7.111047402434160780e-01
5.344353421133298671e-02
1.277872926283223076e-01
2.626415856837915896e-01
-2.987823921118898940e-01
-1.731538464495937513e-01
-1.165375057127560898e-01
9.764515952892666162e-02
4.239470812578183256e-01
-1.101966982559669239e-01
-4.476471790709669052e-01
-5.964046631386862307e-01
7.181433235657731784e-02
1.487506814171063729e-01
-2.600313808637953472e-01
4.396974006075490826e-01
-6.120359864192706500e-02
1.839332535376995981e-01
-3.060577179361169131e-01
-1.537532588347571283e-01
-5.796562060486187828e-01
-2.168731646984851935e-01
2.313859041192369570e-01
4.504041222143801981e-01
-5.051037145356200853e-01
-4.897674597979980171e-01
1.800346750030374643e-01
-1.851778986801652926e-01
-2.266806215406748648e-01
1.837100143821021048e-01
2.191606817016182596e-03
-1.173770506292959315e-01
-7.140203454236230263e-01
-8.336926065125493945e-02
8.521626488432509916e-01
2.938839369888408548e-01
1.027815943014600830e-01
2.637141299000327344e-01
-6.619638426784799634e-01
9.918076817252199917e-02
-7.858142907595791482e-02
-4.815743227475355326e-04
-4.447920099819752671e-01
-4.033707205551473329e-01
3.175265919511101598e-01
-3.165839755086972129e-01
3.453999594928469641e-02
1.739490390901469730e-01
-3.940564845932180427e-02
-4.863585293438023316e-02
2.959607525614292231e-02
1.893109652710968094e-01
4.852674214553825971e-01
-8.225150587767846022e-02
5.258322793312566468e-01
-4.903120603295657576e-02
-6.336207135285295555e-01
1.349960774719955736e-01
4.745537088050436059e-02
2.107612622150751569e-01
-4.931859823969175771e-02
3.560022786632409120e-01
2.985687496993019718e-01
1.827303500562917904e-01
3.841232908650478728e-01
3.982379727700836591e-01
-1.091351540160255540e-01
-1.018257280604150938e-01
-1.332573591086763098e-01
-1.953557106861937009e-01
3.627733324476071219e-01
1.563461329701140712e-01
-9.378860740864557177e-02
-1.477003784693884936e-01
1.864433917374676564e-01
-3.507201198345221704e-01
-2.253509538735216644e-01
-3.953565074590217332e-01
3.914395686902030769e-01
-6.910310447866399031e-01
4.091420279145405181e-01
5.037560315763782715e-01
3.076011042721421562e-01
-5.398249657870347606e-01
9.159523644241128471e-02
-2.462769296336263583e-02
-3.574912150700927937e-01
1.594548603913790996e-01
-3.348838074960936440e-01
-4.825092703532306293e-02
3.556445269936994169e-01
7.336584343234926475e-01
-1.126473084777837169e-01
-1.638744464192535555e-01
2.944968780365339947e-02
4.714196398792071530e-01
-4.449476666228617816e-01
2.120153642782137415e-01
2.522450014232424098e-01
3.603765852518430735e-01
-1.927892320679876759e-01
-2.968323299741243426e-01
-2.112038605401734548e-01
-8.327803810782443694e-01
1.596275636027631728e-01
-7.575606884720349488e-01
1.315899810856075436e-01
4.397351976802555407e-01
4.770677673385024381e-02
7.034972599098126000e-01
-2.074075900401737074e-02
-1.783749763844573455e-01
-3.546852380472536037e-01
-6.017961566804318485e-01
4.909009365147806170e-01
-2.633922866485487457e-01
1.633297017538481444e-01
-3.446985812360075507e-01
2.721290555065234429e-01
1.589819700501996225e-01
2.123519024410532863e-01
1.237983538612831697e-01
2.403680004818770088e-01
1.922660965846098580e-01
-7.926284011331227730e-02
2.026959381279533901e-01
-1.471596673102028990e-02
2.523292728515668104e-01
-1.464827418080951182e-01
-6.278476422874584850e-02
8.265596135131060562e-02
1.599730589048264928e-01
-4.718383906349150614e-01
-8.485057331195813290e-01
-9.391802338195479050e-02
5.957358482931293664e-02
-3.430082287233091609e-01
-2.641970729394828021e-01
2.763146889379578530e-01
1.830345188012790503e-01
-3.772349819600465115e-01
8.154609327820151743e-02
8.101147043610139320e-03
-3.334003661881606573e-01
3.238964610734870742e-01
-2.201830419924279136e-02
2.610830620471999430e-01
-1.391188610408544135e-01
3.453213428917542571e-01
-8.481081709534554758e-02
2.996039893794535947e-01
-1.947040151932879493e-01
4.019112757838068095e-01
-4.090371113638594652e-02
2.540948489542009248e-01
8.456023763830053386e-02
1.318484884402659763e-01
5.992590989215524910e-01
1.083247074035902646e-01
-3.470911547355887833e-02
2.528413953425104332e-01
2.893764545744375027e-01
3.679642459488811634e-01
3.474533780449338694e-01
1.526481428274949759e-01
5.057040575523537029e-01
1.277775958255984723e-01
-5.488051320074747164e-01
-4.276426176055114770e-01
2.990140273432102536e-01
-4.860607175780667366e-01
-3.056711444584349069e-01
-1.083672446688425245e-01
