-2.659076552601083443e-01
-3.482778681515620867e-01
-3.694502429968350432e-01
-2.476503911304567956e-02
-1.382711842678998881e-01
-1.216741646929952736e-01
-5.079276394176319709e-01
-5.508987874647587324e-01
1.286819634251692712e-01
-4.057318994592887806e-01
4.612973358450370709e-01
4.727156905414342525e-01
2.802339701059711752e-01
1.352227310820337813e-01
-4.034413745629865100e-01
-3.762489361449435910e-01
8.202241594787519630e-02
-4.443361398903790671e-01
3.247699974378634447e-01
-1.132215751261127917e-02
6.158144093467339542e-02
-1.854210356151770045e-01
2.911994559005016692e-01
4.689743339462275618e-01
1.894743110936857045e-01
-1.168956592807968292e-01
2.484515980101224264e-01
2.350999638185427842e-01
-4.968692595758836816e-01
-2.333648875720672478e-01
-4.656819947685832822e-02
3.907482391917344033e-02
5.994185109142097928e-02
2.684962867182434376e-01
-2.464003335759588909e-02
3.941560722240216030e-01
3.139868097701869476e-01
-1.693458899675271689e-01
-2.108194185341773774e-01
-4.382842073511753617e-02
4.509355186543660965e-01
1.044391531076202112e-01
1.447202951882226030e-01
-3.057869913249216046e-02
9.857779580455615365e-02
-1.144722388809842339e-01
-1.428198540616460455e-01
-3.552781337638837300e-01
-4.247403180053361815e-01
-2.492017082018305740e-01
-4.525847447444769113e-03
-2.149157494655060396e-01
7.413194630652425454e-02
-1.578287570392354067e-01
1.652030459379992544e-01
-6.527314163165313932e-02
2.221350195605214795e-01
3.474226467891479708e-01
-6.144141738437950417e-01
6.195794287917543580e-02
-8.120061867986887172e-02
3.153805584884127322e-01
-3.103690843802554139e-02
1.198854797727189475e-01
5.904935764338473114e-02
2.114299302588597274e-01
1.969710192774492830e-01
3.412199020247668746e-01
-2.420923031483142585e-01
-3.388723089843505287e-02
-9.002146222804073561e-02
-3.403602230899874237e-01
-4.963833886727758715e-02
-1.537842754327639616e-01
-1.555145664375755521e-01
-3.484004886624914032e-01
-3.807906451644859636e-01
6.787726750156866662e-02
2.792921477526804641e-01
1.319524216914451376e-01
-3.326032243761339324e-01
-1.009867200639374962e-01
-1.033119975802542084e-01
-1.507321422277335121e-01
-1.201163398769912599e-01
2.554449298004992097e-01
-2.460194909234942606e-01
-6.099091515765039384e-01
3.231415517915277036e-01
4.815737882849509544e-01
5.010849807443774201e-02
1.178761112497747066e-01
2.966877239145673806e-02
3.212561105825092467e-01
-1.964515731028398104e-01
4.759256594922446904e-01
5.784076705422093179e-01
-1.655657493368067612e-01
7.361458076809837547e-02
3.820785815749379588e-01
8.498987444892849297e-01
1.154584593365734352e-01
-6.635405071626306883e-01
-5.461843469989821065e-01
8.017724375905514733e-02
1.568656146053103162e-01
2.775591525177272326e-03
1.351267336382234729e-01
5.541475386914215262e-01
9.582171588832059939e-02
-4.864842090682987286e-02
5.036200569542386152e-01
-5.254862229754897474e-01
-4.056449666054067621e-02
7.977339589430902933e-01
2.477655137455821513e-03
1.840316342156786758e-02
1.321108676275323524e-01
-1.923119950860094352e-02
-1.611237045024305897e-02
-1.766784282175277998e-01
4.311236937733898822e-01
-5.692407156002891044e-01
-1.575900533188681063e-01
-1.603944882144197892e-01
3.356597575417590296e-01
2.781814051049665837e-01
3.656628895248312805e-01
-1.039020557836372732e-01
-3.986716665561040318e-01
-4.694142705450621289e-02
1.475636873187505249e-01
-2.485397785033597040e-01
2.339518050263829085e-01
-1.596949354071724170e-01
-4.117328286705442819e-01
5.819205174966033539e-02
-5.230034883522172162e-01
-5.131710625965932859e-01
8.206469374387795890e-01
-4.571714247407566156e-01
-1.637205701887810838e-01
1.025376349308493446e-01
-4.933956371752346581e-01
-3.508431390281014917e-01
2.912141992918673705e-01
6.269090092941228543e-01
-4.037141649481870015e-02
1.821600093662759656e-01
-3.048872339965181255e-01
3.294838113792079581e-01
2.561107413824652013e-01
-1.942951345579987943e-01
6.594216410195422595e-01
1.850878252105193564e-02
-3.370199752548029282e-01
-3.722544671249424231e-01
-2.364401656621782644e-01
-1.824852183608543787e-01
1.591940267584813495e-01
-7.247451027359436138e-01
-2.652315670243662327e-01
-2.455339693957485081e-01
-5.375467473442560595e-02
-2.763186426616319746e-01
-2.258563038248729005e-01
-4.064161049216830635e-01
2.766167004358369153e-01
-2.618814053012681331e-01
9.634648159358745467e-02
9.129010377671928356e-02
6.402945317628029598e-02
-1.611157581822033336e-01
-1.756784026373683916e-01
-1.836163405078604371e-01
-3.953002032646533714e-01
-8.589800901621584550e-02
-7.173507011796301756e-03
2.558376659031361133e-01
1.990542796511936829e-01
-3.908140776368895786e-01
8.629568292635626803e-02
-2.711520825129578038e-01
-1.003798444682925811e-01
-7.315313553243120437e-02
-4.745507732881112939e-01
-1.128948181107100879e-01
-2.217278945501511833e-01
4.463216018067895918e-01
3.094230446890773312e-01
-2.825559076501333866e-01
-4.958058556930339256e-01
2.526095265881555529e-01
-2.510862836281980148e-01
9.017493435155089776e-02
-4.088560071935249396e-01
1.016680283261781337e-01
-7.051489297520920074e-02
-2.737709124013305156e-02
-3.601853097252648017e-01
1.903313576743221117e-02
2.283268458322334216e-01
-5.304872665487486705e-01
-1.341155818075870920e-01
1.124664828821014817e-01
-5.498751200143757456e-02
-2.315469411153045221e-01
7.690931771688531982e-02
1.132246367686474964e-01
3.808703900014870358e-01
-5.173302354527218316e-01
5.669282550253742364e-02
4.349351990563175008e-01
4.671563012221318090e-01
-2.285461431159784840e-01
3.202608969497783842e-01
3.606316043450329967e-01
-3.510702605861525383e-01
-2.711886541259539429e-01
-3.561067600069690586e-01
-1.452673905140364034e-02
-3.298310568846512039e-03
2.548696488824827577e-01
5.797104955090646161e-01
1.707957927473030824e-01
2.126481147587356013e-01
1.048492296609645907e-01
4.447790858751405341e-01
-3.633401797682613704e-02
-1.536460597299041109e-01
-5.476108580529126524e-01
-5.284687491983369040e-02
4.077709517879772871e-01
1.705733665637801377e-01
7.510659205979814956e-01
7.028944426889500718e-01
4.380903508367859495e-02
3.358540169769247408e-01
-1.167837296586650003e-01
-3.794802206526121657e-01
-2.972886412304479378e-02
1.298079572929642378e-01
2.874814777416519473e-01
-1.435263330104041557e-01
-1.438684308241135468e-01
3.939300593835227265e-02
5.923931832394723207e-01
1.368919820316508440e-01
2.033741801039842464e-02
2.932905874804244140e-01
1.571286756010777108e-01
2.318180611253961576e-02
-5.364818997834897019e-01
-5.143988648087780696e-02
-2.398379507793786947e-01
1.070117206262409665e-01
-6.513254560798898973e-01
-2.006172642569560224e-02
-5.471452808251965616e-02
1.868184909642166824e-01
1.767207298862678300e-01
-7.590875409454063416e-02
3.392677597705647252e-01
-8.019356826418165551e-02
3.621765311785689612e-01
