2.718918310047278575e-01
-1.217794266802010861e-01
-5.462500897031491442e-01
-4.381807380091516935e-01
-1.052746884722533839e-02
-4.367281573509086690e-02
-3.085968902074336939e-01
2.117097015056818854e-01
3.753316536279718285e-01
-2.851316176271810332e-01
3.404015227834005786e-01
3.902134091221782369e-02
7.047556758339510452e-01
3.706210068470333630e-01
4.442743577979211267e-01
2.653882847935658540e-01
4.505517676267282168e-01
-1.055466356054803184e-01
2.894628813766267350e-01
3.075036786155989632e-01
6.070795633491767873e-01
-1.008431683632165926e-01
-4.444168757263463054e-01
6.059492473139277413e-01
-7.032637559409812833e-02
-2.424267508109103075e-01
2.526840505255924518e-01
-1.752964853825987601e-01
-5.815862759633332740e-02
-6.691006947369062541e-01
1.112312901832299278e-01
9.413140084049391454e-02
-4.793832173266468488e-02
-7.313160933144444709e-01
-2.535704475464388152e-01
1.535261867499132793e-01
-3.965513395232697080e-01
3.659449434005028756e-01
3.257245760661949263e-01
-7.950802110213002483e-02
-3.054888354555714280e-01
3.581824544196264559e-02
4.166238718607957747e-02
-1.549449701225545650e-01
6.176993098008800587e-01
-4.581973631163895333e-01
2.604169184614947563e-02
2.376204946386187011e-01
1.407453934212575808e-01
3.954997639737787424e-02
-4.247293364353175726e-01
-4.465334831429946250e-01
4.892288682618392004e-01
2.742952758990114814e-01
1.091036301059637864e-01
1.012676741244271927e-01
-2.325875319935971075e-01
-5.822697167445468613e-01
5.035128328974471934e-01
1.967114362779804615e-01
2.005920574582295834e-01
5.429062373211326342e-01
5.455315462911684149e-02
4.545383382689064944e-01
1.524685286887935975e-01
-2.540025322439125044e-01
-7.156807240235016354e-02
5.199330184967998481e-01
-2.849385014260784055e-01
4.243991604456304363e-03
-3.533584450806640659e-02
1.931990362670731320e-01
1.524927965870326030e-01
1.836319579433212390e-01
5.378557725593928751e-01
2.111570806109589471e-01
6.574770484477282517e-01
2.074125306336636609e-01
3.261778623602095695e-01
-3.702058255314827351e-01
8.479358624334530636e-02
-4.631342395609455709e-01
-1.991803604983456710e-01
1.355478923186282936e-01
7.264230921988032441e-02
5.105670853144601840e-02
1.100849007328208971e-02
-2.246085575898184306e-01
4.882164459456403427e-02
1.093687165720529791e-01
-4.187889997361721878e-02
3.010252131111953999e-01
-1.967897706893847187e-01
-5.881426282410647799e-01
-5.168611993796540932e-02
-5.990895848401254220e-01
5.829151264721279396e-02
3.681659404183368900e-01
2.387951850374584600e-02
5.735554002614690061e-01
-1.951737445573370200e-01
1.132761604798616512e-01
1.043014004262079603e-01
1.731529400064123203e-01
3.433854310743300609e-01
2.515888396227186075e-01
2.789836400939494504e-02
-2.789356771771742127e-01
-6.556152615811269291e-01
7.727739172586242655e-02
-2.715947488801109810e-01
-3.082301138572745691e-03
3.942131479898631774e-01
-4.762737949428390016e-01
4.792281711097852170e-01
-1.376487537842198128e-01
-8.036223702935020585e-02
-4.609980977300983107e-01
3.294482030737122535e-01
5.550149210674496514e-01
-1.868327537236744440e-01
-1.680427830755033825e-01
4.915795994373307609e-01
-2.396051609154953299e-01
4.450889648421419431e-01
-1.056283461256893319e-01
-3.563986149755494215e-01
-6.574272228025477283e-01
2.911582352117498274e-01
6.522787038550495464e-02
2.968237759495325756e-01
-9.949788711081523906e-02
-2.315705039627204420e-01
-3.274719984438146381e-01
-4.478277396673412403e-01
-1.958123077772428444e-01
-4.244851220710273432e-01
2.728814826299445495e-01
1.683305724674777626e-01
2.726571449172890960e-01
1.140538694586055862e-01
-4.787050486182728437e-01
1.835544526142806887e-01
-1.317388593615306525e-01
-2.151906928267607322e-01
9.527322823887783565e-02
-2.367726250086517326e-01
5.655344448518084821e-01
-1.824810815733838576e-01
1.730839623111332104e-01
3.392661680839803573e-01
-4.159415586950071519e-01
1.087529771232052522e-01
1.658804332542837823e-01
4.050388289072565096e-02
-6.215554623912977750e-02
-2.843450378912507626e-01
-1.600438563476939968e-01
-3.076151420604906206e-01
3.770726768887968094e-01
-1.405684067564218209e-01
7.807893414949826361e-02
8.100867486513310123e-01
1.747268134203646961e-01
-1.586013944454872371e-01
5.980092865449324613e-01
-1.385404167816833287e-01
-1.857217817233572654e-01
-4.125182384862214474e-02
1.333190534504720970e-01
3.698223143617170861e-01
3.737973031107190147e-01
9.158085431998660986e-02
-2.818789679564622785e-01
1.596737177453340928e-01
-4.059685405987059625e-01
8.585941646009283279e-02
-1.342056369881369504e-01
3.337182704976567327e-01
1.261349722940453000e-01
-4.717760970310182489e-01
-4.375482378950196760e-01
1.820884688233118942e-01
1.562089081018225023e-01
-4.007318258468983152e-01
-5.604480757303739041e-03
-1.412004410443172264e-01
2.415247900091400945e-01
2.333211883242460039e-01
8.238591046222829006e-02
1.333537565671551184e-01
2.114152958160163964e-01
-3.225697172290262760e-01
-2.180365346251796413e-02
-9.945610165040651152e-02
2.887331027802735317e-01
5.350379249738858034e-01
1.846044627223349943e-01
1.514151486625414933e-01
-3.191242425747415901e-01
1.532323523855481651e-01
3.245126537069928929e-01
2.069614175270594048e-01
-6.446454013714637832e-02
3.749691953909332909e-02
-7.905852480279386141e-01
-2.583823759156563260e-01
-4.699021456743538439e-01
-1.712979946937242259e-01
-5.243707647322050358e-02
-5.742497644608438589e-01
2.343841602534310065e-01
-3.002134218588267123e-01
5.017823019053820888e-01
-9.259672456543259489e-02
1.958708587321044692e-01
-1.219653877208258658e-01
-1.404327769690953964e-01
-4.231384391873533324e-01
-4.458894904389372194e-01
-8.456245288485889078e-02
-2.082168229100689327e-01
1.560380771029545588e-01
1.145472457814640799e-01
-3.517404268054821204e-01
-3.151556294016316095e-01
5.047862073005970895e-01
1.063789204814136191e-01
6.205105578335569083e-01
-6.388054689341065018e-01
7.784340816399554219e-02
2.624285624389871910e-02
-1.163138991140079057e-02
-2.562493352253117918e-01
3.671828266658202361e-02
5.264238124045831843e-03
8.786840570171075004e-01
-7.022591424359894696e-02
-2.378947556309006228e-01
8.811544855012409805e-02
1.618063302461639485e-01
-1.057101258620748475e-02
1.595166300209382992e-01
-5.894470636831386501e-02
2.166880271278625869e-01
2.871672016512200748e-02
-1.920886521863585383e-01
-1.078755696132557423e-01
2.409073840548034140e-01
-4.002008481930426909e-01
1.022542152993522191e-01
3.454293039605286775e-01
-6.243099196700264697e-01
2.938986655820402527e-01
-8.254082039741558185e-01
1.881836444204352784e-03
1.753840970063867133e-01
6.410051278714222756e-01
4.587713815145805230e-01
-1.215160646885980189e-01
-5.824462227826405769e-01
-5.251932882764664967e-01
-8.427529645080540366e-01
4.243345667100361651e-01
1.153298365138467063e-01
