5.411521508295253913e-01
-8.912280441500204653e-02
5.412921261160151543e-02
-1.351458639793053362e-01
-2.191047289370922496e-02
-4.358767615054482958e-01
-4.590285589155563839e-01
1.034437178649180306e-01
2.240900696984864660e-01
-2.807939072666832958e-01
2.056184738023283665e-01
-3.015910504200945974e-01
-7.870810986083098815e-02
-9.543518070567062750e-02
3.074856755514266959e-01
2.521953437044202606e-01
1.118030569505297361e-01
-1.984585090784046491e-01
4.800754284713626974e-01
-6.500803700293769083e-01
-1.596878904210850547e-01
-1.023493285854187342e-02
-1.873610385759374164e-01
-1.616626804535468975e-03
5.453521931041873522e-02
5.237834149079847318e-02
4.488245224831950014e-02
-5.457124613595536466e-01
-2.885497857860408466e-01
4.699930820997291064e-02
-1.290690154350911112e-02
-2.493086052722346402e-01
-2.831843055981616078e-02
3.371260879083760043e-01
6.538630530638498417e-01
4.230826632501190065e-01
1.672165506785836531e-01
-2.620596142806752571e-01
-5.445173185526764881e-01
5.822682827759149138e-01
-2.229297887251010732e-02
1.065593195637750540e-01
3.045234189201114980e-02
-3.466195911208022062e-01
-5.204249006849952924e-02
1.172893274231062433e-01
-2.187971039451761524e-01
-5.104721247103993775e-01
-9.914774035190601631e-02
1.133290052275808257e-01
2.267934639811969300e-01
1.271541350462831732e-01
-5.863662451553489779e-02
-1.778824393563221140e-01
2.415479688869398844e-01
-1.926574318282128218e-01
5.594360584724494823e-01
4.274251715373357519e-02
3.952744086833397813e-02
3.551443622687542323e-01
3.502539866551870329e-01
2.903928717903901391e-01
2.895790673562901874e-01
-1.444244328429794555e-01
4.345656707656631590e-01
-1.678241015924888946e-01
2.936580231552120557e-01
-1.546519332352295495e-01
-3.360732242990696617e-01
1.681880049998742410e-01
-7.341609836837560410e-01
-4.045003944807790686e-01
-2.193621053872663595e-01
1.089267847660919247e-01
-3.115603577685346348e-01
-5.713673693560589184e-01
1.107524539741673933e-02
-1.356854720167940398e-01
-8.777123207170686725e-02
-4.166031992443588461e-01
9.622844213437327376e-02
2.622006085979493584e-01
2.931443738520800868e-01
3.787543558005573296e-01
3.607521873401712265e-01
7.390132739472189682e-02
-3.043639103638595134e-01
4.456525701865353128e-01
9.300213133738559623e-01
9.082447094905343743e-02
-2.961482372870721802e-02
2.523414796323059650e-01
-5.922150751953286774e-02
2.430933320235174055e-01
-4.277822221604590802e-01
-7.153740917463900784e-02
6.120076126125401084e-01
9.235269266266310506e-02
-1.440458666532304921e-01
8.358379464210693999e-02
3.022305010318274698e-01
1.137591431648241613e-01
2.405795292241176275e-01
-3.134550732390726790e-01
5.514119318649650658e-01
-1.474656946621533682e-01
-8.200341234591619621e-02
-4.972512118632697042e-01
2.285589059331144257e-01
-7.365060398395159580e-02
2.150931231109068087e-01
7.364242552584567003e-02
6.775200070602574454e-02
1.110387598859797070e-01
6.451285526934420478e-01
-1.510293199240138884e-01
-4.143188822539281002e-01
-5.538712470043999359e-01
-3.436641880729959242e-01
-5.171577672543293813e-01
-3.785442497681110186e-01
-6.198490037979755840e-01
-2.351124538722695334e-01
-4.024862292510457129e-01
-3.262313289160156948e-04
-1.526938131372667096e-01
-7.380555972597242498e-01
3.287389957586384082e-01
1.506387879133500585e-01
3.586646076138143568e-01
4.467008257342198752e-01
-1.215024282983802606e-01
4.146671657903726604e-01
4.718620051421612560e-01
7.003582063230814891e-02
3.580193417037457748e-01
8.541160805208888873e-02
2.223465118389483450e-02
-1.704579691815545639e-01
2.435879344770515154e-01
1.886159762335731238e-01
5.193352572215048646e-02
-5.591908960256468664e-01
4.622066900615459106e-01
5.039651997973438879e-01
-5.244100793341169853e-01
-8.393188911889033765e-02
7.018952791572202754e-02
-7.826780382230863475e-04
2.389223240758014954e-01
2.686320356067607024e-02
3.823423510339063469e-01
8.992533727183767145e-02
-9.632903001927194120e-02
7.479385078560099043e-01
-2.184424232717848691e-01
-5.114449306878691981e-02
1.389019621348170086e-01
1.562744057155049937e-01
-6.965328565449342424e-01
1.722186112076151410e-01
1.499220102006312560e-01
2.366550016006259416e-01
-2.154937975456369670e-02
-1.631121762374040385e-01
8.525530455175893418e-02
-1.410861357091177659e-01
1.909890529910711066e-01
1.189363928624398020e-01
-3.813602887439190292e-01
-5.586690929250093945e-02
-2.153113698978305901e-01
4.703819393896795376e-01
2.634342452128133338e-01
1.544493635233743778e-01
-2.326238830345492975e-02
-1.152660561662902927e-01
-2.285363841372958782e-01
-2.584924798004524793e-01
-2.824909892144262802e-01
8.027142307348072992e-02
2.763704859554060866e-01
4.901758525780905429e-02
-3.002396777175539433e-01
4.708397565606630142e-01
-3.833823979170216667e-01
7.858534838729487326e-01
-4.530427095055813425e-01
-7.378604236738717237e-02
-1.669462913694349515e-01
3.166167200912602120e-02
-4.376388160246699743e-01
8.717355855980798984e-02
-1.239180774442204813e-01
-1.540295497265612434e-01
2.292116495768000417e-01
1.327872596602600597e-01
4.072191568676246654e-01
-4.839530108825828569e-01
-1.944236714532963373e-01
1.668514661552971123e-01
1.379036629894452026e-01
-1.341537398102188999e-02
1.159195515730576942e-01
3.729728582109297363e-01
1.451507268347790591e-01
-5.195176756514876537e-01
-1.147805205074584750e-01
-1.835584371921208657e-01
6.281411350313907960e-01
-4.866211933448582605e-01
1.121839040066710119e-01
1.974798324045466125e-01
1.186994410367345903e-01
3.387914405717557531e-01
-6.573088044610361780e-02
4.560087072762661897e-01
1.267690466121497161e-01
-3.919910201033008357e-02
-5.138868334762185935e-02
6.873638374927940053e-02
3.223673335504408932e-01
-3.671831955570480921e-01
2.718728354181240009e-02
-2.345355121885781824e-01
2.318500511823189114e-02
-2.060206680718994210e-01
1.294443616356232840e-01
-1.311968069554524940e-01
-7.441992106355380110e-02
9.622027979553041122e-03
-7.387872304012051972e-01
3.825989816583282854e-01
3.208970594991114034e-01
5.071993527430590509e-01
-3.597482826298284420e-01
3.511799148629141665e-01
5.557750220073514047e-01
1.826055379526345390e-01
8.408264301936090035e-02
4.240055303331909387e-01
2.188808667105293648e-01
-1.039244005089263179e-01
5.549904291785956109e-03
-2.294234044919676082e-03
-7.082292021068067878e-02
-3.581814441504008184e-02
2.299602694548780191e-01
-4.500407830027297051e-01
-2.676655720449137577e-01
3.145669516370990793e-01
3.495731250206110530e-02
-1.534544758464805869e-01
-2.413875357145181810e-01
-1.870507835170516220e-01
-8.575105870666369090e-02
-1.650364164462554128e-01
-1.007677735688877751e-01
-3.158534433468803138e-01
8.987106154284221771e-02
-8.465261278599861550e-01
-3.220189981297945647e-01
-1.412911152528267267e-01
1.154306427821718550e-01
-3.501499464473053491e-01
