-4.301386158007518973e-02
1.623662657634490913e-01
4.592239941129992037e-02
2.020045387568250583e-01
-4.157170288253302370e-01
3.371952810975126780e-01
-1.041293098126344907e-01
-7.096771534058687880e-02
-8.082502125354158740e-02
-3.210994182780691486e-01
2.036302690878601662e-01
4.004309325474662562e-01
7.493777135443792370e-02
-1.395776770827590052e-01
1.541380653941326617e-02
-8.708506848122941901e-02
1.000652701683678869e-01
2.154386127038629972e-01
-2.694485726946699855e-01
6.952433572988607757e-01
2.176444639939044134e-01
-1.449082666858247104e-01
1.435305927006247650e-01
3.639500864553665838e-01
5.325475126246536073e-01
-8.605164091622292677e-01
3.121434863099811080e-02
-2.700426871652752275e-02
-4.492810347688992456e-01
4.997378680323880662e-01
-5.596105482423412436e-01
2.171689166508491975e-01
-1.578144164234858149e-01
6.256685853014808396e-01
-9.903557038754351449e-02
-2.169291017934807109e-01
-2.931549395094367183e-01
8.556468139850884058e-02
-1.274141724245856089e-01
-1.120255850026159600e-01
6.222712188423591695e-02
2.899189935713241129e-01
-1.281614295580408291e-01
-5.902019326519984677e-02
3.935880522236488988e-01
-4.511065931182437483e-01
2.373903168065518710e-01
-1.952482325586372691e-01
-1.730699184046153583e-01
-3.753933411324262073e-03
6.086090025083545907e-01
-3.233738010777525984e-01
-1.803485074675297006e-01
8.715558638387885249e-02
4.235014183112009722e-01
1.299706001325336979e-01
4.577847351128241371e-01
6.786791664594388207e-01
2.073738745217310886e-01
6.573027864165922884e-02
4.478081893560887927e-01
5.346341121565828525e-01
-4.220629714551057954e-02
-3.286145053401438032e-01
4.140534058743946533e-01
-4.022788726135638204e-01
3.965066459769757135e-01
-3.876655145548348336e-01
-6.706728058657086544e-01
2.905236513527584830e-01
-1.878052853771633168e-01
2.885496211789106424e-01
-2.974732391673401422e-01
-5.238330086244341599e-01
-4.599270515203990883e-01
1.404152148958219826e-01
-7.230546737168247473e-02
9.528140651729433142e-02
-4.376164607045235355e-03
1.109657990374062625e-02
1.080111048030870935e-01
3.587712989349370329e-02
2.427853141755369204e-01
6.245384045596730216e-01
-1.756339629123138679e-01
-6.372805918312279827e-02
-2.856690831824509891e-02
4.947052323998870071e-01
4.742445013402047521e-02
8.552279049952739298e-02
-6.826540925040605612e-02
-3.259128520322242539e-01
6.329033422607368564e-01
1.311030338680191643e-01
3.918581430663222939e-03
6.017336293936360603e-01
2.179446528799737770e-01
1.009164715461228490e-01
1.522930729747953571e-01
-5.551532637725942881e-03
-1.109579467740605258e-01
3.390540547327715593e-01
-1.513050384734412335e-01
-5.976380650990019694e-01
4.464738808024438232e-01
-1.591318087911458290e-01
-5.658669076119886565e-01
-1.068393838705040955e-01
-1.347862084006602457e-01
1.345176225586200980e-01
7.248211091643036452e-02
-3.138370179634133450e-01
4.253802736278557983e-01
-5.678095768592036213e-02
-2.461841794347622292e-01
1.611651864718699478e-01
-4.200742491117548383e-01
1.613114926025605578e-01
-2.146169741771010164e-01
-8.197982059965827628e-02
-5.179875192025248931e-02
-6.423955416622730841e-01
-2.412023831159125775e-01
4.298663411401719703e-01
-1.538967537223827620e-01
5.236270808533123600e-02
-5.397721588563552109e-01
1.003066299971206166e-01
-2.503575030543692820e-02
-3.243184931980884200e-01
-4.960425878834157087e-01
1.836199942177327293e-01
-2.605516600739551242e-02
-3.199932532108439864e-01
6.030686295708104216e-04
2.241116513584668346e-01
-8.193983316877705425e-01
3.290891410383422477e-01
-1.317699550951220433e-01
-2.865792709903628999e-01
9.746165605783499997e-01
-1.822019301302099936e-01
1.706213272508236289e-01
-2.124523194578212260e-02
-1.681339781479051221e-01
5.010501776439214572e-01
4.508356805692793623e-01
-1.867037161827862501e-01
4.423743079597260847e-02
2.133845020264735215e-01
8.771202020654508824e-02
2.027443072352109465e-01
-1.125730346821831596e-01
7.137990715803224639e-02
6.166466951908403660e-01
3.538827407843872508e-01
1.195053169687137345e-01
5.858775046189006463e-01
-4.935036786794811947e-01
-2.319914467228175736e-01
-6.483581895273442530e-01
3.933023924422021089e-01
1.434773792093574918e-01
-3.352640022276480170e-01
2.263885251011283489e-02
1.345146238719024598e-02
-5.258171377263362589e-02
-7.567909434437326555e-01
-1.719750796439582785e-01
-1.680478339710595181e-01
3.867721509920322154e-01
3.869743776238739746e-02
4.051296683173136182e-02
-5.922698359965146153e-01
-9.424921923336904497e-03
-9.999672430308303994e-02
-4.043432402109685131e-01
2.332194137423556357e-01
-6.412356899507711816e-01
1.553482204801046596e-01
3.798939715746178780e-02
-3.910331619626030153e-01
1.421854180501987974e-01
-1.467676411650486457e-01
-1.073785769293319481e-01
6.248668218840518207e-02
-2.611292056215029356e-01
-4.326511485384715860e-01
2.807964501159873061e-01
4.037820899583501044e-02
-2.676367056190794447e-03
-2.960455377450127989e-01
6.708453177491019437e-02
6.811849888175347534e-01
5.531388634090990131e-01
5.056729129182023497e-02
7.778453003498338181e-03
1.727661604739884060e-01
-1.194912413035031928e-01
1.658636404496368066e-01
-1.872668432156102403e-01
-3.564885153527122541e-02
-1.165113600396004423e-01
2.771940570531922221e-01
2.762277732334575964e-01
-7.593675399575717799e-01
-1.872967077483180531e-01
-1.487185124578350170e-01
-5.956145124030489679e-01
1.425579895388943696e-01
-1.287286920322723016e-01
-1.505165850363712754e-01
9.109541338283844158e-02
-2.984778194876778201e-01
4.071120716408896389e-02
-7.135780954111953234e-02
-8.714788658888879269e-02
3.765353417813770420e-01
8.059065613548939133e-01
4.211275307816658153e-01
3.135527723867718164e-01
-1.047893880189621207e-01
-3.051725031940183408e-02
2.427564992420114254e-02
-3.945656583705908771e-01
-1.395877888835293790e-01
-5.047003912613532428e-01
-3.179904289273021711e-01
1.184326444917287169e-02
7.736488022192525293e-02
6.263909000097779567e-02
1.928524003187125635e-01
5.669808853819705563e-01
-2.373974951058032135e-01
-2.429414647385060022e-02
-2.461859364350761081e-01
1.396728442830466876e-01
-2.470423264324476953e-02
-1.592408884417162995e-01
-2.531746974195089872e-01
9.885366543996430833e-02
5.396138820176301643e-01
-4.243095629690641357e-01
-1.402194418488959815e-01
4.844080241127635689e-01
4.861723417569231709e-02
-6.877142927563617558e-01
4.711427395841965571e-01
8.768722697588364756e-01
8.108516489757792156e-01
7.891654476630102777e-02
2.580291792753638402e-01
3.112953419987796733e-01
4.428478125225029371e-01
2.702773376482740450e-02
-1.041306750535561654e-01
-1.901875149588953540e-01
4.141686417543339327e-01
3.177163413889674132e-02
-3.001969459789335937e-01
-3.213891939064834613e-01
1.177037069565149974e-01
-3.210804200288199239e-01
-1.402567301320273851e-01
3.599226183570656268e-01
