-1.613835800596060688e-01
1.384974466424082618e-01
3.954712711329390062e-01
2.209276718336910805e-01
-3.109400620609252264e-01
3.243807610374352390e-01
-1.996107270803427758e-01
-9.054493807949304252e-02
-8.477666271038591939e-02
2.935246488873591297e-01
2.401372527874908736e-01
2.491041841633415410e-01
-8.575488982230532187e-02
-2.027424875616322397e-01
-8.649941854671704122e-02
-1.545765382302606017e-01
7.492384763686618654e-02
1.928919834059532046e-01
-3.745590615845168642e-02
7.494446390083137066e-01
1.765029076934141183e-01
-2.718883568513900673e-01
2.177248706465460121e-02
3.634601504165776986e-01
4.795472833174783123e-01
-8.856541807756012075e-01
5.013344689315428482e-02
-5.493197888023186592e-02
-1.777426013907915103e-01
4.632067201276764412e-01
-1.996710283685952381e-01
1.636154940654783729e-01
1.889161186668647241e-01
6.644048311475230228e-01
-1.227415418495634708e-01
-9.744314711057756873e-02
3.900478736515973488e-02
1.080653657131536022e-01
-2.342936484261712027e-01
-2.864483924670018777e-01
6.427238469727739045e-02
3.672015110394770132e-01
-2.549190633113636029e-01
-5.923488426493914161e-02
3.091839362826192539e-01
-4.119798324673767942e-01
1.829442084528078161e-01
-2.005824513802832720e-01
-2.772979974879519749e-01
1.253657736031473791e-01
6.167455179986803815e-01
-3.411913556614129539e-01
-1.854840188627473185e-01
8.257527519837036534e-02
3.093035548025717674e-01
7.058964750959904888e-02
1.667676862413173255e-01
6.104220577336821885e-01
2.946379289883241381e-01
-1.187280576336478544e-01
4.251091858795404410e-01
-2.094015845623860839e-01
-5.045743216654386548e-02
-2.927665752845252101e-01
-3.161845639531043473e-01
4.901428891043559943e-01
3.777558512471068664e-01
-2.017291563505728136e-01
-5.173215146793060937e-01
3.016553922043943015e-01
-1.782987810846230758e-01
3.579220359029658960e-01
-3.116754155157400175e-01
-1.000000000000000000e+00
-2.825430757210939392e-01
1.805548136164565332e-01
-4.267786851859832475e-02
-5.287923356238852790e-01
-2.860464427986886965e-02
-1.119320041540909083e-01
-2.206202392330046044e-03
5.576281423520862424e-02
2.060420800046509626e-01
6.245384045596730216e-01
-1.858765144895410948e-01
-1.539092732553782039e-01
-1.200061880345890120e-01
3.720290043156533333e-01
1.043052982273783291e-01
1.953588740917299726e-01
5.956480928820397092e-02
-3.406974619483024713e-01
6.076076754462136353e-01
-2.034712772040388751e-01
-6.693423305502620158e-02
5.488554908373706187e-01
2.041193241816080806e-01
-5.542373121108144091e-02
2.146661488654602601e-01
-1.215229805896138743e-01
-5.174581674203728582e-02
9.436625573141771417e-02
-1.598372493891094537e-01
-6.488372700025474282e-01
4.035779792017618051e-01
-1.349512932969663126e-01
-5.904915865939391884e-01
-6.716787934550751127e-02
-1.737559191567909500e-01
1.638212985899928364e-01
2.152781788402072516e-01
1.054324421337742845e-01
3.475609549856794600e-01
-2.208359197584973746e-02
-1.713165866592931963e-01
-4.016345462678891365e-02
-4.465410585244792840e-01
9.503658194334332898e-02
-2.000379999632340144e-01
2.638860368205293017e-01
-2.038185411794206370e-02
-6.156296608738933696e-01
4.778368589490437635e-01
-5.878602457800354841e-01
-3.231250009676114310e-01
1.786354815063752599e-01
-4.594949555963354637e-01
1.438493860956905623e-01
-7.750161415877500348e-02
-3.310096896834051061e-01
-4.583274516471485538e-01
1.897612618714033250e-01
5.809703245322235254e-01
-3.346537189708912452e-01
5.374033438028347209e-01
3.902858745878563518e-01
-7.066363489953896293e-01
-4.854307888552030770e-01
-1.106126832298540141e-02
-2.695769488897765687e-01
1.000000000000000000e+00
-1.000798356323049365e-01
-7.380408916888554494e-01
-1.278601689070422986e-01
4.319092830238963066e-01
4.641796716688364466e-01
-5.393887097819354166e-03
-1.386631572425838788e-01
-6.335576146128349961e-01
3.826635386903379232e-01
1.559072771236316990e-01
1.974098857560344367e-01
-1.540058656593322195e-01
7.137990715803224639e-02
6.002067165735575083e-01
3.538827407843872508e-01
6.302507904475600220e-02
5.779279228817050251e-01
-5.342727988506976722e-01
1.319201459113392150e-01
-6.008164456923634766e-01
1.889661451344298859e-01
5.593084665443939091e-02
-2.588461677381322934e-01
-1.055278058048791379e-01
-1.987329115603896079e-01
-1.585426679858929072e-02
-7.099095115837936731e-01
-2.377838275076756547e-01
-3.996331298654644537e-01
-2.473436084775022248e-01
4.053519936991090145e-01
-6.678344640143263344e-02
-6.013036263019193584e-01
-4.941957540969998258e-02
7.919516016750911547e-01
-2.721192776536880409e-01
-4.354746377722923389e-01
-6.142269457196162241e-01
1.817118734156061843e-01
-2.996115337926261862e-02
-3.652601472985622655e-01
-3.261940817785036889e-02
-7.339915005661691583e-02
-1.796437074970339345e-02
1.116774370767132513e-02
-2.968445163159977862e-01
-4.516624437955147897e-01
2.763109517708010610e-01
2.042227934107253839e-01
-7.110707772235208557e-02
-3.403677409125887010e-01
1.765373147864774672e-01
6.339386197934377964e-01
5.106823768006062414e-01
-2.477882931653937471e-01
-4.365843479036711217e-01
2.010981036893536578e-01
-2.130031268869981009e-01
1.237805283158004699e-01
1.967890560964588309e-01
-8.489772509856052807e-02
-3.477671585428452894e-01
1.767662038170833838e-01
1.599989838513414253e-01
-8.313735913667538169e-01
1.276341171646317718e-01
-1.397002919070804428e-01
-5.340721295148840309e-01
2.324483133461375250e-01
-6.942243885055662256e-01
-8.470640921085427488e-02
1.590560330453629490e-01
9.142557927101460646e-02
1.681874835776200616e-01
-2.131894037367071740e-02
2.988377456809003241e-01
3.615976370888112079e-01
8.232044835878077338e-01
4.026691125606115529e-01
2.241316489984740423e-01
-1.894101433601366458e-01
7.438608507969357575e-02
-3.694135978617432703e-02
-3.473107790870265110e-01
-9.231314908196001923e-02
-5.619403785404655238e-01
-2.543705865384107145e-01
1.614548570972348385e-01
4.963949805335229892e-02
-8.659793684676750022e-03
-8.605398540679498609e-02
5.783929514357148971e-01
4.237652459265103810e-02
-2.897771218550294209e-02
-2.766364571647919601e-01
1.531662052346635661e-01
2.300940265170837995e-03
-2.947188094255537988e-02
-3.186509406056037830e-01
8.630955681759590326e-02
4.853403938148539987e-01
-1.445222398358168847e-03
-4.173672987993960748e-02
5.130623515621788311e-01
-1.231348874405641391e-01
-6.592809160114866396e-01
5.208321964933095849e-01
8.258419684375166714e-01
9.263066267347292992e-01
1.327541448539064639e-01
3.115490692960415364e-01
3.200542833174505608e-01
4.314316111834412548e-01
5.069586053875330123e-02
-7.007833308159286401e-02
-1.071681138144718048e-01
4.069398630317264676e-01
4.969198418954470092e-02
-2.732740199411701210e-01
-7.565926472852248230e-02
1.159773186870163980e-01
-1.955770064290159316e-01
-2.065215298545356737e-01
3.691535065529690240e-01
