-1.803372999530098719e-01
1.530982748323515275e-01
4.033831702304403743e-03
-6.285188260861517273e-01
-2.625879761026103099e-01
2.979487420768931472e-01
-2.815836474316041338e-01
-3.385656682627588565e-02
-5.180261255211671828e-02
2.635896997148846899e-02
2.745827663534953222e-01
3.311524642485155767e-01
2.172967585330013995e-01
-2.663407909263701412e-01
3.286022636938394637e-02
-1.687182034816278875e-01
2.342977621527108090e-01
2.767034368742972705e-01
-4.090848428271216530e-01
-4.074124303177454887e-01
1.733572228399749282e-01
-3.136716202886644655e-01
3.768946422911367833e-02
4.096731447467583109e-01
4.373812401872081423e-01
1.076032742710274492e-01
5.837509677179032741e-02
-8.641301906437502678e-02
3.691982184262284084e-01
4.770155460605912112e-01
-5.673964946530115627e-01
2.252228547474291742e-01
-1.549467119996339459e-01
2.808147827532668783e-01
-1.896772139686500602e-01
-2.167809808129426974e-01
-8.570823607508532005e-02
1.743405519563958894e-01
-7.125632378212481965e-02
1.751937479935801456e-02
-7.468790833752458891e-03
5.676295399732399494e-01
-3.857401421029500455e-01
-3.188316143777893408e-01
3.106448132407344520e-01
-5.023344578907191771e-01
1.531994340066521465e-01
2.689982752465931437e-01
-1.419240622285113385e-01
1.066335369068703715e-01
7.365617066913582311e-01
-3.578207566242812554e-01
-2.596861035560365516e-01
7.748154609686611072e-02
4.455998681760857671e-01
1.999789458780785734e-01
2.854736570567064091e-01
6.289987794707322388e-01
4.377325615866671793e-01
1.177722517337152774e-02
4.587645935581082801e-01
-2.327777464499274362e-01
-8.129753575444256808e-02
-3.953647822975708825e-01
3.250128335000089241e-01
4.768920612598851472e-01
3.739631436160916200e-01
-4.459592275130082051e-01
-6.514758179917826131e-02
3.167976784962306391e-01
-2.238363219198143128e-01
4.863118259995698467e-01
-3.362309119406233227e-01
-8.846343667053951920e-01
-4.499187928132924452e-01
1.497171917254338513e-01
9.062650401139436124e-03
1.342626611694446581e-01
-9.843695040984340450e-02
7.058464350865310821e-02
-3.324877943770718214e-03
8.883670791121053845e-02
2.671482355654863361e-01
6.281934653476408670e-01
-2.169857819112167296e-01
1.663904615893420369e-01
-1.364026177103190400e-02
2.421188262677230196e-01
-4.655005510060717944e-01
2.484164727920336047e-01
-9.150334453799152667e-02
-2.932151568070138214e-01
5.329519710729686555e-01
1.187363350620796731e-01
-2.724324625980496101e-02
5.007428391982069460e-01
5.852857092686066798e-01
3.635591529108787162e-02
2.341369895501017040e-01
-4.034858578862079437e-01
-4.564234336964703709e-02
2.699027190257530240e-01
-1.237417275041826081e-01
2.757276973440540568e-01
4.144304485023266871e-01
-9.924484687875977096e-02
-5.138953563524413237e-01
2.965747654971560010e-01
-2.186042902645258801e-01
1.565255697898393084e-01
2.336239661532431844e-01
-4.515237259458745323e-01
3.952341730096467498e-01
-2.137585474700799126e-01
-1.607593682288333825e-01
6.890299168991488588e-02
-4.601765689664968906e-01
1.232950117379851829e-01
-2.169567190260691114e-01
-5.966608256174876779e-02
-1.364496141640699975e-02
-5.159684737045334701e-01
4.857380540102954614e-01
-6.361195460049380301e-01
-3.902366272402490455e-01
1.134977339700445065e-01
-4.972095802053684288e-01
1.013898462357410574e-01
-1.004751832543696738e-01
-2.703699355278114669e-01
-5.240355641170493239e-01
1.629425760747648111e-01
5.859223875550854110e-01
-3.289394975059381498e-01
6.599065260676213462e-01
-2.185415266853901750e-01
-7.580012263778109771e-01
1.943801834565720421e-01
-1.320348786504825511e-01
-2.575589412657489641e-01
9.100093274460731019e-01
-1.568926607329823586e-01
-6.796959231791358524e-01
1.984535048105598443e-03
5.435991013938130945e-02
4.964997625256201697e-01
-7.622897836872857824e-02
-9.752775655193897386e-02
-4.172774638293546556e-01
-7.604576005754087875e-02
-4.164833911572970310e-02
1.952816372112811671e-02
-1.372175199699500747e-01
4.195087652813436763e-02
6.304857136463251077e-01
4.510211827627538250e-01
-1.145008223341498627e-01
6.114924037237703391e-01
-5.701067789227564075e-01
1.165169050480099194e-01
-6.737624292615715937e-01
-2.638972136203686647e-01
2.022339294943811816e-01
-3.649734783550375727e-01
-1.353526605977308228e-01
-1.700006780537060280e-01
-1.375861990239250071e-02
2.267781806681783419e-01
-2.225859296743588345e-01
-1.541866263799260284e-01
4.066821893113833353e-01
4.280997063047077278e-01
-5.889799392361515923e-02
-5.841596626133012116e-01
7.003840893778416621e-03
2.520335333742114159e-01
-3.515531559818831919e-01
8.206934184774740404e-02
-6.142269457196162241e-01
6.252428688534278356e-02
4.723745247794845781e-02
-2.492311291280448760e-01
-5.798365152552526630e-02
-8.339198870119612916e-02
-6.306690020275568243e-02
7.744497245545245434e-02
-2.158870783942991589e-01
-3.699832386809075446e-01
3.698211836683570342e-01
5.592481391444099892e-02
-5.808526254538595723e-02
-2.640516101111016756e-01
1.731946717234374433e-01
6.370453498552881566e-01
4.099112054313920339e-01
-3.380779873286363646e-01
9.187146171591158150e-02
1.741110591380820583e-01
-1.928637028582966262e-01
1.380563937134957619e-01
-2.169214262085835954e-01
-1.465820364042166313e-01
-4.245368654646266005e-01
-1.071878031804120723e-01
1.382120520545810360e-01
-7.630380836209357254e-01
-9.764961302985929181e-02
-2.225018330942673261e-01
-5.563918392100241084e-01
5.592492790139085707e-02
-3.163151769782196476e-02
-1.419550783578948927e-01
1.596161687878822899e-01
1.585430245458515144e-02
5.258178442550667797e-02
-3.349782085043131324e-02
-1.229824913488641452e-01
4.020266987503051670e-01
-2.561062320963821901e-02
2.711208878499609676e-01
3.175745210239239169e-01
-1.044424519813160201e-01
1.289365726133386708e-02
-1.916831591976634053e-01
-4.443877588566260139e-01
9.476100272017054515e-02
5.374353871849804065e-01
-2.189460151357229267e-01
2.732297287420781817e-02
-1.147465108660383065e-02
1.041992518785504751e-01
1.011612879090432494e-02
5.869251784619395895e-01
-5.945316421333346479e-02
-9.286830784775619574e-02
-3.960126131341105138e-01
6.218267377016320485e-02
7.156712067046630543e-02
1.802058096596019857e-03
-1.909861207833796204e-01
1.388402284720652857e-01
4.214818304400319571e-01
-4.414673433368733746e-01
-1.562545211666132583e-01
6.223274590077751967e-01
-4.579842311242756162e-03
-6.765876785215415579e-01
4.058678320539935713e-01
8.142672517249899267e-01
9.062967370919046139e-01
1.552612195722068988e-01
2.181244145391206535e-01
2.511016948971646623e-01
4.912595763279415939e-01
4.999530286176158411e-02
-7.781066450056471628e-02
-2.301713180019656080e-01
2.316276658842194303e-01
-3.021738017379691499e-01
-1.414608716040261782e-01
-2.362026930615721276e-01
-3.506683238259369340e-01
-1.557265950329469462e-01
6.042082308537722879e-01
3.993982536046487009e-01
