-4.559453404851964153e-01
2.139104041834858638e-01
2.652104901288122041e-01
-3.447618636824050786e-01
-2.579084948061543536e-01
4.808427779969007450e-03
-6.163170256167022076e-02
5.083083298908940284e-01
-2.602635551196458841e-01
3.652130077031542216e-02
-2.083484133407750849e-01
-3.534806959633326473e-01
4.115448867320146698e-01
1.434246011752826067e-01
-5.240096220654667514e-01
-2.102182357025713169e-02
-3.642710101854311211e-01
-8.102289408657863123e-02
1.730192074747959607e-01
-1.255334467070906845e-01
3.700313245036655485e-01
3.267511777642591597e-01
3.616191022844110203e-01
-2.374108283063837768e-02
-2.563193358592667503e-01
4.744778890057824161e-03
-6.146755164681290129e-01
7.438450280895307631e-02
-5.072816509192633605e-01
1.111489378627739250e-01
-1.281879076408009577e-01
-2.033772973478345236e-01
-1.776273336313965168e-01
-2.119407159427348086e-01
-2.133870698862717907e-01
-3.169932613269465516e-01
5.802845190317298396e-01
-4.045432945949046372e-02
-1.455586293697435640e-01
-1.384163361598539192e-02
-1.898976023115997447e-02
-4.644236065167026140e-01
-6.198721267547044333e-02
-9.500998288553412496e-02
1.934427784796516891e-01
-1.242231143557601530e-01
1.835004469691118301e-01
4.819341133984093029e-01
3.475455978850885974e-01
5.709466555740058125e-01
3.511639271755622738e-01
-3.411568925849899347e-01
-1.929651011067824440e-01
-2.019665931136763459e-01
1.269748216822716436e-01
2.858791487847291424e-01
-2.730695826094221013e-01
-4.567434509980183854e-01
3.823675751238534426e-01
-5.341964803533593570e-02
-5.903508798571247551e-01
3.699509710258860329e-01
-2.409332722145597072e-01
4.413463842313133240e-02
4.359506749166348616e-01
-5.423529802175974801e-01
1.723865620450193703e-01
2.663293353842475786e-01
-5.222469350494378382e-02
-5.238306286202499412e-02
-3.157165553381173773e-01
2.097826944653014281e-01
-2.454160482024909107e-01
2.135237273944452785e-01
-1.693614476919182155e-01
-5.040675132501680755e-01
1.922717582349472154e-01
-4.701375316140342098e-01
3.927446809214468204e-01
-9.935961621731576043e-02
1.453386303509311174e-02
5.753111079148217483e-02
-4.623895390589765064e-01
1.046658206800087781e-01
-1.308708732993049406e-01
-1.124826049821686935e-01
6.121388746546155835e-01
-4.500039650161041793e-01
5.783728346043792712e-01
-2.265257166002834777e-01
2.709597497757363915e-01
3.796682764635123664e-01
-4.024204816136978807e-02
-1.535400115425093470e-01
5.907865833451203530e-01
-2.101039711866358461e-01
-4.308003967993040972e-01
1.345937167168692909e-03
-4.223807316649036414e-01
-1.392370509875668350e-01
8.367805363848977995e-01
2.652265137186780031e-01
2.570865289147631835e-02
-2.185600606629401199e-01
3.025392769051533093e-01
2.874338612210642907e-01
-2.269305974472310972e-01
-1.166128716046454933e-01
1.442531841287581634e-03
1.736665650676325404e-02
-2.668978765201804326e-02
1.715306638090068891e-01
2.845049873296734977e-01
-3.082303659898672499e-01
-5.929259272583075058e-01
6.749574075181787869e-01
4.124156322438692346e-01
1.786933945708231442e-01
-4.805034965230786104e-01
8.194643691037628574e-02
6.970592371345278593e-02
7.960713707920935578e-02
-6.012462589790096290e-01
1.079265544877542338e-01
-6.003578137236812440e-01
-2.574776829209212137e-01
6.543120890842284154e-02
-7.933521545705439493e-02
4.021550547450615243e-01
9.506449417996380713e-02
2.067866916582767611e-01
2.887646078848091213e-01
5.984461220839613210e-02
-4.297905547975124779e-02
-4.035446356608102803e-01
-8.859798916919932321e-02
-2.960745068048877271e-01
-3.688288614010174493e-01
3.502891087369127687e-01
-4.937136879530437672e-01
8.670238750251584026e-02
1.263296034907733789e-01
-1.360158422889764553e-02
-3.059060371366552067e-01
7.328531776201685499e-02
4.672857812375705855e-01
-4.154961149617125149e-01
5.140454211866969381e-01
3.889405895224795628e-01
2.945497931350643528e-01
-3.546869555026634369e-01
2.820164483414064893e-01
5.380307875845254939e-01
4.346473549910976897e-01
-5.812095517626943153e-02
4.921036292388804301e-02
-4.785751247748500914e-01
-7.192744297035627565e-02
5.734701279693494858e-01
-8.089937020703190373e-02
-4.942721174975528431e-01
-4.782344950261262911e-02
6.521003511731852942e-02
1.232113584597255701e-01
-1.910708546108505837e-02
3.337003327383488704e-01
2.225060837294958183e-01
-1.936263737099213483e-02
2.276265733966655880e-01
2.034082165800580114e-02
-1.588885229647325065e-02
1.911459154157006124e-01
2.068853586833128699e-01
6.319010105373946695e-01
1.729798986177469577e-01
3.430162874715654842e-01
1.829203955577963017e-02
4.924249067366925220e-02
-4.458708754185079087e-02
2.098865150800947876e-01
3.988453053245251123e-01
-6.298118669295606209e-02
-2.480681400163118472e-02
2.481105860525459617e-01
-3.958501742901173737e-01
-8.570148812002172101e-02
1.874661538837094354e-01
-4.114394757531404934e-01
2.487692702675173562e-01
-1.344103729335768271e-01
3.487303452291393713e-01
5.478338038231185259e-01
-6.881872380520979993e-02
-8.250762739960273984e-02
3.521976133210414917e-01
-1.161623803955282586e-01
-1.031019082667514325e-01
1.448716122199484313e-01
-9.954825506122315648e-01
-1.425234112382773866e-01
2.882795011445129507e-01
6.995648707923017851e-01
-3.440973732537971896e-01
1.834693064744859770e-01
-4.046255886410596303e-01
-9.878866448375174525e-02
1.910945849473285052e-01
-7.525541754884819134e-01
4.122123044042148576e-01
-8.043396099897848206e-02
-2.202451809243058112e-01
2.001497043085768979e-01
2.713077201898523860e-01
-2.284677777059335169e-01
-4.738128470280289495e-01
6.749579299817598521e-01
-2.239081583356360150e-01
1.017660419107643266e-01
-3.527405726211325920e-02
-4.422877327510409962e-01
-7.573766017292159203e-02
2.310356863474763711e-01
2.941503634479586959e-01
-3.425906683232385896e-01
4.839325077164059463e-01
-8.551834345620169808e-02
-2.208772118691183783e-01
6.733983133006190558e-01
2.195201124901294820e-01
-4.205473724182364759e-01
6.126929458517130916e-02
1.641583113815141548e-01
3.075556507972718179e-02
-1.228274950824446432e-01
4.415482675688225944e-01
-4.067598860441419273e-01
6.215497553504474304e-01
2.872352269054360696e-01
-2.520083588872266966e-02
1.489757084490397621e-01
6.969378507247846188e-02
-4.436325477206455870e-01
3.240187001109667841e-01
4.909531501021647815e-01
-7.748931297254634254e-01
-2.965323587190258348e-01
-4.374112669172274814e-01
1.105092417927023701e-01
1.179214515788565426e-01
1.275528719873871564e-01
1.723164932971070762e-01
2.046770070574465417e-01
4.032759304545607271e-01
4.966763624625190193e-02
2.187567870245615831e-02
1.673719142045790587e-01
-5.107254276101517165e-01
-4.194909465531657111e-01
-1.135736454064711354e-01
1.282037962833861566e-01
2.513483595990891328e-01
-4.187527359101259616e-01
5.684573080975179049e-02
-9.847697163995534630e-01
6.978666218704321356e-01
