-2.155978940808262259e-02
-3.646342019483806429e-01
3.044960354921132789e-02
2.319050971540726203e-01
4.263380278263558254e-01
2.255350006444884203e-01
2.532721139558745116e-01
2.053244776172198638e-01
8.279976336100226542e-01
-7.329135136012044915e-01
1.510727344318659737e-01
-2.889514738637684599e-01
1.224259450664764159e-01
1.177387575244626290e-02
3.911418586389457386e-01
-4.095506900710568776e-02
4.015527537933065438e-02
3.146739882639990049e-02
6.422920491375413432e-01
-4.294195307858342248e-01
2.755093557530581272e-01
1.041680127289665025e-01
-3.349551481022339794e-01
3.373136358018579140e-01
-1.140668018426397867e-01
1.531758236215576552e-01
-1.455616075744349258e-01
-6.198491424703609365e-01
7.667172758058085624e-02
-1.970597550330466796e-01
-2.635684784068008102e-01
-3.122831964934083201e-02
4.470847854146317579e-01
-5.548850232217897860e-01
-4.048938944388814215e-02
3.729259752578362175e-01
-2.056135850925875641e-01
-1.099182274030091194e-01
-3.062113313791716140e-01
4.157819144047479321e-01
-1.590012154569812042e-01
1.259815909208030771e-01
-4.770193741964011691e-01
5.455479262628024073e-02
1.476807177500216450e-01
1.222882634658154465e-02
9.925469652667313625e-01
-2.024421319660023311e-01
1.876991731962275936e-02
2.683228050960823619e-01
-4.512302484963218729e-01
-2.308862950842440753e-01
-3.009490361062540087e-01
2.986215639337139183e-01
8.669067303470982810e-02
-6.867483756979564369e-02
-5.182791239431074753e-02
2.540919007423634302e-01
-4.150426546104850067e-01
-2.361533961564815653e-01
-1.737529150255409313e-02
-2.049059206258149468e-01
-3.041395787450432153e-02
4.476821432076531077e-02
2.077332114438779354e-01
1.959039516016649329e-01
-4.709129666486496467e-03
-2.060971165808180572e-01
5.398628177954810647e-01
5.293320872083970285e-02
2.649865175882807136e-02
-4.090250889877367763e-02
6.046450959427164262e-01
-2.959570054716260668e-01
-9.541397721525410325e-02
2.020105356880135539e-01
-2.007191600310982704e-01
7.194409698267935360e-03
-1.961900464098063068e-01
-1.992336371419800578e-01
-4.928766830900246365e-01
1.962372388473355433e-01
-4.152036851248681604e-01
4.030753178841160467e-01
-1.169461302379284501e-01
-4.650564022082359639e-02
1.237414590197405823e-01
-1.030255222457367031e-01
6.056879520707012660e-02
4.615439216958944213e-02
2.802520007490355569e-01
-2.991491842061274053e-01
-2.460329345426789244e-02
3.305949601097469409e-02
-6.529134550866096953e-01
3.653357592338191129e-01
-2.153900222937232822e-01
6.913531616904358135e-01
-2.522204072362303484e-01
4.452418380730446268e-01
3.938106584616425931e-01
-4.112984512154554961e-01
-5.060318197918412669e-02
-1.000000000000000000e+00
-2.434400764093468394e-01
-2.389597337160757062e-01
2.717568770113223398e-01
1.881243116579728036e-01
-3.717830998976069945e-01
-2.354456099171140515e-01
4.263048004534720214e-01
1.734570715771575344e-01
3.097184089389582451e-01
-1.554703680579507530e-01
2.301617341697290708e-01
-2.251936523321036443e-01
-2.528187684863681395e-01
-4.294894682687768195e-01
1.159541296791655463e-01
-1.111960107485454041e-01
1.980283948795871773e-01
-2.331176358711727903e-01
-4.246237967224705812e-02
1.207060328843203162e-01
1.105356560146186079e-01
1.162735964130679339e-01
1.784185926636225050e-01
-2.156174047268245575e-01
1.505475794751784668e-01
-4.633624993412043258e-01
-2.646439898527732162e-02
4.774810596924398132e-01
-2.448356768126081218e-01
1.850475330864098933e-01
-1.127132802367565023e-01
-1.666013667852249414e-01
9.371147377650478061e-02
-6.220530549462900682e-03
2.142560624103050371e-01
-1.384514527419159202e-01
1.307958395034055366e-01
2.233978648819020807e-01
-1.341408013125170717e-01
-5.304967452607728395e-01
3.938054135579205917e-01
5.261781567866193887e-01
2.454646101414981740e-01
-1.887311182402381937e-01
-2.546271149468867963e-03
7.704169050458441470e-01
-2.442193734012914896e-01
-1.801087707876918020e-01
2.376991726132162142e-01
6.614355812133303480e-01
2.606660023572848761e-01
2.592492731402122330e-01
2.041932886685521309e-01
2.666324258013953816e-03
5.796508130788644714e-02
1.897053843445542162e-02
8.486643507484618876e-03
1.111936861212078909e-01
-1.833919645567425039e-01
1.116586688567001578e-01
-8.104401033648792052e-02
-2.418990461779632339e-01
1.876260849086928695e-01
-1.390644529416936448e-01
-2.920242926962829944e-01
4.125940076092228792e-01
5.551074099871686901e-02
3.626518595265638689e-01
6.275850375778355139e-02
1.922063318379725605e-01
-2.126070429468433776e-01
-1.556343989095521352e-01
-7.318286719439727472e-02
9.961789338444668185e-02
2.059247958831485481e-01
1.582146797640230640e-01
3.673442275303787086e-01
1.933753900781857993e-01
6.344132405825732290e-02
-2.717161267532082203e-01
-4.046520134873912156e-01
-9.774843181822240323e-02
2.399972225226179590e-01
-6.443038845015279792e-01
-2.674026957423559780e-01
2.465902799718319161e-01
2.635521729108969979e-01
-9.610402717131150130e-02
1.913420577078616888e-02
-4.435360132296403690e-01
-2.494638373925572028e-01
8.303961814621638182e-02
2.409634975218418462e-01
6.081516931658025316e-01
-5.243593497203012932e-01
-9.200183281024543192e-02
8.166511579944026392e-03
3.417785425919824260e-01
-2.320589211935838170e-01
-3.691177387425761403e-01
5.415594317649544687e-01
2.829118614970315207e-02
-1.946548498094756996e-01
3.211391534633444012e-02
-8.244295598404476066e-02
9.132946735020748552e-02
3.335041103906792315e-01
4.580837063537766818e-02
-7.532931479516145890e-02
-8.297846859449059531e-02
-1.399767112140143932e-01
-3.790388743464012666e-01
-2.511042499089641278e-01
-2.504796717137511841e-01
8.091152013447912017e-01
4.986800833034494285e-01
4.068344449831469145e-01
-2.732580195716849403e-01
3.687736332730635613e-01
-4.325684803393381461e-02
8.537707974882681183e-01
-5.112214611748086002e-01
4.325095269977364265e-01
3.493970304074640043e-01
-1.710128701424464825e-01
-2.790554127142756968e-01
1.938829144772185598e-01
1.483826987592462288e-01
1.233479270385461346e-01
-3.775119304511487806e-01
6.978708090592516955e-01
6.937980221607380205e-02
-8.469114448838367323e-03
-1.388977067944306698e-01
2.357275260655704308e-01
6.066687913749505556e-01
-3.630700373053398766e-01
1.701182453304234676e-01
1.358592896945959583e-01
-1.950430527672755432e-01
6.734180225136947306e-02
-3.794444244116764176e-01
-1.483301478833575771e-01
-1.914180146798651061e-01
2.109404943270258015e-01
7.341378365831356945e-01
-1.259505467167926218e-01
-1.650012692740057130e-01
-2.016624870673330017e-01
6.702383496063837875e-02
-6.680265156639471347e-02
9.228330859975905631e-02
4.764859462488501007e-01
6.122648851042944429e-02
4.817208920725231207e-03
2.223095950591595371e-01
-2.231606408057933144e-01
1.074224808926705216e-01
-1.716561156315244210e-02
-3.032148867152292260e-01
-1.325585841472662896e-01
