-6.084476064303767640e-01
-5.169808629567716751e-02
-8.426224227957164470e-02
3.999695897729322325e-01
9.658484642862374958e-02
3.830123949095292635e-01
-7.184680261671241297e-01
-5.388822259631915745e-01
9.402478640733515081e-02
7.362812117775183185e-02
-5.350529919126849332e-02
5.378558322307527284e-01
7.627114979240484649e-04
3.476237658177248613e-01
-2.332453055045684565e-01
1.160290825985348939e-01
-4.226912119676911606e-01
-4.016182449400277493e-03
1.562612372540654881e-01
9.228551304139025191e-02
7.409955711841517689e-02
-4.621034240992381026e-01
9.925770319129868791e-03
-3.033746359121257674e-01
-2.785566889794370282e-01
7.125807027592033494e-02
8.996185060503401887e-02
-4.310721287570568050e-01
-1.999198280680399564e-01
5.209189287373760385e-02
-4.357101382647095011e-01
3.773168188338847373e-01
3.553114979885770852e-01
5.509652721961751931e-01
1.863546188896992861e-01
-1.084581112885692478e-01
-1.785293343532881327e-01
2.197740860986415259e-02
5.652558961587003106e-01
4.750049980681750883e-01
-2.405304644712175921e-01
2.935538737849012758e-01
-2.132062247190769644e-01
1.438841675527025854e-01
1.703808571837854835e-01
-6.384148925035697253e-02
-7.657875592618759719e-02
2.734743421108270511e-01
3.511059872030145024e-01
-4.444322315647056959e-02
2.387108835055190559e-01
9.195787528593735161e-03
-7.311219352259595849e-02
-5.324502009960787596e-01
-3.169785095165982697e-02
2.105061026022361781e-01
-2.738139986490412681e-01
-5.142972649160713061e-01
-8.827583790494576699e-02
-2.578703756874760056e-01
-3.079464328784076166e-01
-3.061060993145310882e-01
1.382612795102745318e-01
-3.728123754704770199e-01
1.540555104312753623e-02
-9.039483724199351422e-02
-4.835007636070576958e-02
3.599228309517102375e-01
-8.908464801401735911e-02
-3.104507986089407590e-01
5.822709567124231267e-01
-7.380587988995795934e-03
-3.871165400304642512e-01
-7.738445559025961540e-01
-3.171552575834354903e-01
2.415124796710705624e-01
-3.783206049055682918e-01
-2.951134752050441068e-01
-2.676439367537215008e-01
-3.377793670071904120e-01
-3.623309995956012775e-01
-4.342346400554363273e-01
5.641720653380846162e-01
-6.344062349444810067e-01
-2.855352342739759797e-01
1.384402089538071534e-01
-1.284338086901183965e-02
-5.387897073972069961e-01
-1.209201453906290358e-01
3.567381669808763339e-02
-2.614360801085509056e-01
1.943798722508660037e-01
4.951253056233049232e-01
-2.309470884566477422e-01
1.670806219476997645e-01
-2.056455581027329949e-01
-6.936308503539267978e-03
1.791981213250083971e-01
5.129163869705593432e-02
2.592516913758363684e-01
5.316414889795901821e-01
-1.590848472866891461e-01
4.832001596476695471e-02
5.630630919455686945e-01
-5.794385343475194627e-01
8.891734063666142940e-02
4.995762819115385223e-01
-8.547546071772224932e-03
7.273136182130234863e-03
1.468161695669595868e-01
-4.750786463464959919e-01
3.534642537463493772e-01
-3.647065036706140795e-01
4.002571431159637205e-01
-3.453277470617122091e-01
-5.062190309774264874e-01
-1.458561710524160226e-01
5.877990580299088386e-01
-3.618798166231377289e-01
5.621470447607166548e-03
2.060278103356086021e-01
3.523692083231715344e-01
-2.520708140761124816e-01
3.007961205566095919e-01
-2.637938976361173804e-01
2.134979177013456575e-01
7.755074875575021509e-02
-3.541613878529465964e-01
-4.902096783659640744e-01
-8.387055145617156038e-02
2.352453535007007490e-01
-4.789472579196387692e-01
1.596930335108842081e-01
-4.188808717449736263e-01
1.904003272797593627e-01
-4.812965348291264878e-01
6.710449108994653855e-01
3.472129899532742647e-01
-4.614558027576669968e-02
2.283235532665673362e-01
2.281433954569077605e-01
-7.933101062471800691e-02
-5.759265324263956876e-01
4.598858402439052750e-01
-4.130508215361602953e-02
2.415734374248039162e-01
9.285913048237781631e-02
-5.481860416841711769e-01
3.615398055651249387e-01
2.347040128202208809e-01
-6.437442784547344754e-01
-1.374367823364905372e-01
-9.301640896470772524e-02
-2.961263568938601320e-01
2.083318221244765400e-01
1.568969056791746086e-01
-4.409098386209738263e-01
9.197498458569182411e-02
1.887777946649108474e-01
-1.544143448901774685e-01
-2.400720791354347960e-01
-2.134893837518382631e-01
-3.571234180365304711e-01
2.080295206891804582e-01
4.223757132547685811e-01
-2.984615778552140997e-01
2.714074068323472089e-01
1.188281749280699698e-02
-1.276692349081024469e-01
-8.673411934647790034e-02
-4.467867549569812247e-01
-4.041069247911207585e-01
-5.002187266636529822e-02
9.091957675359797764e-02
4.147427556814439753e-02
-3.514062072785778534e-01
9.646837654371794024e-02
-9.338376871661668854e-03
-2.283983866054608777e-02
8.111100332698571724e-02
3.385277319777385552e-01
-2.172871533070274697e-01
8.897882046164545811e-02
1.162596483553890031e-01
4.185954939396548391e-01
-1.324837036744124508e-01
-1.581305329087454026e-01
-1.942013325630046194e-01
-4.664567149201950258e-01
-3.233792747791665034e-01
-1.468727238142298330e-01
-2.061484930303407459e-01
3.923874007446075396e-01
-3.847768848477347431e-02
-5.922430759508394427e-02
3.859265052433555332e-01
-3.952676591492994967e-02
2.591637083178704448e-01
-1.830732111067588097e-01
1.251641409962579721e-01
1.065526453550382918e-01
-3.572233181386537115e-01
6.969577106758494123e-02
-3.380895132812403170e-01
2.446461837842685560e-01
2.399134760309072356e-01
1.776776882147073355e-01
-2.850239755482636972e-01
-2.847364178218236841e-01
5.627656596559640345e-01
-1.998814705127715252e-01
-3.424387080805786909e-01
1.536967003665064280e-01
-1.523358205810217691e-01
-2.108384503729723303e-01
-2.923599422828980221e-01
1.686442853148121535e-01
3.156713183005692147e-01
7.836570668269192685e-01
-2.666712969358043805e-01
-2.437838568174818255e-01
-2.346747973021184874e-01
-6.263942834229729861e-02
-3.544777964991443348e-02
2.819699814890744283e-02
-2.408709554193238789e-01
4.201733126817238650e-01
2.825206154829508209e-01
3.830128562279782045e-01
2.278449858984055998e-01
-5.569681613738719506e-03
-4.313171112082901937e-01
1.963082871847107169e-01
1.803321974651263537e-01
1.183138864191404238e-01
1.761362230577504795e-01
1.176758571486618554e-01
-2.441661226200630419e-01
1.237967182415124767e-01
-3.724369883997691311e-02
1.236403385872888450e-01
-2.946049306448833560e-01
-3.747701225973208428e-01
6.546818006405005774e-02
-3.885402945949366083e-01
1.955923760181716431e-01
5.117247510835154500e-01
-4.868817637396285342e-02
4.623130763156480527e-01
1.161508760709410587e-01
3.694805894211827119e-02
2.728103743287390026e-01
-4.662952574840850684e-01
-4.500610180486933620e-01
6.483271559040384990e-02
-3.186953103116622055e-01
-4.747188355917800195e-02
4.444018114095971694e-01
-1.526476698448356872e-01
-2.929772029205451878e-01
-7.598558261279197978e-02
-4.016089889389479750e-01
4.543431708996665819e-01
2.679131237886273054e-02
-1.477656532597561578e-01
