-6.328655582773108357e-01
6.985598356979050294e-02
-9.560875962588429033e-03
9.367554296801479385e-03
2.288442171187721197e-01
3.830123949095292635e-01
-7.246474284463575444e-01
-5.086646880729811526e-01
1.155035981120822730e-01
7.209456899572133648e-02
-2.211801202381304399e-01
5.311595789366649889e-01
7.395029340159062214e-02
3.151785167787123920e-01
-1.722103007505891015e-01
3.882308869840780385e-01
-4.842909412647405376e-01
6.928692844733880252e-02
1.819007935490796757e-01
2.146531457652464669e-03
8.694068503716159690e-02
-4.227586728376929726e-01
6.271234119195720491e-02
-3.016568904016090902e-01
-3.330520433685207893e-01
7.422856766451257915e-02
-2.971766265002881435e-03
-3.392798262440905321e-01
-4.162657359937745327e-01
1.080660097668492414e-01
-5.037917038758757959e-01
2.636604494411237121e-01
3.637685415977331971e-01
4.576920874314462373e-01
2.536578718936993715e-01
-6.383424896688526251e-02
2.851750299639281283e-01
-1.772765142223728385e-02
4.917111688498335131e-01
-1.272053263793216649e-01
-9.798279105591524429e-02
1.504978033722355057e-01
-4.026820975562879212e-01
1.134794702052177723e-01
1.244303039665179966e-01
-1.370516825525909255e-01
-1.520175820916219167e-01
1.791535126312536197e-01
3.348755314822611240e-01
3.907869770073883753e-02
1.874280110643592456e-01
-7.153989649884567870e-02
5.232832807809437714e-01
-5.169053353582077071e-01
-6.344310625830232309e-02
2.806696786742930994e-01
-3.114172313407797543e-01
3.391989140658734081e-02
-6.792765649190175836e-02
-1.163811744161458439e-01
-2.114222349581938720e-01
-2.348008972069215994e-01
1.796512105883741328e-01
-3.786882834924174546e-01
2.621950251892999906e-01
-1.363453571644505369e-01
-2.883464199555482721e-02
4.482199405228735611e-01
-6.147028317869396991e-02
-2.789634524926798975e-01
3.293762012527544636e-01
-2.269802800992928860e-02
-3.366336918189212213e-01
-5.395892463044521525e-01
-3.737369831251071695e-01
2.161206051545713214e-01
-5.204129880599361879e-01
-3.141198544111741819e-01
-2.212480303731362286e-01
-4.099479747385262884e-01
-3.161135329011388606e-01
1.085074782076967115e-01
5.573736055441368409e-01
-5.763434934278006683e-01
-2.493665802248071217e-01
9.728592856689007029e-02
-7.023144602421188543e-02
-5.196102408239504644e-01
-1.309551542232537946e-01
-5.325486085403061814e-02
-2.617139987883233543e-01
2.516049902684603934e-01
4.134249526536841191e-01
-2.892857441990465128e-01
1.874977494704762049e-01
-4.413276628525141798e-01
3.466499933034458778e-04
-4.191207618472617691e-01
-7.961554590522547381e-02
2.349605226561373716e-01
5.057707138992829643e-01
-5.543676071496336788e-02
1.151892630277309704e-01
4.900865241306102682e-01
-5.265100124058524900e-01
5.479801037646597067e-02
3.776292023739850068e-01
-1.440127662933419483e-01
5.511141077662252280e-03
3.600492783112118622e-01
-2.934219110037393774e-01
3.729933522389232148e-01
-1.570202424626791493e-01
4.107967181585399086e-01
-4.037357640121477242e-01
-5.332994586485930721e-01
-1.437712210994163409e-01
5.525132964350413234e-01
-3.952693237086953304e-01
4.351105643753302998e-02
2.787475932698899594e-01
3.226844446801792610e-01
-2.812444651869138723e-01
1.923549309899644927e-02
-2.637938976361173804e-01
2.012487770323521941e-01
1.359423838234884718e-01
-3.000378503322836954e-01
-4.809018871564386677e-01
-1.624132224010597092e-01
8.591185347326923960e-02
-4.157465493150698244e-01
-1.005659599352039385e-01
-5.253200839034003478e-01
1.030118404730081400e-01
-4.550096429166957668e-01
7.117466655949897802e-01
1.712235764842696961e-01
3.204895668104327383e-02
2.098668712676401149e-01
1.254800597002251605e-01
-1.918322661709087606e-01
1.594715036922458862e-02
3.196698814696489199e-01
-6.668857698949005874e-02
2.336878671617400594e-01
2.791274315717908183e-01
-5.594632932761708366e-01
2.543405082580826315e-01
1.781085994375224413e-01
-6.210262763129595909e-01
-5.782782041373472903e-02
7.502188235543912065e-02
-4.423390223011863243e-01
-1.986787431712077473e-02
2.095859520073230509e-01
-5.869648862383114452e-01
1.595842742850010487e-01
2.855661430441844839e-01
-1.584166626596060778e-01
5.731062313561559318e-02
-2.049229109324036957e-01
-1.995783735441789830e-01
2.092589837041473055e-01
5.640456368336017601e-01
-4.690528439233276337e-01
-1.783477823662844852e-01
-3.028814502219002169e-01
-6.757758777296077324e-03
-7.219187815734154356e-02
-4.375236809859856524e-01
-3.831315657259982965e-02
8.256131736124007470e-02
1.006536804609981517e-01
6.900983535909295530e-02
-3.514062072785778534e-01
3.403059633068361012e-01
-1.287405265682094735e-01
-5.765885510626980737e-02
1.327840750173118756e-01
2.560566757903382507e-01
-1.475404633025391710e-01
1.878094209309304208e-01
1.336631888564722426e-01
3.037591853558513355e-01
-2.038499879828914452e-01
-2.145929159863959879e-01
-1.993198472699250490e-01
-4.868700726243238019e-01
-3.841887612124992857e-01
-9.635411369912340318e-02
-1.416307299163865330e-01
4.202371538695817144e-01
-3.545266422090001535e-01
-1.004801151122032971e-01
4.670643473712475235e-01
-1.010398771788133671e-01
1.644413090750579398e-01
-2.865541590914605363e-01
1.355501090821734922e-01
3.031231834029034233e-02
-2.884098519196297561e-01
9.402348872320433204e-02
-2.671245109722582001e-01
2.400425836960715653e-01
2.382479115674983883e-01
1.774108894350827359e-01
-2.825160945816336255e-01
-2.899408689858001820e-01
5.348397279426091444e-01
-1.782419563332236778e-01
-3.395008059758872210e-01
1.479403097952462498e-01
3.555360573106216004e-01
-6.515883219168260021e-03
-7.045277925328891078e-02
1.141355978548613120e-01
3.286091017827802996e-01
7.112030986532177357e-01
-2.213689666359912600e-01
-3.528646319156837352e-01
-2.537532680875123070e-01
2.198847081348756158e-03
1.312801347077121039e-01
1.091945860955062381e-01
-2.405864177767596812e-01
3.556081081412183487e-01
-6.602971614946756551e-02
3.680292082198211578e-01
1.231591544327215043e-01
1.001750266499884245e-01
-3.501398079028034127e-01
-1.092910345188569526e-01
2.003346840712741106e-01
1.156295900514155428e-01
3.218299448445718358e-01
1.644945416011139028e-01
-2.315105393223017838e-01
1.394218171892254166e-01
5.722359394335872068e-02
1.262114558161826494e-01
-2.001346133171797437e-01
-4.298876770437661810e-01
8.508769052835224445e-02
-2.758317682363654599e-01
1.252553467153433853e-01
4.358944143121541437e-01
-7.699215910547119179e-02
4.423690303431669912e-01
2.959642929524614746e-02
8.151431024842944323e-03
3.559135657436999223e-01
-4.662952574840850684e-01
-4.664687540562735824e-01
9.224677061048471016e-02
-3.330948857668047380e-01
3.484241265590882763e-01
4.646795095443671531e-01
-1.601180545657169829e-01
-3.480575406413903838e-01
-1.949230693494342220e-02
-3.783656641357636130e-01
4.343970840985995618e-01
-9.051493554088863025e-02
-2.640455685066703806e-01
