-6.869101206989493003e-01
6.985598356979050294e-02
6.721756884730176740e-01
9.367554296801479385e-03
1.803859441629227511e-01
3.351322183678863698e-01
-7.027546999653127013e-01
-5.403978545301860725e-01
6.307032861863193229e-02
1.162293333604678125e-01
-1.954402719165526658e-01
5.191722394955228248e-01
2.541676041360473870e-01
2.812542104930158549e-01
-2.387853341411068087e-01
4.221695801050128760e-01
-5.726825576041568722e-01
8.196401863168444046e-02
1.857710562850019842e-01
4.407243033659838383e-02
4.735302046680589516e-02
-4.350301698270216955e-01
5.307114358500693990e-02
-3.267535691407882359e-01
5.974305904986808580e-01
-9.334922507035769979e-05
-2.971766265002881435e-03
-3.392798262440905321e-01
-4.385182837992790406e-01
7.317260059090541224e-02
-5.037917038758757959e-01
2.636604494411237121e-01
3.488409487122948738e-01
4.382678479123128246e-01
2.762340409723322843e-01
-1.418204815112181494e-01
-1.464163744566133740e-01
-9.458445093723220898e-02
3.942719131898121954e-01
2.149438590774941371e-01
-2.599093081006162431e-01
9.565206438348938800e-02
-3.540502155513808313e-01
1.464631952027763140e-01
2.800394146235707371e-01
-1.099638939915249525e-01
-2.355894722881802794e-01
1.789681569000713679e-01
2.558278605257615634e-01
-3.200587413233285106e-01
2.676846803302147526e-01
-9.502680593261751685e-02
5.949637982484176080e-01
-5.436775013205390472e-01
-6.344310625830232309e-02
2.939805937042990203e-01
-6.818147038430638629e-01
-5.695808407987774657e-01
3.518418141047055525e-02
-1.696258106898740070e-01
-2.114222349581938720e-01
-2.925921562811071297e-01
1.512036748221824434e-01
-3.444693084106408842e-01
2.568271113700396069e-01
-1.429142814979260379e-01
-2.883464199555482721e-02
5.171841064589965953e-01
-9.501141744803223710e-02
-3.574939727617958418e-01
3.293762012527544636e-01
5.067595752783028706e-02
-4.459918232843807506e-01
-4.840616616838807063e-01
-4.113764892841001997e-01
1.824663769791701751e-01
-5.488471051259180555e-01
-2.571138975289212203e-01
-1.146086564141618608e-01
-4.674327185244709915e-01
-3.490342625477026450e-01
1.431311337731004385e-01
5.733526888833248014e-01
-6.025967029900488603e-01
-2.493665802248071217e-01
1.741868262286977997e-01
-3.381161686074294487e-02
-5.330694465898010437e-01
-1.719036705325957259e-01
-5.325486085403061814e-02
-3.024122568158345015e-01
2.610953356854329166e-01
3.837873926246911926e-01
-2.650115450062588418e-01
1.838793595814947057e-01
-4.626328797826447237e-01
-9.313985237345102919e-02
-4.102212544021018314e-01
-1.375326920075580217e-01
2.504791506277185276e-01
5.259493228155830424e-01
-5.411919538282331660e-02
2.061095404176752632e-01
5.016318268965989091e-01
-4.499919707376007216e-01
6.116017293748186867e-02
4.972578679631814991e-01
-1.233502453950825889e-01
-1.029925442428198529e-01
-1.440654740652445032e-01
-2.809036448292785426e-01
3.729933522389232148e-01
-1.424246701792710457e-01
4.217497686008558899e-01
-4.037357640121477242e-01
-5.091467900338362274e-01
-1.629157906876412543e-01
5.601847001201167853e-01
-3.958134891336243522e-01
4.384054067684725609e-02
3.311458454850980671e-01
-5.283808096637710935e-03
-5.053119438579876110e-01
7.664392332730218804e-02
-3.452172993717146920e-01
9.085154500340500427e-02
1.077296761911889361e-01
-2.644563025350514240e-01
-4.668683814076196037e-01
-2.077416742593732046e-01
7.971649695888778642e-02
-3.805837871015003704e-01
-1.005659599352039385e-01
-5.474994357992771787e-01
3.289882616759506884e-02
-5.218190538948516144e-01
7.117466655949897802e-01
1.078030354890839870e-01
3.290311576148489958e-02
2.098668712676401149e-01
5.404616602078352039e-02
-2.225996143675897099e-01
1.301143536605928533e-02
2.828490568400018335e-01
-1.317066310178344468e-01
1.514797013686898230e-01
2.850754761983349539e-01
-5.224719863088832517e-01
2.543405082580826315e-01
1.692479990171911475e-01
-5.023601110297640782e-01
-2.351958733704811316e-02
5.015933136630301714e-02
-3.829607146830943387e-01
-6.906180960563014157e-03
1.918375449115515829e-01
-6.001961057021759638e-01
1.336273717922654147e-01
2.360296667617862998e-01
-1.584166626596060778e-01
1.436426920045917321e-01
-2.605162892776131112e-01
-2.152593567709379374e-01
2.593979477219263696e-01
4.925056059604618897e-01
-4.690528439233276337e-01
-1.495062258173775749e-01
-2.940402892876051721e-01
-6.757758777296077324e-03
-1.259680678143675625e-01
-4.802631133472025637e-01
-9.585936628093755241e-02
1.087116455813446902e-01
1.708065346314803501e-01
1.002234534778439212e-01
-4.032018052922062279e-01
3.403059633068361012e-01
-1.210102812929492455e-01
-5.090953493687741527e-02
2.392426423300436089e-01
2.560566757903382507e-01
-1.604362455375951679e-01
1.587900690387356317e-01
1.232211654997472788e-01
3.037591853558513355e-01
-1.226668604230610471e-01
-2.499712644955548180e-01
-1.993198472699250490e-01
-4.674478435401339255e-02
-3.176567312812881294e-01
-9.635411369912340318e-02
-1.416307299163865330e-01
4.202371538695817144e-01
-3.545266422090001535e-01
-1.802316738836420018e-01
-2.654204183521259308e-01
-5.005969043948516051e-02
9.353504690894802465e-02
-2.865541590914605363e-01
1.102126569460989136e-01
4.345179702815280681e-02
-3.603421566855566915e-01
9.402348872320433204e-02
-2.806806467448287878e-01
2.400425836960715653e-01
1.646753526950421875e-01
1.774108894350827359e-01
-3.213713911012240909e-01
-3.436172260117171806e-01
5.438993686743331946e-01
-4.419374035161613423e-02
-3.110540731152716676e-01
1.050948152689909626e-01
2.734679889709001888e-01
-2.297770233090352110e-01
-2.157579484472523651e-02
1.141355978548613120e-01
2.881588628849581779e-01
6.923042250259465735e-01
-1.124714096142059305e-01
-3.290170481650068202e-01
-2.102909551268654642e-01
-6.207879503309544217e-02
1.199512706012075408e-01
2.102895676528953872e-01
-2.105890193870401383e-01
3.405453054767232923e-01
-1.770480909523124147e-02
3.113119635902378279e-01
9.290837466697823843e-02
-6.577652335796783933e-02
-3.740552231815997275e-01
-1.670755575531304715e-02
1.598103694077883663e-01
1.634881253598272632e-01
3.691221685019787091e-01
2.048404516246734031e-01
-2.601422613899460612e-01
1.744541327098561578e-01
-1.668138423241461998e-01
1.510738492196998239e-01
-2.060625726118115730e-01
-4.298876770437661810e-01
2.567394627990316619e-02
1.200875074606145010e-01
1.265859486742981765e-01
4.358944143121541437e-01
-9.011412756965167525e-03
4.430660722889911973e-01
9.650124080908265012e-02
1.891534781168535684e-02
3.978225353461392055e-01
-4.662952574840850684e-01
-4.112060021475594240e-01
-2.166923853242661568e-01
-3.438823819449062791e-01
4.073334822474196093e-01
4.646795095443671531e-01
-2.150722531408680305e-01
-2.971746480868278639e-01
-5.492511970815824179e-02
-4.413891642185080455e-01
4.556643514667023664e-01
-1.450729652482089516e-01
-3.347457568071346978e-01
