-6.016626717665914947e-01
-3.543089216879867220e-01
-8.426224227957164470e-02
3.784887260716700980e-02
-5.387211744385069778e-01
3.830123949095292635e-01
-6.626995525421782718e-01
-5.786644099323154933e-01
1.109353527320601912e-01
1.791217403289331878e-01
-6.544073759631000020e-02
4.287430819504925994e-01
6.954625184168197749e-02
3.876290129031880749e-01
-2.332453055045684565e-01
1.587313783443882187e-01
-4.016915062059062125e-01
7.725887373197549979e-02
1.236191122201060477e-01
5.301428261077763271e-02
1.148289937728046717e-01
-5.516902251528259526e-01
-2.540277558564811231e-03
-3.152487707058336808e-01
-2.765437356317834716e-01
7.036522690123012125e-02
1.352133239447724788e-01
-4.810521359924984086e-01
-8.029193488865796202e-02
1.082177782466778315e-01
-4.921776762094017821e-01
3.773168188338847373e-01
2.978724488373116763e-01
5.483966905760740973e-01
1.863546188896992861e-01
-1.084581112885692478e-01
-1.883884885683548005e-01
4.751031540935591879e-01
4.854319470698762462e-01
4.705989407440149819e-01
-5.625210288625851623e-02
-4.659944388565200879e-01
-3.008128876940017182e-01
1.946700610193786984e-01
1.022001359587423608e-01
-6.384148925035697253e-02
-1.834432572286889551e-01
-6.259106607268382083e-01
3.798709308893861714e-01
7.888908772076136389e-02
2.885894703104245895e-01
-1.640458436771160058e-02
-2.289949231572020044e-02
-5.324502009960787596e-01
-1.185396769647756310e-02
1.846259179002513462e-01
-2.866546627420502591e-01
-5.843875403152325454e-01
-1.226077231221841396e-01
-2.597186655447550896e-01
-3.002760288668850364e-01
-2.971413127589207503e-01
1.866676270972768004e-01
-4.275203144123910226e-01
1.540555104312753623e-02
-4.527470422756443291e-01
-4.835007636070576958e-02
3.401881987583244560e-01
-1.067275776465914788e-01
-2.485566700908870830e-01
5.344074295822549558e-01
4.924580132860240100e-02
-4.580889000687971557e-01
-8.197724417078519066e-01
1.627006353427230476e-02
2.833352937014779194e-01
1.800593962328849995e-01
-3.642065055523205919e-01
-3.239284691441783881e-01
-3.144329960501871524e-01
-3.186407942043931740e-01
-3.988295374514547742e-01
5.916738512031295416e-01
-6.117862140956209505e-01
-2.961417640096955517e-01
4.518718409362856847e-02
-4.510052027524623364e-02
-4.831272994143391286e-01
-2.214545880369724051e-01
1.104520415406680667e-01
-2.832256150701605857e-01
7.055117250402079265e-02
4.818697952321666644e-01
-1.867796644864483657e-01
2.646857785101259797e-01
-2.634916927650419738e-01
-3.878217063805219911e-02
1.186880054523840461e-01
4.768610692386828637e-02
2.427764207233715221e-01
6.161686579801971542e-01
-1.907258955034352721e-01
8.888576809625550745e-02
5.587477111494661974e-01
-5.794385343475194627e-01
8.891734063666142940e-02
5.049770748883756211e-01
-8.547546071772224932e-03
7.273136182130234863e-03
1.444391082796475378e-01
-4.644606632765010956e-01
3.869084006903075190e-01
-3.902410764593263193e-01
4.351543167219438235e-01
-4.950527624141058958e-01
-5.018076655589907009e-01
-1.158492795887185595e-01
5.656109731504680438e-01
-2.093771841248114607e-01
5.090456677058435853e-02
1.809294314703822071e-01
3.300895410320566770e-01
-2.520708140761124816e-01
2.461155689014904446e-01
-3.361069652797041840e-01
2.266286397778987938e-01
6.362425575321058180e-02
-3.541613878529465964e-01
-5.407689349089483954e-01
-1.442788195713298471e-01
2.797717372542202208e-01
-4.598433861159085811e-01
1.342613379842537424e-01
-4.188808717449736263e-01
2.444750858073861943e-01
-4.395486820927742566e-01
6.765099870948716454e-01
3.662518758017182519e-01
-1.128863296995446241e-01
2.283235532665673362e-01
-5.857548040523480326e-01
-5.014394168574734523e-02
-6.182284455384925437e-01
4.531642108267419644e-01
-8.436259658984278376e-02
2.004734421107012277e-01
8.896335188897480650e-02
-5.936864127471022101e-01
1.204811955726394490e-01
2.427759274547535706e-01
-6.681688980789806109e-01
-1.439635199110701758e-01
2.365121576971627726e-01
1.911425757289318406e-01
2.175905041309769139e-01
1.568969056791746086e-01
-5.137008657058819150e-01
3.901255335717362938e-03
1.366246935359369530e-01
-1.619758357704354501e-01
-2.776694939900019587e-01
-2.302110938450189492e-01
-4.342698819244647512e-01
-1.917029135126530337e-01
4.755348564572712822e-01
-3.097733368499016593e-01
2.991793885569062339e-01
3.677014554506821686e-01
-2.039224236634989140e-01
-6.169347283048962072e-02
3.959455056959417241e-01
-4.757159893590021671e-01
-1.175202822529368696e-01
9.314373772672845941e-02
-6.848477650746877254e-02
-2.280926559338425363e-01
1.003044042931606206e-01
-9.338376871661668854e-03
5.793472723840806249e-02
8.111100332698571724e-02
4.607187067500208011e-01
-2.086367357210261453e-01
1.372724194625066785e-01
1.435938896821824518e-01
4.896327978398930525e-01
-1.354472360873212600e-01
-1.022385774449922902e-01
-2.186287656607236174e-01
-3.693206981619801543e-01
-1.935376033276244578e-01
-1.386177599071035382e-01
-1.808490320009915053e-01
1.223398205889937446e-01
8.683866127114144018e-03
1.000987235953532117e-02
5.151858109355827997e-01
-9.449954197213024376e-02
3.567260635417242587e-01
-2.398492055553230751e-01
1.420126106116326170e-02
1.065526453550382918e-01
-3.541003948437676518e-01
3.748331405286101786e-02
-2.642764353937785970e-01
2.446461837842685560e-01
2.895891950692601191e-01
2.195692781624462020e-01
-2.940678993483203385e-01
-2.936654150824861698e-01
6.269294803478590028e-01
-1.860833866062206743e-01
4.080276627522795296e-01
1.125277872994855377e-01
-2.115914815028578921e-01
-2.441858085446281246e-01
-2.923599422828980221e-01
1.645351589227177225e-01
2.704468212121977078e-01
7.973998214524025130e-01
-2.666712969358043805e-01
-2.540039076365844806e-01
-2.752947615212615329e-01
-4.363692551192870084e-02
-3.544777964991443348e-02
-1.186433621851440412e-02
-2.736900506220684148e-01
3.318468324806349568e-01
3.494446941740586565e-01
-2.839305104944227498e-01
1.869203654747639831e-01
-1.033684023534392621e-01
-4.313171112082901937e-01
2.425395693610362113e-01
1.709205175535763455e-01
1.330141956258659164e-01
2.248370998200307502e-01
1.024995239956797838e-01
1.307683388619257092e-01
1.237967182415124767e-01
-3.724369883997691311e-02
1.246776983763661917e-01
-3.572358455589814685e-01
-3.747701225973208428e-01
1.166094361827388209e-01
-4.352376133818607329e-01
1.921147872922221722e-01
6.990586350471318655e-02
-5.773714881387394943e-02
-1.348418826801021098e-01
1.272001833253004199e-01
1.064634912517379572e-01
2.987509141594856810e-01
-4.987653319473904778e-01
5.127226625584918596e-02
2.835381043988513539e-02
-3.186953103116622055e-01
-9.770375691066654489e-02
4.353528643201831083e-01
-1.318238932464789182e-01
-3.142799241704701263e-01
-6.605324073635551740e-02
-4.776851339165429922e-01
4.347610965748964773e-01
1.237121523458736272e-01
-4.724853251362447493e-01
