2.056214501616732693e-01
1.675355058562593147e-01
6.008456893639150254e-01
2.878608197572644634e-01
3.279701256491687200e-01
5.648680459184540065e-02
2.366406378464675220e-01
3.046472822925584412e-01
-2.529846751724874609e-01
-1.335315683207330406e-01
-9.836276736008008059e-02
-3.613716393799588089e-01
5.567643889616987612e-02
2.336583016404460977e-01
-2.075836546907553204e-01
-8.229869565675629328e-02
-1.710765108547310509e-01
-5.610609069817561884e-02
-5.349204415493004350e-03
-4.049124025069070210e-01
-3.035080521515619578e-01
2.644688231823691393e-01
5.139758010880172145e-01
-9.549959173926052258e-02
-3.671696791979526808e-01
4.169983636218868583e-01
5.513028054548009260e-01
-4.873113047378069274e-02
2.667698761922949191e-01
3.187577707570803387e-01
-6.344021704210124624e-02
6.475176019380253500e-02
8.393553355897609425e-02
1.662611582649159425e-03
-1.769932988109890193e-01
-5.222382366828764999e-02
-8.090615635494165236e-02
3.359897250519219836e-01
-4.365100851518439740e-01
-2.704998134271204280e-01
4.579751419381938859e-02
4.893483686656667775e-01
1.740176683212377867e-02
-1.368720916559451606e-01
1.443307562954105894e-01
-6.501960625484128897e-01
5.253052359222926820e-02
4.333024498553598169e-01
4.786180706891642878e-01
6.839497463185078008e-01
-1.581470911745640473e-01
4.245654211674264600e-01
-3.089098375099620930e-01
8.829653173961982127e-02
-1.504675612977216526e-01
5.190492278145731470e-02
-2.916795407443897314e-01
4.008570726198378287e-01
-6.379574651962391374e-02
-1.022884908434184281e-01
1.231188458544932307e-02
-3.028894055962808030e-03
-2.508067461858395908e-01
-3.106904464400120913e-01
1.118418329225639302e-01
1.188108445815788949e-01
1.613112334763113775e-01
-4.355881647499395548e-01
-2.844303698105989930e-01
3.672197750890299206e-01
3.052293633482175972e-01
-1.439958698856115826e-01
3.898263825756413392e-01
2.045924680338340185e-01
2.541961012375418827e-01
2.027545651499135515e-01
5.107280020522637909e-03
6.966256805641113381e-03
-3.249831333942552192e-01
2.240108428995119250e-01
8.282264903267250178e-02
-2.604554691463410454e-01
3.497711859274934554e-01
-3.024754601076887206e-03
-2.417824484451770173e-01
3.745238312670530756e-01
2.166064108589198789e-01
3.548713274942755236e-01
4.086016206990840394e-02
1.572919689665273901e-01
-8.673728497170327123e-02
8.089706653441506301e-01
5.585365848390732024e-01
-9.111088538426545536e-02
1.351576633797321736e-01
-1.986100253080681222e-01
4.587009140242476191e-02
1.976401998791358361e-01
3.002319114153430557e-01
-4.880610152891171616e-01
2.247586064898170755e-01
-5.886693361740094610e-02
-4.120720610933414907e-01
-1.713923763831165514e-01
1.392719199886459092e-01
-2.873872212984821678e-02
3.979914847890770324e-01
-5.504486726866226753e-01
2.028737446877370842e-01
5.475419687603798602e-01
-6.319517476040009685e-01
3.077943581732901779e-02
-2.290607514701808178e-01
1.071832024328460142e-01
-1.275968400424792315e-01
-3.409644306807860237e-01
1.425217759856752253e-01
3.373128886590966991e-01
-4.991164058978544427e-01
-3.832419449706721964e-02
-4.765215320175110181e-01
2.676499376048290246e-01
-1.098613006844551820e-01
3.228489284631141931e-02
-9.101293272453189753e-02
-1.166835875964447461e-01
3.680658842921943896e-01
-3.655857052486836262e-02
-2.585744899870007774e-01
3.055955843321559451e-01
-2.814180708677839204e-01
-5.505318900382817349e-01
-7.739058213437448319e-02
3.779093085737831870e-01
-3.616587518996191575e-01
-4.534816477644620925e-01
-4.247858305335475704e-01
9.472916305819249760e-03
-2.984450659008696105e-01
-7.077875668895429462e-03
2.750386895149374220e-02
3.758664227775814215e-01
-2.253026092975402572e-01
1.995114353021216758e-01
-3.196040773266598523e-01
-2.158235704751251816e-01
-6.007525666866202485e-01
2.197131103405833563e-01
2.140326392845162407e-01
-5.229914792256207257e-02
-2.992172500701163751e-02
3.769555220854816091e-01
9.302759893330518615e-02
3.655709310158474223e-01
1.057359897973060708e-01
2.677797944911690375e-02
-4.541590770722898074e-01
2.308764265073024735e-01
-3.089292849995276535e-01
-1.760701137973614827e-01
-1.017221656337692626e-01
2.113589762200401290e-01
-3.157681115144871375e-01
1.208060655462737769e-02
3.824096116268100309e-01
2.079900776398601603e-01
4.109940986484938996e-01
2.945847012602224591e-01
2.506071299688124657e-02
-3.409955830805925792e-01
1.447579660933333290e-02
5.930653562435916903e-01
3.581846157893385785e-01
-3.801269348110680735e-01
2.378589032488312438e-02
-1.525185979618792764e-01
-4.338212597496326484e-01
-2.359023788381712505e-01
1.711255633267778631e-01
1.129811643911757951e-01
5.356563495406805320e-01
1.783919460209465735e-01
7.969413340591105510e-02
4.360116265081370179e-01
-1.020686323340823029e-02
6.466904123526651116e-02
-1.554329476435409654e-02
3.534544738700943767e-01
2.680204333734283462e-01
-1.052768205120737099e-01
2.942467728436048424e-01
-1.969758230107032937e-01
4.876657945647465686e-01
3.637333175756892745e-01
3.040695680116423660e-01
-1.553576101626125486e-02
3.162591202300137350e-01
-8.407051799969395001e-02
-2.030437881335229455e-01
-2.414500970839452559e-02
-1.854826841744097732e-01
2.948348919567593540e-02
-4.422567415143607156e-02
-4.910379083351691654e-02
-1.324776213784032985e-01
-2.951361682421926314e-01
-2.697458731259993470e-01
-5.018515003411544440e-01
-1.231330829978621727e-01
-4.887986770722516638e-01
-1.219283934802159741e-01
-2.071624299009778569e-01
2.466331682750688703e-01
1.303180764454451301e-01
-2.412390022496701536e-01
-1.180343349587117674e-01
-5.664911896206302755e-01
4.612006970382380444e-02
-2.837564083131437556e-02
1.586779594232273494e-01
3.676851296557877569e-01
1.411635263033353682e-01
3.841113382601626380e-01
3.153327493335029152e-01
-3.918379504959333404e-01
-3.168577516764081170e-01
5.346089329396513934e-01
-1.424685154828149170e-01
-2.753914818488092386e-01
2.600436175145721118e-01
-4.981087926593863457e-01
1.819203565483676344e-01
2.386377701617259095e-01
-2.768039795460395802e-01
-1.068300709812369104e-01
-7.223290886315905657e-02
-3.866023601252335795e-01
-4.252641284921355180e-01
3.379052902873884157e-01
-1.903032486206863438e-01
-5.868847708200626567e-02
3.010030543243318868e-01
6.662143158511000252e-01
-7.729551926505963400e-02
7.476547106520060604e-01
3.799950210329697264e-02
-1.044447496902380090e-01
6.695334031448316736e-01
1.640833050128362725e-01
1.850251721171782687e-02
-9.243928780264301648e-02
7.745285216985017818e-02
-1.603043917896104786e-01
2.191832606961669483e-01
-2.645222610691900234e-01
5.314393765815383225e-02
-2.463202255306215782e-01
1.370028289957535284e-01
-2.458357047184056288e-01
-3.628712942744439229e-01
-6.601275105377543140e-01
-4.797320555382653673e-01
2.637580698489324638e-01
1.058593168526383577e-01
-5.159394819831101264e-01
