1.135165452130338648e-01
3.944291146824042138e-01
2.922314216147000598e-01
3.098929944508989620e-01
-4.118489820683753910e-01
7.039058481903488762e-02
2.719014491166007463e-01
-1.558744609188482677e-01
1.174168545173738532e-01
-9.745727543753184008e-02
-3.143727517353296641e-02
-4.120111691433199219e-01
-3.135936842828329629e-01
6.144166362011864724e-01
-2.589283807245310598e-01
2.590294462384454821e-01
-2.008577753030741653e-01
1.284189768631882438e-02
3.440912754580216504e-01
-1.067604798715930392e-01
-4.569409109491893717e-01
2.839116224695426016e-02
2.700978615510079006e-01
-1.936276814463035734e-01
-2.543331314442269786e-01
-1.771381869870377879e-01
-3.310296643253017312e-01
-2.866824442368276493e-01
-5.215700849920990034e-01
6.804599635796851897e-01
-2.123607018587974904e-01
1.208545328068915126e-01
1.067200210244683561e-01
3.984365464957936864e-01
-4.925485406634374508e-01
2.825936151519287676e-01
2.467777861312623819e-02
1.784831030430955034e-01
1.226396812663600733e-02
4.359543054252930094e-01
4.848338522881779911e-01
2.176058235149515296e-01
-2.752294390317123751e-01
2.346687927534282792e-01
-1.979243453095063665e-01
-1.670434499872035239e-02
-3.374184559324330812e-01
1.789719555025095776e-01
1.094367440571132194e-01
4.429601473415996638e-01
-9.972050255733373725e-02
-5.235704791565067850e-01
1.966218688920336188e-01
3.246028202925649864e-01
-8.600935246873310513e-02
2.646292378140506774e-01
-5.730989600009328555e-01
-2.036148005262816141e-01
1.501135747325715031e-01
-6.205798211989763113e-02
2.695492421616634271e-01
2.282618855639542144e-01
1.803131643562635444e-01
3.503919350956914425e-01
-5.863522741768691926e-01
3.909921116649926927e-03
2.374697482605179211e-01
2.092869173157888840e-01
-1.446312093680983402e-01
3.776827447973396534e-01
5.633160997323941599e-01
-4.417065918743452030e-02
-7.610979377541429725e-02
4.654199595258178279e-01
5.218864365613852252e-01
1.366803977305434681e-01
-4.402936962181643321e-01
1.988109425243976547e-01
-4.301342144414783686e-01
-4.495967277244981158e-02
-1.722011748668560811e-03
1.522665180761653995e-03
4.307406014430812530e-02
1.596892142330073316e-01
2.011070675820283704e-01
3.935202194203075154e-01
-1.650149371397967302e-01
7.489549459581061885e-01
3.441618025535339576e-01
-1.851030695746072596e-01
-1.257836928477807370e-01
-9.963478421346777525e-02
-5.332466461724874041e-01
-1.896651368530816451e-01
2.451460958315929972e-01
-2.903642702544100840e-01
4.246147534176304417e-01
5.062319791904359434e-01
-4.835381668314576720e-01
-3.708765914357808891e-01
1.260881323903075002e-01
-2.126411430123409385e-01
-1.922904925652757502e-02
-1.131784514962027172e-01
5.820375618120834371e-01
1.121977280740246163e-01
7.813747138849745644e-02
1.792206017893236136e-01
-3.550059803238550526e-01
1.789887179784055427e-01
-2.195290028788280390e-01
-2.800022974037291168e-01
5.882728255075368728e-02
5.147000611364803691e-01
-2.530881480795972305e-01
-1.648498370214063757e-01
4.451903869015600979e-01
4.705071758879345034e-01
-2.829356985696557802e-01
4.424722755184257728e-01
-5.723805786224860359e-01
5.441792214313261045e-02
-4.074556794595497466e-01
2.532315479298177241e-01
1.644024326000314562e-01
-2.169007795956026663e-02
1.775959818771429555e-01
-1.068228748928796018e-01
8.552413786609137925e-02
1.053054486135831559e-02
-1.405462220619346433e-02
-1.894716978012235542e-01
3.780764671181156000e-01
1.346248307160587687e-01
-1.147071741849134546e-01
2.211770268416682617e-01
-2.363123985316286924e-01
-2.355277624740720888e-01
1.538731578437226282e-03
-3.611911077308156415e-01
-4.777178236314451043e-01
3.435107388597760658e-01
-2.531006623516007803e-02
-2.082299254449749837e-01
-3.066863438126330998e-01
4.334028116420139409e-01
4.149212804095538804e-02
9.588448349909822754e-02
1.673198307018744779e-01
1.621892087700956275e-01
1.497937570654418460e-01
1.158418550491306653e-01
3.090901073467454685e-01
3.965454770513766186e-02
-1.676212297305303689e-01
-5.588391732057821359e-01
7.903545497266997732e-02
-3.078289494402584037e-01
4.525876648860372442e-01
-2.751569699547664616e-01
1.633589525715948565e-01
4.857469648666551953e-01
1.824212667587071790e-01
-4.035803848800977728e-02
-6.295033782426369406e-02
-5.570743873286047032e-01
-2.223508254563006659e-01
5.076195200721997924e-01
3.161329507306859798e-01
-8.917235655018836138e-02
1.838452074519888180e-01
5.876302527416998878e-01
-1.985402103944981234e-01
-4.286614214488700808e-02
-2.487663367107231238e-01
-3.897532241192465663e-01
1.528011427895644980e-01
-2.657683178771421684e-01
2.025551330087494578e-02
1.993727597708242760e-01
-7.727464079068517566e-02
7.931809713343468404e-01
2.922501776012453312e-01
-2.762268935206361742e-01
1.426282779554250424e-01
4.895810275597789474e-01
6.840776588330267360e-01
3.605307349582321241e-01
-1.635156009391213749e-01
-6.339054915173897298e-02
3.730936397997589027e-02
3.000820599849248205e-01
-1.506852301901572544e-01
5.723346097524743305e-03
1.437944654056989569e-01
-3.020980150024507038e-01
-1.900550906129214734e-01
-4.272089992581996898e-02
-3.133377655852551680e-01
5.868799355558012021e-01
2.515013194329291935e-01
-3.947742602447914390e-02
-1.514406434811518543e-01
2.482283553629285600e-01
-2.427692829088918813e-01
1.476588321271017079e-01
4.828348226836324253e-01
-2.034454064011191089e-03
3.803104473607687996e-02
-4.547764588682502995e-01
-3.335547266646302633e-01
-2.826145806347712258e-02
1.521189975578848830e-01
2.598501017856016948e-01
1.592496266357160475e-02
9.540837550400239897e-02
1.543476106567673034e-01
3.464145044865328260e-01
-5.508246850107783033e-01
2.819072772836760943e-01
-3.323268623061158555e-01
-1.587928734958096166e-01
-1.924816725456242883e-01
3.251435782301524413e-01
-3.350290496110010507e-01
-6.812934459831658518e-02
3.569881760075684363e-01
2.109782460800995602e-03
-4.146527502717639035e-01
1.770861466453729494e-01
8.616336403160745894e-02
7.089979746229844171e-01
-8.387601587172867357e-02
4.322432857188795441e-01
-2.179753349201277446e-01
-2.279255524376136988e-01
8.085633919317630758e-02
1.472858897603021022e-01
1.054467446803816350e-01
2.112818316935034246e-01
1.563010202562571394e-01
-3.294714081982731413e-01
1.455220263748332743e-01
4.023645410554697044e-01
-6.602017301172595498e-02
4.412138890385424728e-01
4.951622875660696005e-02
-9.613481679365690202e-02
1.272185980718072151e-01
3.244609062140113021e-01
-1.417673653183403326e-01
-6.813947498273982273e-01
2.827693474039696953e-01
5.049481281182500725e-01
9.530528359629943103e-02
4.896414542945991544e-01
1.078352983689127333e-02
-4.010434641493382801e-01
4.532445221432013782e-01
-4.620997948152808510e-01
1.682748278481488446e-02
-3.957122823736607953e-01
-2.406542270722688837e-01
1.583039840759214445e-01
7.037535091595160663e-01
