1.286424678490748486e-01
2.318528173005728887e-01
-1.427091427865745665e-01
-2.363598572446083332e-02
-1.938524918973895395e-01
3.304085956245833566e-01
-8.204480610239605481e-03
-3.254883901026720677e-02
-1.113540269521327425e-01
4.891343180679103703e-02
-3.342333020245186193e-02
-1.747008965137456238e-01
2.689206864844147504e-01
4.460099233003830821e-01
-7.123497067395684335e-02
1.742504926193904485e-02
-2.587276886802568690e-02
-3.420263339865181607e-01
4.877119145785869803e-01
-5.629279760338261329e-02
-7.486303595717094250e-01
-5.189321466306135999e-01
-2.763981278609247139e-01
3.749371290577342697e-02
-3.232145920734824651e-02
-1.359102181268453391e-01
-1.136158707323978168e-01
-1.585246480241035982e-01
-4.754682260144490469e-01
2.172314489151024874e-01
-1.162142514228695911e-01
-3.147024783197421294e-01
5.695270516852457554e-01
-1.616652964671955461e-01
-7.612651022219568686e-02
-1.555522243586874298e-01
2.789244464319852734e-01
3.209756688619611054e-01
2.576885137119911962e-01
1.661499841739945416e-01
9.087194679933485730e-02
-4.507372798207125997e-01
-8.091235770378128484e-04
2.479240692678861546e-01
2.986797873852555241e-01
-1.509859764070111965e-01
-2.088958696171144269e-01
-9.970650086212912155e-01
-3.329922022368366208e-01
-2.406637342172272265e-01
-2.963569293795983439e-01
-1.631770831347917061e-01
1.051322564021485162e-01
-3.853461310872024481e-01
1.824317534921072737e-01
-2.316105943901120845e-01
9.216480247060085396e-02
-8.757978672390480390e-02
3.315411461502329460e-01
-2.247482477241147941e-02
2.649184858325354108e-01
1.170478309067855271e-01
-6.025140480522909320e-02
-2.466531816300544522e-01
-2.460433990350224809e-01
1.693337481065663661e-02
3.193036279515876902e-02
-3.308412277898526987e-01
2.307630719974132494e-01
2.546020089002876685e-01
-3.649079757220918263e-01
8.053003380666661215e-01
-5.035137599747921411e-02
3.817868684776413724e-01
6.195042502340067925e-01
-1.402576780857361372e-01
6.754602696583447696e-02
2.758098937218868563e-01
-5.714842077558889288e-01
4.946214250161893311e-01
-6.571662477059685425e-01
-3.826763403545439535e-01
3.429462641972068071e-01
2.215732031569872806e-01
-1.895248665925589049e-01
3.366116686593762647e-02
1.165191933153226639e-01
-8.146754227361582834e-02
5.124881895239372653e-01
-1.551235656405489938e-01
1.145481973791965397e-01
-2.211119946702600481e-01
-7.105114671542164251e-01
3.402999927470390373e-01
-1.581728506583392896e-02
3.776981099118211227e-01
-3.699811090187972162e-01
-6.978773799260812316e-01
-5.538017636494226847e-01
-1.957492393195372771e-01
-1.706396139003127366e-01
-7.268185723113476659e-02
-1.444255599839875948e-01
-1.000000000000000000e+00
3.163457464949053222e-01
-2.973776239551194078e-01
2.912717270551098969e-01
-3.811086076170730474e-01
4.145110061590480677e-01
8.160134285052190739e-01
1.960615415397277128e-01
-5.484908349818794493e-01
-3.320766031154464559e-01
-2.619755645558634605e-01
-5.285684318861353370e-01
8.342309402636417792e-02
1.837104029814325412e-01
6.476610191847521902e-02
-2.432596773839699467e-01
5.890812742917403422e-02
-6.773750998378848254e-02
-5.287143143564705383e-01
-1.920482503798076057e-01
-7.148590803844452612e-02
-1.641080599443653087e-01
-4.933565934492665228e-01
1.559177542619214762e-01
7.164650467367084108e-02
3.764945312448015335e-01
2.130962994109738551e-01
-2.284833981161540628e-01
-1.651305593213225897e-01
-2.988949932988570479e-01
1.581162713691530997e-01
8.193989482335704844e-02
-2.975087516420442668e-01
5.195815684286444469e-01
-1.685061806693436137e-01
-1.016474247052833041e-01
5.569809705743619110e-01
-2.260004429659879244e-01
6.078968925270891721e-02
4.416874288754887301e-01
4.584629226251767803e-02
3.878030844920846154e-01
-2.410241112867574920e-01
-5.787152413389029526e-01
4.024701684090028486e-01
-7.471338601698546134e-02
4.139235112585502585e-01
-3.420415367977426568e-02
2.000336218720353554e-01
-2.862023182021615833e-02
-2.147482533340519251e-01
-1.190675391256862253e-01
-2.849119771164246306e-01
-7.793120719884845116e-01
-5.453009167563115378e-01
-1.497653005376853308e-01
-8.342594808185940791e-02
7.511933613716764713e-01
-1.872220911521794429e-01
-6.421659518426236536e-03
2.165221892331185283e-01
-1.144644682358293281e-01
-3.224515041613253974e-01
-2.100737772921144608e-01
2.621210107719122995e-01
-3.208066272163527244e-01
1.410996439281247683e-01
-6.280311105226236146e-01
-3.315562870073815449e-01
2.180237442127005709e-01
1.039056056136951067e-01
-5.635831465565314113e-01
3.005040426805240944e-02
7.282470736943958967e-01
2.441309405027744794e-01
1.885998493628689432e-01
-2.303851168576890596e-01
-1.466203039494022309e-01
4.850215963734336860e-02
1.546793787391674280e-01
4.712000958631319403e-01
2.327628476309711453e-02
-6.262741768424670008e-01
-3.469243902257141965e-01
4.046587171174791941e-01
-9.848720533908036368e-01
-2.559971895235675921e-01
2.819317873394130980e-01
-3.468900836824771461e-01
-5.152836212350592887e-02
-2.244014914790387338e-01
9.400752829176930309e-03
-1.336240378952318897e-01
4.938188445704532192e-01
1.088347773217901854e-01
-1.157344381888128354e-01
2.616805479788197331e-01
1.056692741668497498e-01
1.606389105250344007e-01
1.259991616253050388e-02
-5.333840017215933926e-01
1.559165599143344794e-01
2.371314396970051197e-01
1.416973378585831000e-01
-8.118557004214931039e-02
-4.007050527911146798e-01
-4.980184264575349129e-02
1.428716573328072115e-01
-8.178188101561203321e-03
-3.715928823569261130e-01
2.521196590998770470e-01
5.861655991099483654e-01
1.274523527269973144e-02
3.083425735289294090e-01
1.678580294578096987e-01
1.923054340397937767e-01
-4.922994116441381518e-01
5.323375456401294864e-02
8.950307842826808746e-02
-3.280051079521313917e-01
2.962102831635842273e-02
-4.083518263353883015e-01
-7.665849425323792432e-02
4.465825249101517541e-02
5.420940730747487724e-01
-1.778417024467260077e-01
-3.150069625802012774e-01
1.956050970146751555e-01
-4.519646889978493065e-01
-1.382618450010270061e-02
2.227235813137712905e-01
4.255362044792671550e-01
3.553934050629001806e-01
-1.178022367410120202e-01
2.848205221534894516e-03
-1.217265900032333259e-01
1.203119329522724795e-01
6.617466260515020293e-01
-1.973535163795822611e-02
-6.122020709961953910e-01
-6.586258583254976651e-02
-3.221830537646063197e-01
-5.932000672481809733e-01
1.432193511834775612e-01
-5.766108316983056259e-01
-1.183948431697218716e-02
-3.839367735095288586e-02
3.446663783362481637e-02
-6.256956379539678759e-01
-1.269079779302878797e-01
3.226233262510659894e-01
-4.002291670934483014e-01
-4.092164668942372546e-02
1.895774343976027593e-02
6.415805997780975323e-02
2.635563826911710428e-01
4.583297420494631957e-01
3.234971549513996347e-01
3.474656625413892197e-01
-1.802184577477530247e-01
-2.051627933277760385e-01
6.834224342836834332e-01
