-2.237165751412440173e-01
-2.483481649824979265e-01
4.115076980162324927e-01
-4.588401402155545816e-01
-2.849487932152379444e-02
-2.722526094070277375e-02
4.682409888938008358e-01
1.816423266141755644e-01
2.275703365331564476e-01
-2.728640396599635309e-01
4.244858374470964479e-01
-2.343849539269377558e-01
1.618821322444194688e-01
-1.017976040640646146e-01
3.056411308719683695e-01
6.713333161970565233e-02
1.571787866165820502e-01
-1.163321701255260882e-01
7.063519753156209946e-01
3.432526231033173909e-03
-1.486495686447639186e-02
-1.311640087258421072e-01
2.227738809116146801e-01
-1.077957414559667509e-01
-7.901616891923966823e-02
-2.461176274058705371e-01
-3.455898398574979713e-01
-2.526502405042280880e-02
3.438522550146732026e-01
1.335822917088891060e-01
2.322271446887834989e-01
-4.251081658254021178e-01
-6.530206025687649296e-01
-4.994612313815038340e-01
-1.245179516484236776e-01
-9.556343672126158678e-03
1.032266228460618357e-01
-3.592782997744219387e-01
-6.211586939984222733e-01
6.068828982788254667e-02
1.569179438013947395e-02
1.516675011212509916e-01
4.795645590177977091e-01
5.067577037203331303e-01
-1.056787707088285150e-01
-1.364615953587466624e-01
5.433194321014683803e-01
2.640047767926996178e-02
3.805420323555288031e-01
3.963531531795732588e-01
-1.499147509479067664e-01
-2.901975750253212860e-01
-2.364277443431372916e-01
1.102678116110764328e-01
4.046335722726223660e-01
-3.502184105453375884e-01
4.085261010961778183e-01
-1.603378721671552543e-01
-3.007797990810275879e-01
-3.328797756607306674e-02
-4.603527583103306231e-01
1.151735007803928873e-01
-4.026405524562794436e-01
-3.290004037757295330e-01
-1.930706179832984704e-01
-1.657089480990659724e-01
2.732268134806581927e-01
-4.343335475952608271e-01
2.892192974076568945e-01
2.095373643686407605e-01
1.278955924356854970e-02
4.977046259583663423e-01
-1.056527381252034270e-01
-8.358568832434214169e-02
1.757407822148308596e-01
-9.835833522254094907e-02
-2.594313682337168747e-01
1.331026271127865312e-01
4.348231349227390519e-01
-1.168550125375566462e-01
-8.629416224007376013e-02
-3.235822875345003014e-01
-3.115485272886217571e-01
5.004742141099068758e-02
2.560930043713074283e-02
1.765946463739658800e-01
-2.126342732993344586e-01
7.656213727896096777e-02
8.497660424201528701e-03
-6.844505607543650838e-02
-6.638027876753177514e-02
-5.632719904019123369e-01
-1.552021403581050063e-01
6.534311753540927858e-02
-4.408102283992147985e-01
-3.793192961043529432e-01
-3.222009891926983505e-01
1.375139100630523026e-01
-2.748688336438281365e-01
-1.402255884548074816e-01
1.659373041791671055e-01
-1.075198835105850292e-01
-1.051267067800407129e-01
-8.730304450736380006e-02
-3.001083031787248334e-01
-1.927363571013503141e-01
-4.675511447484060334e-01
1.373045937622451307e-01
-5.562274007763438055e-01
4.150381551261508317e-01
6.806467638791415808e-01
-5.613699487545037448e-02
2.052196592466446479e-01
-2.467134216242205247e-01
1.429160786038368158e-01
2.203089428616499812e-01
1.447931586837540863e-01
2.830078208631818804e-01
1.744207344936986870e-01
1.280038989094698099e-01
-1.871244340235252435e-01
3.041430487899454138e-01
-2.411205105825457440e-01
2.087415409871717920e-01
-8.814568391237849465e-02
5.315080416214308379e-01
1.054486922119526326e-01
2.052648723475881398e-01
-9.958099716721019457e-01
-7.265717619535433380e-01
3.755251570046255760e-01
-2.328478318308831174e-01
-4.001295321297125285e-01
3.532767459943387395e-02
2.560658188072313379e-01
2.030457100531006878e-02
-1.886429507899230751e-01
-5.599227389087867851e-02
2.903513583326151615e-01
-2.980935478330805632e-01
-1.236307890366422357e-01
3.807188299217212357e-01
4.762075574362460983e-01
-1.029373654878218275e-01
2.118896041785639853e-02
3.157068297339868379e-01
6.111690114760434112e-01
-7.826950677682102675e-02
4.595481194859359908e-01
-4.785825851777517070e-01
1.282280899106650052e-01
4.804550133841583442e-02
3.985833642369710494e-01
-6.546406563336235607e-01
2.638682813055734377e-01
1.984653244009179987e-02
7.923557707945416695e-02
-2.995392619845241300e-01
4.626995722579086978e-01
1.316059878132185557e-01
-2.034295349114283724e-01
-8.236866316333691929e-01
2.847565936263224406e-02
3.897952985023594996e-02
4.564239784475279116e-01
5.179863598866398799e-01
-2.862165855860121511e-01
-6.116254852256536312e-02
4.766838235782080435e-01
1.812730513497958981e-02
1.125593431901567576e-01
-3.817909102718124448e-01
9.980615866849100459e-02
3.575920302177298254e-02
-2.377790664883027427e-01
-1.118049105532485238e-01
-6.557338109969071405e-02
1.927977358643579719e-01
1.453726073128347174e-01
-1.246675083287294566e-01
-5.181383912304536599e-02
-7.155979029551381432e-01
-3.159405138974185068e-01
-2.370892886065220362e-01
-6.380248279319790106e-01
3.976397354868390077e-01
5.599286980853118711e-01
-2.638080511293742700e-02
-3.040341479522334356e-01
-2.386371181853418066e-01
-2.634363979085823648e-01
-1.444747657322206780e-01
-5.610496567116740607e-01
-1.140260192846909160e-01
-1.480940758482289510e-01
-9.691672075562198785e-01
-4.192658104731687430e-01
-1.888937871517725464e-01
-6.320213486516464974e-01
-5.918568390779117561e-01
-1.557306903460644876e-01
4.190145280195571587e-02
-3.859615916458183915e-02
1.329555270600615569e-01
-2.206201581521662625e-01
1.863308738732469272e-02
-5.904807736971567911e-02
2.178752660545583697e-01
4.204641840329299829e-02
-3.138915347225145758e-01
-5.527331902324593704e-01
-4.579507830736411766e-01
5.210565434696419473e-02
-2.268665435811099695e-01
-1.297516070585678916e-01
4.640593264887518110e-01
-1.207804979138753787e-01
1.984941323219329146e-01
-3.727115752562918938e-01
-2.948612784326994363e-01
3.605259515212809185e-01
-8.884862639130265693e-02
-2.184523115786133063e-01
1.857317299566836610e-01
-8.775282194158265381e-02
-1.912453771712917250e-01
1.923839602541215221e-01
-9.720434770392233359e-02
4.587302797948863420e-01
3.562339846289215295e-01
-1.524156711522461072e-01
-9.912336770793277185e-03
-1.875244424438528290e-01
-2.635740849828557830e-01
-2.020848199709253390e-01
-4.280390949934876899e-01
6.336964112536008775e-01
-3.162351472689717835e-01
5.610967880299665839e-02
1.239562576103956509e-01
-1.025729608295723044e-01
4.796780790606867961e-02
-4.163858283011050987e-01
1.434835795860643637e-01
-4.035721216358306163e-01
7.210364319732730509e-01
-1.948806938512828990e-01
1.178362846402494363e-01
-2.526851545226596954e-02
3.785373650446271360e-02
5.759952659494130961e-02
6.238776213115562186e-01
2.641736947877089126e-01
-3.366719317973155268e-01
-4.918060904643493103e-01
2.164929890264663259e-01
-4.106392632857287089e-02
1.022516978507467256e-01
-3.706862368081444425e-01
2.863136775770329101e-01
4.058413763104885830e-02
3.211305563627794846e-01
1.498471969460695719e-01
-6.927816904051208313e-01
5.227562452469468601e-01
