1.615123303338172611e-01
-3.582735667839700988e-02
3.095657840331930144e-01
2.999650672557952480e-01
2.127810610866132102e-01
-2.501537008875230617e-02
-3.734415361407555367e-01
-1.605073113117992112e-01
1.248226442246979928e-01
-1.018864902196657402e-01
-1.964463019715482345e-02
-5.215489415967415887e-01
-3.631469308791946959e-01
6.427873560879704407e-01
-2.662092095367858957e-01
2.532742197676141060e-01
-3.475536651587882164e-02
3.689929240618095019e-02
3.440912754580216504e-01
-7.951276602125648130e-03
-4.569752392056086743e-01
1.331917454238861105e-02
2.268138654350670413e-01
-2.084138647616644580e-01
-1.199764826920704797e-01
-2.398296592622763956e-01
-1.052188519558378832e-01
-2.088667848696521001e-01
-5.092153076505669951e-01
6.683596739926288555e-01
-2.123607018587974904e-01
1.208545328068915126e-01
1.128492003337268623e-01
3.519942902320378209e-01
-4.805744429655141592e-01
3.769609316489109796e-01
3.316813762561658663e-02
1.778312121486715636e-01
1.582212033393051720e-03
3.301801847097022291e-01
4.247981553725940218e-01
2.058226780513060239e-01
-2.766618166365332199e-01
3.581002488038222409e-01
-2.074494932742592113e-01
5.048855505880139871e-02
-3.374184559324330812e-01
1.789719555025095776e-01
1.658795874013449523e-01
4.765995670933764194e-01
-1.057335861367558610e-01
-5.382426481578282962e-01
2.477115272399355583e-01
3.985071567946747439e-01
-1.249020274116261486e-01
2.593320365318006471e-01
-6.491160528838377797e-01
-2.567562017387111650e-01
1.921932549185724759e-01
-9.782673848734747823e-03
2.661174700084000810e-01
2.397140537684963602e-01
1.166943504205072285e-01
4.024044604434907635e-01
-5.943309919858392742e-01
-1.786867676123099491e-01
-3.176951319718142597e-01
2.539059287252389274e-01
-2.269703481251842125e-01
2.865219737090169416e-01
3.319117135679879316e-01
-5.360602736198677443e-04
-7.610979377541429725e-02
1.661640508516087911e-01
5.140671480885776745e-01
1.044170059203880230e-01
2.972661316801625264e-01
2.271151064456292112e-01
-4.555029471127596263e-01
3.589016968163049465e-02
2.292884168335758660e-04
3.655669911464826810e-02
6.633669742970951799e-02
-5.499034219393720418e-02
2.325449332492313947e-01
4.784688648479651918e-01
-2.213197720572504523e-01
6.618238866040286883e-01
4.109228605772199394e-01
-1.044223013827465102e-01
-1.257836928477807370e-01
-4.599741070810779708e-02
-5.560557142266773223e-01
5.340969994587473069e-02
1.790604520110130604e-01
-2.924330714577149659e-01
4.878594075470319980e-01
5.083278530152519625e-01
-4.835381668314576720e-01
-1.246797167861108252e-01
1.139535869267858798e-01
-2.220636579491562235e-01
-2.528525636698512186e-02
-1.306467614421908119e-01
5.832008010308717960e-01
-2.286568894175577404e-01
1.573421209409593402e-01
1.811218597012470566e-01
-2.972050755826967094e-01
1.489663922926202644e-01
-2.012714907324528457e-01
-2.246312142028610292e-01
-6.012726194831882198e-01
5.100157575233561502e-01
-2.399143695707326995e-01
-1.686926163654154653e-01
-5.449909606785882654e-02
5.426664474156106532e-01
-2.850260141243355361e-01
4.715601608330806660e-01
-4.601738687861587351e-01
1.011566035576042383e-01
-3.876890519940597857e-01
2.447382600707912470e-01
2.515940573027297122e-01
-3.118702323986364405e-02
1.344053532967930953e-01
-1.347242837499777468e-01
8.992406966461746753e-02
-6.015543021749019531e-02
1.431091533714515251e-01
-1.894716978012235542e-01
4.110993748399388026e-01
1.126623822094287158e-01
-1.238698961165775742e-01
2.211770268416682617e-01
-1.695521954601792447e-01
-2.408641166234764541e-01
5.705913745104896143e-03
-3.214504880473332826e-01
-5.056235721294197738e-01
3.189321409922859507e-01
-5.709389759876614540e-02
-1.087346438401923521e-01
-2.734737126144010655e-01
4.740048575290761734e-01
5.565911647887682862e-02
-7.610714824309641746e-02
1.340599470940309068e-01
1.883330447123197637e-01
1.513982561642316926e-01
1.424535041519001399e-01
3.173073264440240959e-01
2.066322369707398743e-01
-2.253779851857923844e-01
-5.927716201903145965e-01
-3.120653650137483748e-02
-2.670622389130458685e-01
4.691658779628555820e-01
-2.947565349994941131e-01
1.085553377859298507e-01
3.990405321768467628e-01
2.144351720145622475e-01
-6.046703073545046936e-02
-4.308469156250473164e-02
-4.437921648515100737e-01
-1.800199257165654432e-01
5.148492364355934381e-01
3.161329507306859798e-01
-3.918483393732078574e-02
1.062918781157280446e-01
5.903305639729281573e-01
-2.085409014675041750e-01
-4.343839335164443455e-02
-2.733427274860220080e-01
-3.897532241192465663e-01
1.604130070149986653e-01
-2.657683178771421684e-01
-3.755787557315754671e-02
3.222836663157554460e-01
-3.348319266400957145e-02
7.855492487749184960e-01
3.187901249209673105e-01
-3.085682216878860018e-01
8.240131453628228575e-02
4.895810275597789474e-01
6.397969901850439900e-01
3.605307349582321241e-01
-1.722881439334286446e-01
3.557057030753174032e-01
-3.509600501114391868e-02
3.717277542598571571e-01
-1.838558471266129590e-01
-9.660339177775763286e-02
1.475853527519077057e-01
-3.552486387822633152e-01
-1.786380468856675341e-01
-3.827982397009929011e-02
-2.773972452931956489e-01
5.868799355558012021e-01
2.680159811068681952e-01
-6.942352946388632984e-02
-2.263805291284992638e-01
3.035956047475119046e-01
-1.998945733187806606e-01
1.384744155551695111e-01
4.649423567694850323e-01
2.485682221177196692e-03
5.793126786826953423e-02
-5.062724876348712044e-01
-2.727350461156824446e-01
-2.826145806347712258e-02
2.288213952586486966e-01
1.924914568014436389e-01
3.849055882945125184e-02
8.583821884302324234e-02
1.441077931923955280e-01
3.359600912329698819e-01
-5.152377939174234145e-01
4.177802290872759672e-01
-3.332883440199413405e-01
-1.611420505356766786e-01
-1.034155238066725990e-01
3.659120194188908437e-01
-3.621309776149398973e-01
-6.812934459831658518e-02
3.212861885411832930e-01
-7.291734647528724800e-02
-4.075738709144757776e-01
2.673619281109353985e-01
-2.354162973348010168e-01
6.979246732272882392e-01
5.014602124965487906e-02
4.150591059544026518e-01
-2.607467324121959806e-01
2.945009230523186194e-01
6.393918981898125131e-02
1.472858897603021022e-01
1.360911506480678712e-01
1.969722377971572791e-01
9.531745442787557809e-02
-3.106365343925437394e-01
1.728381874316857469e-01
3.517911584096048982e-01
-8.166581918830202735e-02
4.402568631872509353e-01
1.075276596302520843e-01
-9.613481679365690202e-02
3.997949504668925347e-02
3.244609062140113021e-01
-1.744922213855310267e-01
-7.015503818097882371e-01
2.486839768477257240e-01
4.653375028116643053e-01
6.117925734258301829e-02
5.277964374190109442e-01
2.630963125268073743e-02
-4.063149870000493102e-01
5.063575240712143710e-01
-3.667052478347909705e-01
5.446238674790866013e-02
4.276551804937130385e-01
-3.076356003245224735e-01
2.043980922583154836e-01
7.037535091595160663e-01
