1.504868989012347058e-01
4.950669780264782549e-01
4.308860769590338036e-01
-1.497326177477232012e-01
2.127810610866132102e-01
-2.069551197002299225e-02
2.147465427109708502e-01
2.624972933940266651e-01
-2.618539014885439276e-01
-1.437355056941431453e-01
-1.093405210597275523e-01
-4.841818749578635228e-01
8.429848819903065782e-02
2.983555055941504719e-01
-2.041844477007390690e-01
-2.618082243101298445e-01
-1.674697756402791504e-01
-5.747867000666472687e-02
-1.551862225492039310e-02
-4.438449354409575998e-01
-3.129158949525941980e-01
3.532627677707440572e-01
5.110633890285034564e-01
-5.620549352650684033e-02
-4.548195888184183855e-01
4.169983636218868583e-01
1.352594914053683317e-01
-8.452758089779675854e-02
2.203653889258577470e-01
3.869951098665838085e-01
-2.551367134553588975e-02
-4.129484766004253016e-02
5.308486634318943659e-02
-1.139340857039841670e-02
-1.470317370919448641e-01
-3.486447982790813471e-02
4.533127947818229794e-03
-6.026859167692663610e-02
-4.326372094587729311e-01
-2.804015097686881064e-01
3.209230578165723352e-02
1.948905739871860110e-01
5.773740262885713320e-02
-5.182238487944440530e-03
7.097153285423894731e-02
-5.632951481776317104e-01
2.288834263891970783e-02
4.203430687611777739e-01
6.064871721937841187e-01
6.571272641026156824e-01
-1.581470911745640473e-01
4.320623791775133338e-01
-3.728830964034994810e-01
6.322730064086021229e-02
2.892561757135373446e-01
-6.417077076964942950e-02
8.939560851405091435e-02
3.112156993776699632e-01
3.934754399041382467e-01
-1.005138716521268016e-01
-3.831444745840797278e-02
8.271529356192741655e-02
1.557443090083656667e-01
-2.760564357591946960e-01
1.047587331400448019e-01
5.908495593378663979e-02
1.400358840121263271e-01
-4.409197268107402645e-01
4.279384620977711995e-01
3.118877043254585368e-01
-1.556719244106003486e-01
-1.439958698856115826e-01
-5.862368338198375994e-02
2.766795864663916249e-01
2.061655809955802166e-01
2.606546983119185090e-01
-5.831506345673934805e-02
-5.282934458593643856e-02
-3.249831333942552192e-01
1.913991857538825392e-01
4.105628035024983663e-02
-4.778336213114036668e-01
4.263032242471475053e-01
-6.434387075570957570e-02
-4.219368520827376789e-01
-6.155488120618098913e-01
3.555320123754650563e-01
3.610124047579383877e-01
6.561655506669368532e-02
1.572919689665273901e-01
4.846653744092825622e-02
8.724919003095656933e-01
5.962637780546533595e-01
-1.495428832901421479e-01
4.454043839987321673e-01
-2.086870319042394284e-01
1.109024732997532792e-01
1.904814112020844219e-01
2.203978184769931903e-01
-5.388870639641633042e-01
2.167069428508787143e-01
-1.040598730765827096e-01
-4.692838362827741472e-01
-1.350832679966430250e-01
1.358549762787080173e-01
7.884721763477917089e-03
4.373748850971351798e-01
-5.936070900898093861e-01
1.685995271212301916e-01
5.826614954399177426e-01
-6.092125544940172333e-01
-1.462540475343654389e-02
4.677130970150490397e-01
8.579571244390847562e-02
-1.498224197694086324e-01
-4.235833308894663696e-01
5.547367857570717486e-01
3.385082722493797380e-01
-3.959334185229241854e-01
-2.093037916242213026e-03
-3.871249102541174936e-01
-3.609645729600473030e-01
-9.693560563762380899e-02
-3.276468980062317155e-03
-9.618474796872894528e-02
2.428648240547733039e-02
3.373916467502053318e-01
3.275317118720726117e-02
-2.585744899870007774e-01
-4.079413694025932902e-01
-2.896719153772386868e-01
-5.706596539560696568e-01
-1.145749937989027911e-01
3.779093085737831870e-01
-1.936660893625026802e-01
-4.784785778326040573e-01
-3.627229772430151655e-01
1.203433432944094918e-02
-2.090178131624224611e-01
1.990634068791876168e-02
-6.040996495090993068e-02
2.915223259163935987e-01
-2.330836811241401296e-01
1.995114353021216758e-01
-1.646945882130310124e-01
-1.562026484020444805e-01
6.068848202910217537e-01
2.197131103405833563e-01
3.194105341077456139e-01
-4.863944557260325985e-02
7.523159825484437499e-03
4.110484220357353280e-01
9.302759893330518615e-02
3.314492824662264581e-01
1.079786005861619047e-01
1.017270105433526611e-01
-4.570208179723893038e-01
2.463212269104599894e-01
-3.746360212140232293e-01
-1.760701137973614827e-01
-8.554908901899009599e-02
2.858215196622495569e-01
-3.259798293090654386e-01
-8.465362451340434358e-03
3.972548475974312931e-01
1.814751064320862251e-01
3.175122381012908668e-01
4.217405581057118158e-01
4.828869249270176939e-03
-3.627879787168025172e-01
7.888898450055106815e-02
-7.468711870447718171e-02
4.192222430880763739e-01
1.872436300419753202e-03
9.535877085417955590e-02
-1.931942125777241226e-01
-3.837909458763716919e-01
-2.470259043498807816e-01
-2.255254266425300302e-01
1.415685431744368450e-01
3.088278836947495054e-01
2.691333432299909401e-01
3.381230676670526902e-02
4.837145777336757102e-01
1.750780090485475338e-01
3.600584628633910628e-02
8.889399389071895446e-03
3.775056254414017043e-01
2.962929684813966347e-01
-2.022597025778166135e-01
2.813031243165106110e-01
-1.813869398414346135e-01
3.978212003455821044e-01
3.898022324302464203e-01
2.729999309284540376e-01
3.723734698707372170e-01
2.317422467113551821e-01
-1.061970927036848811e-01
-1.547669231824332081e-01
4.711624319939764494e-01
-3.609639814250777123e-02
2.948348919567593540e-02
-1.235830557037387867e-01
-1.089032184020748695e-01
-1.324776213784032985e-01
2.201853222002740362e-01
-3.220604139272881250e-01
-5.018515003411544440e-01
-3.752737434158977259e-02
1.215937498734822597e-01
-2.837459869137917146e-01
-2.649236478578584908e-01
2.990967308770661193e-01
-3.094941392084139542e-01
-2.412390022496701536e-01
-6.364896518188012386e-02
-5.294215505848264280e-01
-1.317543105328851730e-02
-4.517352566753059240e-02
2.021570951611868228e-01
-7.185149241244856988e-01
1.134273893750382123e-01
4.068720669274521473e-01
3.353917454513622998e-01
-4.897986574147610850e-01
-2.695339375398728698e-01
5.131566059250006751e-01
-1.899561644385040216e-01
-3.814834192632153842e-01
2.330314038666605192e-01
-5.297737755370572899e-01
3.279994825041137596e-01
2.757473126884013581e-01
-1.753215252822628023e-01
-9.231267130424636314e-02
4.539743032812536966e-02
-3.425116655410685995e-01
-4.034994412779043804e-01
4.300583328405748751e-01
-1.605295819302553773e-01
-9.170354665426702634e-02
2.490990344243560473e-01
5.715832126588177298e-01
-3.164153329590511932e-02
7.588063992693265813e-01
-1.135180182707581087e-01
-1.556714384004865281e-01
5.066537987109042129e-01
1.336197106031501991e-01
1.798231158457464646e-02
-6.174568684600634239e-02
7.457978927663135027e-02
4.382463323247012821e-01
2.766677050008689021e-01
-2.203444227440042313e-01
-3.137688078480967979e-01
1.059461573992346722e-01
9.552548828608901921e-02
-2.465074835122320063e-01
-3.483643295202957235e-01
-6.776527555277038761e-01
-4.372018118017582666e-01
3.269964255695786415e-01
1.267953272948726950e-01
3.631958478798501949e-02
