-3.911009190482813702e-01
-2.303223329680760545e-01
3.464316493892120596e-01
2.691610269878296213e-01
3.348224743167407813e-01
-8.612344890637811667e-02
-3.795466041334995544e-01
4.847500990598964665e-01
-1.364329462820902950e-01
2.095316814034464126e-01
-1.081474247698022417e-01
-5.151269104635329832e-01
-3.550275996057760675e-01
4.297644914685619932e-01
-1.835499476020776566e-01
-6.670404526624675867e-01
3.207198206153133446e-02
-8.055070175829270873e-02
2.676212704035346723e-01
-1.335421092817217215e-01
-5.233528677984722322e-01
1.125271978207159351e-01
6.256707230431249322e-02
-3.007097738820931343e-01
-2.054530263338236185e-01
-1.784393043172975701e-02
-8.448582648438274223e-02
-2.890621699705395176e-01
-5.886502289481302386e-01
-2.409047084207074918e-02
-2.347845846634628864e-01
1.433603078150397780e-01
2.333393750573036773e-01
4.150821832297298397e-01
-4.523215788958047101e-01
4.064220996812264453e-01
7.999807682134796316e-02
2.231512851353963378e-01
-1.378103829501974853e-01
2.691199424299642318e-01
4.516407872505087129e-01
2.808045808922184361e-01
-2.350513285598067048e-01
4.523587335054836123e-01
1.421558153083385678e-01
9.805566219174977061e-02
-2.838941352329334977e-01
1.792037196271336064e-01
9.556377990717508653e-02
3.816015074707553301e-01
-1.457459800691679186e-01
-5.178274637847460893e-01
2.174997144774820090e-01
-1.098195378535810340e-01
-2.706960492560401277e-01
2.437665028608390072e-01
-7.289611838434193469e-01
1.747245119955818660e-01
2.490065151085966155e-01
8.385566566127269916e-02
6.424662758206015067e-02
4.141370477519482063e-01
1.327472906526251661e-02
-7.850742791562689282e-01
-6.296996546487186874e-01
-2.742318753615366478e-01
-3.338061450172744582e-01
3.388380971314215451e-01
-1.912256307668993571e-01
-1.061549581179879465e-01
3.063240500415072010e-01
4.516898455603226420e-02
-1.830221820541099442e-01
1.539688009417267689e-01
5.140671480885776745e-01
-2.471858647572589274e-01
2.748194779956178446e-01
2.316771719191466905e-01
-4.129916539627994654e-01
2.114251002407908919e-02
-4.878752865803244465e-02
1.022357384522941531e-01
3.007342793519327331e-02
-1.704900480301410060e-01
-1.108734073912604617e-02
4.916400374458897438e-01
-1.238719538648987845e-02
7.181385948002434461e-01
4.310544290025289937e-01
-3.248563398299003646e-01
-9.499864195595944527e-02
-5.419147821033280105e-02
-5.216390803035502177e-01
-6.793099267304955613e-02
3.126654803926040560e-01
6.965094861070353360e-01
-2.292815570317145724e-01
5.042956323202826274e-01
2.959256463214916533e-01
-2.610322591736675135e-01
1.165334435903407212e-01
-1.673226074187771639e-01
-8.035352505859685857e-02
-1.810621445626653947e-01
6.351021044892954937e-01
5.069121900434230277e-01
2.359590687179553559e-01
-2.344609446452191881e-01
-4.127448128693906870e-01
1.249715344399713601e-01
3.130588628734905510e-01
-2.302357817873265655e-01
-5.567906418223135256e-01
-1.877478933759244573e-01
-1.796084762159793347e-01
-4.377849478282613838e-02
3.274995821880586494e-02
7.071079091385045201e-01
-1.911778108690505296e-01
5.426975563027769400e-01
-5.017336156103050504e-01
2.352816577055071023e-01
-4.300160977381726757e-01
2.253110497568629189e-01
-4.573801533638647832e-01
1.647167401071155945e-01
-3.720393713545880332e-01
-7.516331124936875829e-02
3.516720369876893959e-01
-1.297057482679529750e-01
1.821447468507642609e-01
-2.202811304933089964e-01
3.741629707300454522e-01
1.956589513954073711e-01
-1.130620725670006543e-01
1.501307194256769062e-01
-1.533750086582728323e-01
-3.056630018425670614e-01
-6.349593224880866194e-01
3.605897750488201714e-01
-5.842642540487671260e-02
4.327441984214698834e-01
-2.925109624168243938e-01
-1.301611289294720142e-01
-9.412367986419693799e-02
2.080919281227799900e-01
2.135361375069182166e-01
-4.317007543305558664e-02
1.124080233929581618e-01
1.724541880353626377e-01
1.180239243456624038e-01
1.562316120832313304e-01
2.105477122421467728e-01
-1.487221089207864388e-01
-3.771717230267707111e-01
2.369426545712676468e-01
-1.596245199021346373e-01
-2.740854148692334902e-01
4.608673120549129365e-01
1.498768618493516169e-01
2.396757366812050094e-01
5.891269872263675822e-01
2.655729725797979501e-01
1.429857654638795605e-02
1.058925628942039843e-01
-4.712442997727535055e-01
-1.345605194096662904e-01
1.135637975235102327e-02
3.861044853422997414e-01
-1.131634064193222378e-01
1.037895055864596211e-01
6.428004184255086129e-01
-2.492039821958981771e-01
-3.289476760981232401e-02
-9.391598655300481546e-02
-3.834238256237933462e-01
5.804790621195200784e-02
3.214201670229654972e-02
-1.039555719497563396e-01
4.363460560235932206e-01
-6.299102707326331707e-02
9.621794482907717327e-01
-8.417656244542161270e-02
-3.139561172459351401e-01
9.325354289248675987e-02
5.632970519278539534e-01
5.490890811056734488e-01
4.211221453946986659e-01
-1.629760946890661255e-01
2.704948955430266366e-01
-7.420117423211733398e-02
4.331753692228228481e-01
-2.767708550571080783e-01
-1.977279526839049728e-01
2.769375527774584067e-01
-4.582396374489998703e-01
-1.970146963185424316e-01
2.014754527546362001e-02
-4.184299102343124188e-01
-5.513087064658303005e-01
1.953473353695676651e-01
-6.414122635924907057e-02
-2.257965665528513521e-01
5.139256522311883013e-02
-1.857996948390352177e-01
-3.279986065890168334e-02
4.047560122498067847e-01
-2.173535739587853510e-02
1.319025195673131923e-01
-4.848334812746341038e-01
-9.639348050390131317e-02
-1.254399287696970622e-01
1.477741572134947390e-01
2.092919893320427105e-01
-9.425657199811784959e-02
1.909576623572567522e-01
9.647649371060428025e-02
1.583820497302548813e-01
-4.478734194777236333e-01
-7.131092652632238238e-01
-5.352749350048078281e-01
-1.891678605049440243e-01
-1.336244764694142773e-01
3.396515642969863968e-01
-2.462655574077334264e-01
-2.426060359325826199e-01
3.199845595100397899e-01
2.052185526997819254e-01
-1.837220707831988542e-01
2.271073019757038070e-01
-2.396986069717529366e-01
-8.357588040213138614e-01
-7.630170812865759433e-03
-5.466022487189210743e-02
3.265350293766464684e-01
1.788177590168580147e-02
1.553932508435860727e-01
-2.987633568534815987e-01
1.071725326671236073e-01
-1.306219401814413539e-01
-1.837034569151704266e-01
-2.560640820937003515e-01
8.765436760944865513e-02
2.160568574755042104e-01
-9.633687964830044137e-03
4.485466568730019921e-01
1.492072742435702759e-01
8.415732188550666126e-02
1.397436016264898828e-01
1.433526937278323254e-01
-2.286682261212809042e-01
2.599418982636442776e-01
3.591356841197753114e-01
4.898541088364867235e-01
3.701000781791769639e-02
-4.092617682987664818e-01
5.172574922885241760e-02
2.054976633353691740e-02
-1.224306747778701639e-02
-4.445710082293435339e-01
-4.384109043486275614e-02
2.395189464816229741e-01
-3.142289330493921451e-01
2.767318011057088856e-01
-1.770448282894609149e-01
