5.698666032243879798e-01
1.531814909002031377e-02
8.082602359563587080e-02
1.613765890359771249e-01
-5.046924271455556221e-01
-5.934011535133582038e-01
-2.918043854765169365e-01
-3.644647393645597533e-02
2.845300411499601112e-01
7.830479030110372440e-02
-1.717032504185853625e-01
3.857558578761184024e-03
-1.991783745522472393e-01
5.087230595444203196e-01
-5.044242023594607272e-01
-4.410200518780337253e-01
1.252400996379079284e-02
3.502338900386419152e-01
4.264687751571007851e-02
-1.133191118588800367e-01
-1.362123845019278245e-01
1.440371706072121616e-02
1.326588482732122265e-01
2.888573904502861334e-02
-3.000910652914769994e-01
6.326693751495822138e-01
-1.037071293906497438e-01
-3.834388464841740896e-01
6.122809936634101557e-01
2.020714986604460750e-01
1.208821653118473533e-01
-1.063982482251209505e-01
-4.299808627355531931e-01
3.846146748725063347e-01
-2.780511083499382918e-01
-1.203427925864236914e-01
5.170118751446566019e-02
-3.867181465042311000e-02
2.284554211746319882e-02
3.188441656148682246e-01
1.695384254234935661e-01
1.616996128951542211e-01
-6.168922851327942464e-02
7.216300115008676963e-01
1.211652037509296925e-01
5.973528330461289754e-02
-8.148129277633474610e-01
-4.715052699465784314e-01
-2.311322380082602157e-01
-2.519322009385065453e-01
-2.859490898729871722e-01
4.413325788626084600e-01
-2.129207217178792910e-01
-9.631303465822266957e-03
9.414776663425837577e-02
3.544439582774155384e-01
3.064023245044744659e-01
8.290190940691202215e-01
-1.408292021784793013e-01
4.505965821012737904e-01
-1.066518008722546207e-01
3.886031108234638820e-01
2.387585834524489081e-01
6.696146603394684954e-03
-1.900370934345565754e-01
3.581447380366268862e-01
-5.093761096215725370e-01
5.929650291103719661e-01
-2.327377681043726332e-01
-2.073926542653295735e-01
1.521478243904958449e-03
-1.395454931015454869e-01
1.838572504454540346e-01
3.596466333724628317e-01
8.759102378831230828e-02
3.565340792902894906e-02
-8.802637092003297303e-02
-7.560804015598679984e-01
-3.445735330999749602e-01
-5.054354163486067530e-02
3.128222822485097199e-01
-8.793931115585018610e-02
2.608994124205551435e-01
3.281440771835153480e-01
9.224228310475141024e-02
3.853240370370489276e-01
7.698865090318279814e-01
-2.472179243366790513e-01
3.265703500148682825e-01
-5.750475389978211282e-01
-1.939320553770396416e-01
-1.174699831221295565e-01
9.572357345932747119e-02
6.710435091087596504e-02
-2.883961457409345286e-01
1.475089981577627080e-02
-8.810190910808171627e-02
-1.646586861391428069e-01
-5.225860582526613285e-02
3.338278438510590140e-01
-5.251726452239078302e-01
3.241255490099380632e-01
-1.332548844276577882e-01
2.414039557241644540e-01
-5.552101502872575089e-01
1.937588168803241750e-01
-3.471052594871264496e-01
4.918434516583204963e-01
-6.518154406069651130e-02
-1.338784060800460585e-01
-1.048904966399564348e-01
-5.911493213014880066e-01
4.743832833281985129e-01
-5.326560733720636653e-01
-8.906524480379354736e-02
-9.591107316169956987e-02
-2.935627402222548143e-01
-3.566572087584830159e-02
-1.013460009136205597e-01
-1.053888794020308994e-01
-3.760820585058332055e-01
5.948634260242842142e-01
3.883102359246695667e-01
-9.602283817793451359e-02
-2.859832685660764207e-01
-6.472240019157353696e-01
2.134431630768117982e-01
-2.481365239914013199e-01
1.529367812539408622e-01
9.638747454358895239e-02
1.649686683532356202e-01
-1.226566510309197305e-01
-9.641085422310874398e-02
1.417807260899462962e-01
-3.509612388307135067e-01
-3.354473846262231440e-01
1.957972047181990860e-01
3.501853716802413863e-01
-1.540407780025500051e-01
-5.115007707835923512e-01
-1.364009879018909244e-01
-1.473049070883445666e-01
-3.057906223288203162e-01
-4.549143100999789580e-01
4.988744763876820643e-01
-1.514553031229570468e-01
-4.750019818147920292e-01
1.098658337771351995e-01
-2.002920489343515131e-01
-4.932121168067427064e-01
2.308607756498582686e-01
1.634963706092944780e-01
5.637377074791010134e-01
3.661322958659799509e-01
1.971989529117142426e-01
1.146952925902260251e-01
-5.932004153503871446e-01
4.796808631867677808e-01
3.917853378238316808e-01
-8.565725815816353783e-02
-3.777150024869827538e-01
-2.234131386481191806e-01
3.552591013768129913e-01
1.395907162714883076e-01
2.477271274369665099e-01
-2.079837057981521464e-01
1.082132666553831529e-01
7.288137398495800889e-01
1.113404667722688868e-01
1.354300661784567927e-01
2.768004947399571036e-01
-4.746333752958739605e-02
-1.416663070626829335e-01
8.813012679478039735e-02
5.132955710421889250e-01
-1.249235159187328109e-01
-3.505991175104696267e-01
-3.291565138924688605e-01
5.023119707154523050e-01
3.648617603148666122e-01
6.134191043897944118e-01
2.838276666409794702e-01
-1.488975908629861789e-01
2.474472660330493887e-02
5.586952368813719039e-02
-1.541623759351055389e-01
3.886540251988789829e-01
-3.711552877566207109e-01
-3.276692354440523258e-02
3.874239557257957989e-01
3.553794014623231634e-01
-1.097546972423336653e-01
-3.187621318438075835e-01
-3.516465890612915923e-01
-4.648622568733137284e-01
1.801550855587258082e-01
2.556571383615801052e-01
2.084444638304973341e-01
5.286932328512474744e-01
-3.217324738553425378e-01
-1.283827238526558390e-01
-1.988678784136797550e-01
4.173686242715951566e-01
7.237825768552571537e-01
-1.160466134225904417e-01
2.301515919663555398e-01
-4.497685286985580455e-01
-2.018357472027186850e-01
1.759216619061169939e-02
-1.376705549108586928e-03
-9.746425505777689402e-02
-1.001167686928040312e-01
2.744107717124088519e-01
9.248695271665861861e-02
-2.042641878894647656e-01
3.038380417016604551e-01
3.858467769429376609e-02
-2.077564877438461688e-01
2.815790819418210744e-01
3.134339199354459482e-01
3.287493590471642912e-01
-4.187175653221655164e-03
-1.298919465796448958e-01
-5.188212943455647874e-01
1.149251633258441957e-01
-3.911708573879982970e-02
-6.306848339431708750e-03
1.015916115582342349e-01
1.373494688933512009e-01
-6.660579412983230752e-01
-6.007622491233554074e-01
1.442226723955936651e-01
2.321609086247682363e-01
-1.793644868246335733e-01
1.723872238810227608e-01
6.018428153456822916e-01
5.955582362383780026e-01
-2.644855135929249923e-02
-8.014521719317990733e-02
-1.823235036919854460e-02
-3.612844795110524421e-02
6.980032844152553317e-02
-1.417641838169562962e-01
-2.483549811790297657e-02
-1.237894680846893664e-01
3.952476738707369486e-02
-3.474225474688513726e-02
7.075593660220383385e-02
2.708317636358301694e-01
-8.985120948101529836e-02
7.449740627136140769e-02
6.076890891647220849e-01
7.924292906658594871e-02
1.750063521051760662e-01
-8.736002500401469917e-02
2.323278779269026817e-01
1.237476653276377986e-01
-1.207786114653432510e-02
4.085473833461500948e-01
-2.154750477803323294e-01
-1.981700915177572742e-01
8.348317699026488459e-01
-9.148801802519923587e-02
1.445283349751105839e-01
1.611168654456821558e-01
