-1.846009541367204798e-01
4.092655022660617314e-01
1.024265311426713655e-02
2.480236692207590243e-01
7.656794540662291426e-02
3.469611590521444189e-01
4.312156332845381614e-03
2.539839263197126717e-01
-5.344383467678224253e-01
3.427967011746289594e-01
6.204858863020262794e-01
4.423444228342608420e-01
5.340410111463940179e-01
-1.410314799436300504e-01
-2.624240786171338491e-01
2.592261871884857238e-01
3.413166501869617231e-01
-1.836111983786707647e-01
-6.249755370259155174e-02
4.242480907607298901e-02
-3.792462521446995360e-01
3.118889747349589681e-01
2.974273371196143878e-01
2.253962783272017711e-01
2.930356719491260531e-01
3.008220369496953372e-01
-2.031143722095280976e-02
-3.546486414122230202e-01
-6.272165993119684924e-01
8.525364308302567362e-02
-2.736536167539777575e-01
1.941980068354381694e-01
-4.947524433303933655e-01
-3.339160219001892083e-01
-3.671563466635961032e-02
-5.147988907920588719e-01
-2.588633413814215301e-01
6.741574731719556235e-01
8.079428271409698492e-02
-5.469261765896439309e-01
-1.542555642988709293e-02
1.830333779907233893e-01
2.858924092210713419e-01
1.155348108882132407e-01
-5.252854154485912808e-02
-1.595831083564687447e-01
1.799495484911801668e-01
-1.542412701393648666e-01
5.302752820989365956e-01
-4.058909836683686212e-01
-1.880236687218674041e-01
3.592775177073604942e-01
4.220176656487411027e-01
-2.789552457581965239e-01
1.463407661093585055e-01
4.231682668458638941e-01
-4.067228189759462820e-02
-2.361758152903982444e-01
7.084288751894384228e-01
-8.063820548123340481e-02
-2.004493013002751900e-01
-2.241433365293956370e-01
4.855089643231138008e-01
3.612523177051897849e-01
-2.322116268467561695e-01
2.892694465972882323e-02
-5.645094681853961571e-01
3.222244556723742603e-02
2.360227105421218718e-01
2.291609105926641632e-01
2.754628888577978496e-01
-9.336932796372769683e-02
-2.890728153214740526e-01
4.545923049002680294e-01
-2.977121720164850327e-01
-6.229856702355492937e-01
6.039031680843772896e-04
2.141446822926804938e-01
-1.962187468181825212e-01
-4.992186305129780455e-01
5.833489021608139202e-01
1.998205448658936512e-01
1.030479923067249143e-01
6.394703133659693228e-02
5.465387004822377381e-01
-2.341017084872923371e-01
-1.092434917632058994e-01
-7.118594674689262547e-01
-2.105180642853756445e-01
1.288869723950661905e-01
1.227016356577284167e-01
-1.249140726125133882e-01
3.600542782559341681e-01
-4.265249873891621135e-01
4.503828508959753507e-02
6.722166000511684003e-02
-2.058704298843917757e-01
-8.087957031983367129e-02
2.103798242388422723e-01
-3.737498817869904649e-02
3.696958534081536962e-01
2.029552484893838021e-02
-1.027030481508559995e-01
-2.083708410904734909e-01
4.168563903769154089e-01
2.076575799600010319e-01
6.983674456329709568e-02
-2.665824058198264512e-01
-1.713124759709992728e-01
-2.247475160635855063e-01
4.765293960399402673e-01
-2.491529862129891471e-01
-6.870891050081953666e-02
9.688312323963335637e-02
3.188426954495138799e-01
2.982674441974211277e-01
4.272015737414177061e-01
6.137717511793164965e-02
-2.914169187417572360e-01
3.663039772971393160e-01
-5.761238716388650261e-01
-1.805947044834857185e-01
-3.137133282601416995e-01
-4.624628326326208905e-01
9.409257479192643936e-02
-4.306804419045093812e-01
6.263740656113486738e-02
9.814078419674335252e-02
-2.257808942060365309e-01
4.492957173580146013e-01
-3.120105923323263641e-01
1.631852272671569792e-01
-4.769194029090652598e-01
3.487603012464714491e-01
1.708331782125823983e-01
4.592786852053157842e-01
2.657419933929450889e-02
2.496984332420263963e-01
-3.215660345128791286e-01
2.364129271850211322e-01
1.335941851008438930e-01
1.622103626148574951e-01
-1.946509991291412722e-01
-2.487839918850303644e-01
4.199510831395731822e-03
-1.578690919282657590e-01
1.471957737598375004e-01
2.000408628555132295e-01
3.638323272887531434e-01
1.785439334998888128e-01
1.636667837613491050e-01
-3.087527303504036813e-01
-2.527455708129889289e-01
-1.217456756110854993e-01
-3.090956895601848498e-02
5.349972368646341847e-01
-4.109899906283735749e-02
-1.878355455703616117e-01
-3.741878545701829983e-01
-6.428824307525587978e-01
1.324885108659751287e-02
2.791387138736410936e-02
8.289708709992621438e-02
-1.598358661540332792e-01
-1.765195591701103905e-01
-1.298418232410107065e-01
8.737583015972469336e-02
-7.486064164985025693e-01
-2.889866842017025927e-01
1.848977225758395293e-01
5.074996407125065279e-02
2.022064192420486017e-01
-1.393217415434527817e-02
-1.046223054947865161e-01
4.148321952653861167e-01
1.796629905904079672e-01
-1.820375511650223765e-01
-5.531815574115982459e-01
4.355360205904219156e-02
-1.104392290238658397e-01
1.646110427972322099e-01
-8.214263477774869440e-03
2.456022066859831487e-01
-5.294471814778331509e-02
-5.916989882887047081e-02
-2.839201117786946393e-01
-4.785677191680158260e-01
3.552878843895706518e-01
-5.107551697979190175e-01
2.110229525859491362e-01
4.650631858024185661e-01
2.144089045520986281e-01
-5.483457126326896081e-02
-2.112480796281265283e-01
6.403766004435322567e-02
-2.808892204730327746e-01
-6.635807148311614889e-02
6.440947172799116327e-01
2.876060404425699601e-02
9.814990537180161290e-02
-5.656525735487017564e-02
-4.701236342223075737e-01
-2.177298426665390807e-01
-3.358483625284622853e-01
-3.062193020379628261e-01
3.194790012402948798e-01
2.220055485285965247e-01
4.497518644681159361e-01
-9.543240765400985703e-02
4.228118021872079857e-01
5.114954788644645450e-02
4.784908524802411467e-02
7.931321090203802271e-02
1.799801353311765439e-01
2.591267319628102195e-01
-2.868073553990576063e-01
2.043886189786716656e-01
-1.635051195707347971e-01
-3.359171897500893844e-01
1.861484162238384588e-01
-2.684170479382954055e-01
1.016990352913554191e-01
2.971419422452060144e-01
5.381808141318652344e-02
-3.592761150546373572e-01
-8.415372989694544503e-02
6.644892930424354249e-01
5.987788056074215826e-01
1.710018338587585007e-01
-1.035049442080000215e-01
3.071285305392922327e-01
6.301855394219277873e-01
-2.045225346495184171e-01
2.553596809591762717e-01
-8.541302154620725173e-02
1.868699265525237407e-01
3.792669862188095542e-01
-3.835447996270546084e-02
-4.137672817800540637e-01
-7.038725525069293443e-02
2.571569402006230673e-02
5.201046472921100339e-01
-2.969369235590281209e-01
3.348865970652969287e-02
1.598467942139839004e-01
2.601625602851050933e-01
3.557031211504798063e-01
2.457667838239792346e-01
-7.618956590758726444e-01
5.494396447656563209e-01
1.051157719395518081e-01
-2.737637588833585767e-01
-5.189423402297165255e-01
-3.038723840127858233e-01
-5.945710844963920660e-01
2.177781058480746101e-01
-4.260255094430012018e-02
1.213249523380838524e-01
1.205382850393131311e-01
2.949807876931710426e-01
3.709232655963392022e-01
2.217625877580134963e-01
-1.150645260320742047e-01
-9.048311197521348437e-02
-2.131905905168275939e-01
