-3.148940190858202648e-01
-1.517329739148775003e-01
-5.252942189574416609e-01
-5.903160340993429678e-01
-3.363530414483779096e-01
-1.680032861752191187e-01
-7.876607613451316880e-02
1.533584625897668752e-01
8.554005871611896072e-01
-2.560172693714523606e-01
4.899907722425190792e-01
1.195439479001874639e-01
-3.039596210710559035e-02
-3.249686886729654528e-02
-2.054991051327531848e-01
7.932728482020454108e-02
-3.075795908480736252e-01
-6.888414343265732986e-01
1.230602606219338702e-01
-1.277626614571731045e-01
1.145734586525833792e-01
-3.292910832071087035e-01
-1.352445159756778814e-01
-1.600397263513950175e-01
-3.381128046461216036e-02
-8.574098218173505925e-01
-2.449906200416253899e-01
2.285587675162501636e-02
-5.372784240340787443e-03
2.067841856223185393e-01
-3.240441888050075714e-01
-3.083498984346019212e-01
-1.546590147039832441e-01
1.104010800073606247e-01
-3.687370894123993548e-01
2.185185083038814757e-01
-3.137758552263326117e-01
1.926896492651758996e-01
-5.141086593247835568e-01
-9.413567261556873289e-01
-3.682617008155572580e-01
8.987130290108383268e-02
-1.389210894006403241e-01
-1.378889805936127921e-01
1.791507919447414554e-01
4.403688162195302236e-01
-3.211139768531427463e-01
-3.586232195591141508e-02
2.108683332324462478e-01
7.164578829617135325e-01
-4.385690385587651119e-01
1.095856633602596830e-01
-6.397955920972855370e-01
1.229804980136386394e-01
-5.247553359887268121e-01
-3.786259113072041882e-01
9.535682843829447475e-02
-3.683571406481236932e-01
2.027258870517904821e-01
8.992911378555731861e-02
3.679883337658939046e-01
1.224814425469123585e-01
2.419316782081848416e-01
-7.752705359270722907e-01
-7.061463768172780986e-01
-1.361669042332959434e-02
-3.840434880449999921e-01
2.618090383675363841e-01
-1.818707158817944314e-01
1.909166520553136071e-01
1.217814032054939100e-01
2.773692282906400908e-01
3.303480132629284527e-01
-1.705107295987075000e-01
5.473247814102999431e-02
4.029602896609466578e-01
-9.380694154567946752e-01
-2.034547568620488356e-01
-3.718595599727932133e-02
6.179092582679517331e-01
-5.124202331241467512e-01
1.963293663585648913e-02
-4.749003253128384477e-02
-3.701161120525656156e-02
-3.123030540487445328e-01
-3.936647643840536226e-01
2.057075250707620373e-01
-1.424289511104203931e-01
3.556996679011444340e-01
4.279331906262683338e-01
1.000000000000000000e+00
-3.006268544594768999e-01
2.932920902029806931e-01
-1.000000000000000000e+00
1.000000000000000000e+00
-4.008226893953675263e-01
7.998953462259823788e-02
-1.636760520754946546e-01
-4.803879310626127941e-01
4.419836607165676390e-01
-4.797267286875240844e-01
-2.406720849512787863e-01
2.518986043419394263e-02
-1.899940800302453159e-01
-4.377244815731252681e-01
-1.316205564271653305e-01
1.268476252912333901e-01
4.580152231992244971e-01
6.501188117932252264e-02
6.081145872485702042e-02
-5.002248018899099202e-01
-5.469390698216658464e-01
-4.116502889313625180e-02
-6.571969266025312617e-02
2.392274329059736193e-01
-1.401891367961242418e-01
-2.047835657669640902e-02
-6.032343252522565091e-01
2.873421942642206406e-01
-3.275988973690753259e-01
-2.033817013764135095e-01
4.956065388750939271e-01
-6.192558221729805440e-03
-4.497409385969116102e-01
-6.602175917188438659e-01
-5.710553103765331900e-02
-2.940171027996876241e-01
-3.223624027207875331e-01
3.532958052751571931e-01
3.692221543070321049e-02
2.646037852872392196e-02
4.339695208514000035e-01
-2.871243882062859964e-02
-1.301343978182336603e-01
1.254237379339928071e-01
3.010874038059481173e-01
2.253462712544447022e-01
2.235283824222453752e-01
1.799701629228098454e-01
-4.761889965272762815e-02
-2.687945853991967615e-01
5.577052071428652003e-01
-4.775763146939311921e-01
-9.236981766485370671e-02
-4.129935338626198882e-01
1.938278737182632105e-01
3.763587407630286652e-01
-1.990035520300963423e-01
2.040606773174345745e-01
-3.546837477218370838e-01
-1.460722171337154041e-01
-1.703274427875747787e-01
-7.862788878025038508e-02
9.247542491627307182e-02
-6.421375420548883217e-02
1.474846700125375110e-01
3.403980753330779763e-01
3.530850617413567871e-01
1.397351112069594170e-01
-4.356411783294871776e-01
-4.960318780667123395e-01
2.973814553769745239e-01
-3.479405529802237496e-02
3.679706423920772185e-01
6.446158526459369598e-02
2.924074249331614500e-02
-1.018017906303965436e-02
-6.184453264550755502e-01
-3.297430980312935911e-01
4.052889864769501083e-01
-1.135424876897234980e-01
-5.619922274058215816e-02
2.249906358329764045e-01
3.701819864300238128e-01
7.731915881388070622e-01
-5.135409018771247558e-01
-6.667129429761539661e-02
-4.545920793214445199e-01
1.205168817698849676e-01
-8.403693671552556754e-01
-1.197934932956025295e-01
2.595919919272105525e-01
-3.654839419137993761e-02
-1.081659875420308281e-01
2.218683521092883193e-02
-2.847223063239843199e-01
-3.921249601394329737e-02
9.469135955146848471e-02
-2.283966988942678564e-02
-2.214034282144948795e-01
-1.870018616330028915e-01
4.499097269741549887e-01
-1.618045653356138258e-01
5.226630760080472893e-01
2.210485582593699760e-01
-1.383393522430098610e-01
-1.710181497674158613e-01
-1.170093885784736498e-01
-3.685929410708962267e-02
2.470351054872066410e-01
-2.782425182205073844e-01
2.163200044929374510e-01
3.969887258490471527e-01
4.461359998880768396e-01
-8.205563688182164472e-02
7.074066668853711271e-01
2.223683743324906259e-01
-1.428867421120224024e-01
-3.487317620429804255e-02
5.542736653807920494e-02
-1.293215736920621216e-02
-3.462182524515961535e-01
8.737009169925372132e-02
4.035067336231524249e-01
-3.511675977563587514e-01
-2.828153783178102842e-01
-5.436782492935076094e-01
1.407693778012107932e-01
2.453075578349993846e-01
-2.109948056715524045e-01
-3.330299289219431080e-01
1.022588413093234033e-01
1.254158309232686896e-01
9.588161843021988928e-02
3.775884124885059978e-01
8.367437554015938472e-02
5.002151926673715776e-01
4.308134041581900830e-01
-6.009440702063615497e-02
5.730836788702936557e-02
1.767771107414199405e-01
-4.479729031295562880e-01
2.711895804033619961e-01
-2.177448278595111586e-01
3.613106992414041319e-01
-4.584826116840730603e-01
5.512749859077343828e-01
9.294346907581678696e-01
-1.940862478184622042e-01
-1.000000000000000000e+00
1.620703005835808230e-01
6.222347854081207164e-01
5.148780121063080140e-01
6.206854530079302101e-01
2.627040491598399141e-01
-3.090385858650924328e-02
1.334699175074959276e-01
-5.606538597128438856e-02
2.881094001770453938e-02
1.795028068524660847e-02
-4.837241771555304548e-01
-1.392170060388985275e-01
5.897835544402922903e-01
-4.009808028038112648e-01
2.587859721444314975e-01
-9.936635455731439304e-02
-1.532363449044200354e-01
-4.209181668466114440e-02
7.579967194904277394e-02
-6.098680422185279865e-02
2.256241692084031414e-01
-3.482201324838824497e-01
3.753060956042590379e-01
-2.346725085397818045e-01
-1.444976310356746174e-01
