-4.328230610569107073e-01
2.312728983902087240e-02
-5.917341534732946107e-01
4.941072905325454290e-01
-4.494517735375712086e-01
-1.440945645549183106e-02
5.360675181662125782e-02
-8.308669999386274208e-02
-8.584499814842947440e-01
-2.399930180205106511e-01
5.759430298464455200e-01
4.202162167875695548e-02
2.662499534548994073e-02
6.981152669677453959e-02
-2.421534646782100009e-01
2.081559289124580714e-01
-2.820898768091179010e-01
2.203654556643473705e-01
6.389519788291170288e-02
6.118338035704407735e-02
2.170888161742142719e-01
1.813355979611499247e-01
-4.263143746665791489e-02
-3.675119050110292052e-01
-1.199804736688986351e-01
6.453866236893517072e-02
-1.046498058325487542e-02
6.000498879093243282e-02
1.269271350583322244e-01
-7.836531146944547555e-02
4.534066370645127297e-01
-2.548576447700007797e-01
-3.846064953824565591e-01
-4.129732458702145559e-01
3.432535974486871644e-01
2.340707574276225666e-01
-3.189933395566874608e-01
3.525512236096693397e-01
-4.001683379676525265e-02
-4.272843961677715297e-01
-4.083714257043897788e-01
1.304230492573230371e-01
-6.996240504685485861e-02
-5.884610632473626091e-02
-8.489107705419940419e-02
1.901112521412391121e-01
-3.849327504102378200e-02
-7.715871910622029706e-02
-2.216473536681094064e-02
-9.811165307227197319e-02
-1.791335496197865584e-01
5.785911508334118381e-01
2.952901230135493438e-01
2.608984303258861659e-01
-5.135830729829986563e-01
-2.129933428176616628e-01
5.086578927790635918e-01
-2.775900603801002564e-01
-1.096300937171143519e-01
-1.658568973306041028e-01
3.065863577633478609e-01
1.063613023813600872e-01
-1.665839937373193858e-01
-2.639104288739436144e-01
2.259121435046596016e-02
-4.026755888852163179e-01
-3.328535933847718287e-01
3.418679710873529509e-01
-4.222437039196039188e-01
1.819358593441265382e-01
2.819337606963089327e-01
4.018184502951833159e-01
-5.560317025649982314e-01
3.500374019936407666e-03
1.125356326072451812e-01
2.579501489026431171e-01
-1.841489381986372020e-01
-2.578449998680266142e-01
-2.797766732781968302e-01
6.622836141023230594e-01
-4.263823162286646817e-01
9.262483256878246973e-02
-1.157063242188305502e-01
-9.723898133538109168e-01
-1.890864929646210169e-01
-2.638605727884145713e-01
-4.091663257552084487e-01
-3.991371900201758915e-01
4.973074232126282745e-01
-1.714812806665497527e-02
-1.307171331704914952e-01
-2.104857720926076314e-01
2.903513378899584829e-01
-1.722365317214512581e-01
9.195455857528571642e-01
1.704459326852353629e-01
3.336326934727392168e-01
-1.508728725825506656e-01
-2.256837091642882945e-02
-3.259621077041361392e-01
1.835871644145883608e-01
-5.423862689560855488e-01
1.378216406308168107e-01
-1.408645407573612673e-01
-1.156784579787730333e-01
-2.013513318544824654e-02
2.114178929862130241e-01
4.290320528620864687e-02
-3.597170771689593705e-02
-3.302684585970389053e-01
-5.743317209459641859e-01
6.908516104700996863e-01
9.279047739677422080e-02
-1.202489374756550988e-01
3.454830451124960566e-01
3.842030224544931011e-02
4.243117018388587597e-02
-5.889260606779129770e-01
3.593311315657861660e-01
7.489088410690136755e-02
-6.702539484201854858e-01
3.249222593565871398e-01
-4.280249986554217068e-01
-4.350874786378854941e-01
-4.783876297452899218e-01
3.360400927494378021e-01
2.202125477762951200e-01
-2.124397417861489945e-02
6.695216059519094876e-02
-1.055046110449295166e-01
1.256419467310422589e-01
-1.904155342682245788e-01
1.402052948503804131e-01
2.688262800892748938e-02
8.014607756955126339e-02
-7.539104979767682901e-02
1.568847617506370085e-01
-2.293825547328915138e-01
-2.421625800486382554e-02
-1.407316123887260850e-01
-1.473576630868486392e-01
-1.234953643315603727e-01
6.506102646469186235e-01
3.543223460580788298e-01
-2.559376150313720233e-01
1.823779014080596228e-01
-1.367357320927190534e-01
-3.270371110907575596e-01
2.967194075648398321e-01
-4.645389462623003562e-01
-2.265662514742882161e-01
-3.475131883863477600e-01
8.794206486921987698e-02
-3.054775855651177818e-01
-2.252945804204917468e-01
1.675104281385466909e-01
-2.179721115387626140e-01
-3.620492914421561959e-01
1.414398719917715763e-01
-1.555256462578674392e-01
-4.907987463815605134e-01
1.475820031414585010e-01
-4.408418601162855666e-02
-3.988484520425672475e-01
1.223096038789220907e-01
2.644084524413009007e-01
-2.914073873890257182e-01
-5.617832208268545013e-01
-8.381190133266358533e-02
-5.618069503409834492e-03
1.414425834057844444e-01
-6.512958833411480741e-02
2.216663104967107889e-01
2.357759838006656394e-01
6.501748175711803412e-01
-2.887964826264649010e-01
-1.800809808008047852e-01
-2.560505279876525986e-01
-3.250653261936208016e-02
-1.000000000000000000e+00
1.202090654588201454e-02
-6.382702767611664330e-01
-1.134774658253983604e-01
-5.832984576081077371e-02
-2.043780568584569746e-01
-1.081075022418964970e-01
3.400247691468977207e-02
1.082816168495460557e-01
-4.436134808934277807e-01
-1.196526050384234263e-01
-3.325928090196914044e-01
2.113314393027321547e-01
-1.690696145066200307e-01
4.275142903245652826e-01
4.445813530523193280e-01
1.563682429917636618e-01
-1.608709652589100370e-01
-1.501583125920293305e-01
-4.625090784822381007e-01
-1.138898162839446782e-01
-1.784725910744646704e-01
1.608868656712766632e-01
-5.678553520810603050e-01
4.171962505346193395e-01
-1.601511431724657597e-01
6.453918113316036154e-01
2.265202044340263177e-01
3.803865869287785008e-03
8.796584500637044668e-02
-1.813631618588997744e-03
-4.468752368938535557e-01
-9.384446154443316646e-01
1.384935195273331865e-01
3.491971753201109641e-01
-3.045022879172254449e-01
-1.539215464645659615e-01
-5.365209129586603343e-01
-6.389736617675981223e-02
-6.812004547476838145e-02
-3.951578324888534444e-01
-3.571959383069926441e-01
-2.252879488185787205e-01
1.736159755956909190e-01
1.025569133600116589e-01
3.412070033108532408e-01
1.043321507527779080e-01
2.214148136032738079e-01
3.506680817951425833e-01
2.103511073141968793e-02
-6.386269527910846955e-02
7.771755825500335779e-02
-2.586400771063861459e-01
2.058031655937294369e-01
-8.898738317866079772e-02
3.240711343325304861e-01
-4.442079153241459410e-01
-1.627333014817229639e-01
9.592071509320572176e-01
-2.751562722254569104e-01
-4.103210124012681703e-01
2.901228758473734515e-01
-2.367132136283292207e-02
3.452132248544647619e-01
6.623037029152266664e-01
-2.353549708346371755e-02
5.941530087995196274e-02
-4.059606056893474979e-01
4.005979881233462381e-01
-6.188464353893302627e-02
7.580109610741722626e-02
-4.582784310781340409e-01
-2.689170922978985634e-01
1.537669489759790620e-01
-1.074718683146220488e-01
4.265582228531863418e-01
-1.898340109032179146e-01
3.896452700081968201e-01
-1.103769271605412328e-01
-2.032189744472990001e-01
1.847505806950979629e-02
5.462044183152434673e-01
-3.597628937567803886e-01
5.022127967981163676e-01
-1.708916061682111687e-01
-3.855774338472585661e-01
