1.129945520698003442e-01
-1.032447933598269196e-01
-5.333673327613999149e-01
3.394451611279040298e-02
-4.941083438085525081e-03
8.800233421956014934e-02
1.643412461971208993e-01
-1.239100146336787334e-01
-5.869291921925128275e-01
1.081745602460441047e-01
-3.090076084722604977e-01
4.243998810859250237e-01
4.666888221282523008e-01
-2.554851341987073032e-02
4.287799847177511947e-02
4.503407370050723779e-01
-8.141704025595052074e-02
4.325134783060485821e-01
-4.064851113440508951e-02
-4.125829362702256031e-02
-7.113951985270989820e-01
-2.811060473781401559e-01
2.595006953118618176e-01
-1.749365784312198815e-02
-7.374733109856203006e-01
-1.927933466411021479e-01
1.841726077886173263e-01
-3.754154470454751369e-01
-8.134522165118720505e-01
1.145548611783151621e-01
-5.272337363986097092e-01
1.663662269893622370e-01
4.333603633025642776e-01
1.206592110582714594e-01
-4.894124406719388420e-01
-2.905134090357351651e-02
5.137054080213975249e-01
-2.361981671429521923e-01
4.628569237693999638e-01
2.086374663037278976e-01
-7.516291908588756954e-02
-1.122270109055942960e-01
-2.630321969303809904e-01
3.703999247846634368e-01
-1.392555911222546072e-01
-5.880510921857351470e-02
6.052342479120388363e-01
8.371036427964132984e-03
4.269971848121202340e-01
-5.109380674935621452e-02
-2.393100383437422041e-01
-3.064903630902460208e-01
-4.518911499049352853e-01
1.818806188628781240e-01
-2.024010852487878598e-03
-5.690113433923158492e-01
1.767867574874863734e-01
3.213124624458750245e-01
2.894096120758817281e-01
-6.449629338995230277e-02
-2.599680957865196373e-01
-2.951588925864478963e-01
1.058415980537530388e-01
2.205131478668482525e-01
-4.244113936965980549e-02
4.976786280727100997e-02
1.386443273755967598e-01
1.846906435755226727e-01
-3.291327064130600832e-01
-1.982489920122519345e-01
-1.443058129072586140e-02
-3.032047246847850708e-02
6.598779323318216816e-01
2.616139318247713841e-01
7.435505550174756340e-02
-6.650648251928821253e-01
4.220444492614696674e-01
5.607058153037414866e-02
7.444369974933260359e-01
-4.694338361363583623e-01
-2.997653289431867485e-01
-4.032227013546939576e-01
1.323012992685362321e-01
-1.191095821828396378e-01
-2.232265322164095692e-02
6.090848310600043281e-01
-1.000844371953726018e-02
-8.247728458817146779e-02
-1.796605771057013107e-02
9.436119064757908514e-02
-5.086415879785699534e-01
2.594521515665311195e-01
5.455782206470747298e-01
-7.070853618180977795e-01
1.095318323257376825e-01
3.505826930347110681e-01
6.497924514616271185e-02
-2.104871322243648257e-01
-5.201296279038600257e-02
-3.294421581197919946e-01
1.694858070235998604e-01
-7.752851854858897607e-01
-4.907010007209698932e-01
-6.702609283183225131e-01
2.770618937430364692e-01
2.411308351863761246e-01
-1.587621203118932678e-01
3.526927992771566878e-01
-1.644227447342806459e-01
-5.318580072433600758e-01
-3.235889203206869791e-01
-1.264660069110991880e-01
-1.634288172451164589e-01
-3.988919077195018231e-02
-1.339552088828009635e-02
2.293934646516521403e-01
-8.437902277063125123e-02
-1.924238428850170712e-01
6.499612695994994027e-02
2.544163731394825656e-01
-8.290543986441165636e-01
-3.175375248001189310e-01
-2.469047028938441413e-01
3.930325111830079154e-01
-1.500552581461717383e-01
-3.626983777400126785e-01
3.119520171789823618e-02
1.471030093715213760e-01
-2.284297523710111522e-01
6.981129821448904538e-02
-7.490132390659535178e-01
3.549638126859647191e-01
1.474442770748262965e-01
5.267141754951677468e-01
-6.220869181076352228e-02
-1.198541817501250772e-01
5.640946601036824770e-01
2.814478915858599217e-01
-3.584096881948337088e-01
7.446266305702893551e-02
-4.892132236822457347e-01
1.916500117389828839e-01
7.365636099002842441e-02
-1.123794749083678879e-01
1.712038055698416328e-01
2.475248894089516760e-01
8.892046432946931755e-02
9.521509109184181710e-03
-9.358494569921493866e-02
-1.784628358461515241e-01
-6.037204326091131223e-01
2.463982343354383653e-01
-4.825055225364423550e-01
9.485468385322570750e-02
-5.535896950945141670e-01
-7.195808554898985854e-03
8.781935061939036835e-01
-1.145825824461623316e-01
4.551102544616705825e-01
-7.204479965949134312e-02
-1.865589127156137839e-02
3.549054550661275842e-01
-1.825864730080954956e-01
4.218466125894873575e-01
-9.068675188809464105e-01
1.898780353418328404e-01
6.081192585945716794e-02
1.503790002485605182e-01
-2.414281085070124622e-02
-5.349433114722403904e-01
3.413245661199987846e-01
-1.617239242941633792e-01
-3.469458078405596169e-04
2.599540471692581289e-01
-2.046856767530236820e-01
9.546808089106010309e-01
4.920405445433081448e-01
-3.325839624099038438e-01
-1.392355976188908717e-01
-2.793547113630119316e-01
-5.782598468041781625e-02
-1.843062087928999115e-01
-2.363638168405726436e-01
-5.300441514800325882e-01
-2.443692624615465686e-02
4.136298980478505388e-02
-4.969656025583217840e-01
-1.913599397404542601e-01
-2.842027921239760960e-02
4.559822356430324186e-01
-1.874067500403918118e-01
3.336106247008020081e-02
7.666354547737602720e-02
-7.334982470228719464e-02
-1.783270544157519455e-01
2.258101997721516929e-01
4.354610020971609874e-01
2.206195505037197597e-03
-1.011839242626428742e-01
8.160673507237191371e-02
3.217990184787827834e-01
-1.357537204796863961e-01
5.255390749530176875e-02
5.856814115322449554e-01
-1.313589363522653652e-01
2.393625274431172012e-01
-2.685092118546437701e-01
-4.676981733735323665e-01
-6.943560897015617073e-01
-7.488588431853746008e-02
-4.600605336408106205e-01
-5.145824888133601061e-01
2.255713665753530384e-01
2.284542872253957635e-01
-3.815900689299760451e-01
-5.787728465621425622e-01
-9.152093433530632260e-02
5.328466810353140737e-01
9.693203321864718447e-02
1.905556783175730851e-01
2.676746127924454766e-01
1.293857163199559623e-01
2.192229631626342046e-01
1.380094170621791461e-01
9.444108762410129143e-02
-3.268541927185151796e-01
2.778499140635711656e-02
-2.215805342401234446e-01
-1.379980776111833229e-01
-4.549589090556419024e-01
-2.664726389807672846e-01
-4.101553968421408625e-01
-2.299740019470146446e-01
9.040466502712776742e-02
-1.041912349072302568e-01
2.516341279972574702e-02
6.893869437221729068e-01
3.742159180350159153e-01
3.604301850446806621e-01
4.049255449583211153e-01
2.622296452445099790e-01
9.932453382356129512e-02
1.787860515749912227e-01
3.717030122195478792e-01
-2.594571860289393572e-01
7.662397503831250289e-02
5.062487989541050726e-02
2.843084442336234474e-01
3.123107180407897476e-01
-1.563173787287016996e-03
-9.553094913546859857e-02
4.866521199355743343e-01
-1.358895410286544425e-01
-1.397181415163071538e-01
1.801649745076923381e-01
4.802960010621666331e-01
7.612273218368798000e-03
-1.287643828624664422e-01
1.810164667530651805e-02
1.090881177935385110e-01
5.510983062877125929e-03
4.680999814237891965e-02
4.864318533826400559e-02
6.509632849996380699e-01
-4.365222207194087156e-01
