9.308567186201327504e-02
3.587782003570744171e-02
1.067602508931286415e-01
8.535885983427256296e-02
1.580110165616169238e-01
2.467405971054749680e-01
-6.346647254054652576e-01
8.008913322676471103e-02
4.652218612089054767e-02
-2.700386015110283200e-01
-6.876350441919885925e-02
2.259734957211134709e-01
-3.356310616937116520e-01
-1.670148980769594060e-01
1.998891758553654197e-01
-1.594530643033241490e-01
-1.609799423866018209e-01
4.253145410296226003e-02
-5.760990938245869053e-01
-1.291397347077067326e-01
8.366570017485788768e-02
-5.069701325945392689e-01
-5.895436822950240741e-01
-2.945168294907127282e-01
2.299961417443025791e-01
1.333329125251427050e-01
1.973372035762189780e-01
4.736046904641521005e-01
3.860139467268228902e-02
-1.057588060825456755e-01
-2.537511928000042438e-01
4.767691449425575864e-03
-5.230804001198111411e-03
1.061754045623658355e-01
2.481160977668536161e-01
3.938705435893086193e-01
4.222079770360339102e-01
-2.886783532863172463e-01
4.222074938695368762e-01
-2.196201092565951835e-02
-5.520722911418347589e-01
3.373615321598872341e-01
1.255494664489216761e-01
1.875594478607320661e-02
-1.290381854689446051e-01
5.781231180154843691e-02
-3.728023604360246046e-01
3.585665229950613653e-01
-1.172831187927726726e-01
-2.271642417003508913e-02
3.888751714990808517e-01
-8.580023311909458494e-02
6.846299587179957569e-02
1.453221842213332504e-01
6.986258077786937359e-02
-2.581204526089284634e-01
1.191641491071206704e-01
-9.567836926401980524e-02
-3.551451697653447148e-01
6.257630721537499330e-02
-7.531855457650576957e-02
2.433634839541209960e-01
2.213381765247889321e-01
-5.986622825170102163e-02
-2.668509445711606670e-02
-4.357600950973375409e-01
3.656011708315991537e-01
-1.491234138303606238e-01
7.200916797270540126e-02
4.914668785652386296e-01
-5.352941232932464377e-01
1.056857713305541235e-01
7.479113237116202795e-02
2.951774506576043677e-01
1.609983676808804109e-01
4.093812930181672805e-01
2.736683103591130983e-01
-3.717896902201766607e-01
4.777667315901646949e-01
-1.575703700107769778e-01
4.092322615281559495e-01
4.361958022411054348e-01
5.242256952380536933e-02
2.279938718444551871e-01
4.388430831114735198e-01
1.532535706631154293e-01
-1.178648976738264215e-01
1.642164577979322304e-01
-6.489688758726853968e-02
-3.653491725947878854e-01
7.817983776504456358e-04
8.724457920190188676e-02
-1.054998199777884144e-01
4.166876556071969495e-01
-2.150777479376575207e-01
-1.494073451248091600e-01
-7.106726921221021009e-02
1.610246228635318355e-01
-1.837509831852270070e-01
-7.518849670525374895e-01
-3.799503326836967121e-01
1.502621731118206905e-01
-3.182930400279521121e-02
-1.431586660516749598e-01
4.914009646435443246e-01
-3.188172629510103717e-01
4.751452647169301935e-01
-3.365460493274271547e-01
-2.366003109335524379e-01
-2.295697782243884960e-02
-1.802317347134426428e-01
-2.740242255694154694e-01
-2.483548091169638095e-01
-8.787217118539644156e-01
-3.667386760910243404e-01
-3.751416467810624877e-01
-4.226066612131801348e-01
5.169784162247990089e-01
-1.398300812938447768e-01
-3.441545760193172598e-01
-6.910194747755113442e-02
1.771167234222530140e-01
-2.714403909913126745e-01
9.288634181600215201e-02
-2.547124659313797501e-01
-2.089816287896291425e-01
1.255922445247638075e-01
5.786512782233234065e-01
8.124769926711615520e-02
-5.653191636794634850e-02
1.294112428681403262e-02
-2.191259845485881985e-01
7.447557991840528593e-04
-4.363806463415919601e-01
1.598851892581215281e-02
-1.332194852716467870e-01
5.346592880081789678e-01
9.602979729056403124e-02
-2.949665446676039138e-01
-3.749870751191042989e-02
-1.384889650219756074e-01
4.422452004978548179e-01
-6.690261512397361818e-03
6.500557930261584294e-02
2.282346255326972717e-01
1.477754273982084254e-01
1.992595045591151748e-01
2.802293622187743832e-02
1.271903193374215035e-01
1.527289599376193963e-01
-3.523847934723300379e-01
1.252641822176975006e-01
-1.684611367695079132e-01
4.753295920462212720e-01
1.916444044798620572e-01
3.948309438765793683e-02
-8.907652194330373252e-02
2.960783713465863221e-01
1.519643613439631558e-01
-4.595106851546703480e-02
4.492550466879035032e-01
1.010514912118199854e-01
9.424172833373405389e-01
-6.299706843165833736e-02
3.036151736544234203e-01
4.167066614111134548e-01
-8.086527689110376005e-02
-1.874764157474885029e-03
1.068837514772823516e-01
2.990631219986894518e-01
-4.273390904165448589e-02
-1.598920080961168666e-01
-4.874364833096383465e-01
-8.924158246484510670e-02
5.640064819592597450e-02
3.788149093357046082e-02
3.399947208520374686e-01
-1.858867265498069243e-01
-4.291229169646114672e-01
2.059721177866793151e-01
-2.396589555368204838e-01
1.033673531481590219e-01
3.981496577227075506e-01
3.139746894979295599e-01
2.576272523511931034e-01
-1.661019283317837492e-01
1.269473832774659083e-01
-5.414225999797842720e-02
-2.018992500811272461e-01
1.325166362643527551e-01
-1.790445137077920357e-01
-6.037508328700984424e-03
-4.637919954088744467e-01
-2.555698926405096660e-01
-1.924500253476124634e-02
5.527712312738010114e-01
1.302331337541949019e-01
-1.510744574042057475e-01
-4.765410734210820953e-01
-1.835267522651584104e-01
-3.217057425708107488e-01
3.129781186267475146e-01
1.825575667989491890e-01
4.082054826851783114e-01
5.904714432089590570e-01
-3.761980464832919563e-02
-3.019876155864346934e-02
-2.444072126593804239e-01
1.100695876446789317e-01
3.563436445842798617e-01
-4.281852096764941495e-01
2.452248574391948099e-01
-2.426701542241929965e-01
-7.749244890566686118e-03
9.406748914341207801e-02
-2.297694197338860933e-01
2.170085224747505537e-01
3.428622810026042411e-01
1.736454749425109523e-01
1.289681389097737385e-01
-1.277857463249227610e-01
-5.466347964724573849e-01
5.194174773959419067e-01
-5.763005469739206771e-02
-1.874933356426893849e-01
4.202757745042995374e-02
1.338176725260552258e-01
1.988546004144817747e-01
4.169668210040600870e-02
1.050961530482907996e-01
-2.349039974381273432e-01
3.038681562432711813e-01
3.143790618274376891e-01
2.819327493362885351e-01
-3.814920828931560037e-01
5.203235046382505002e-01
1.475715406365835924e-01
3.372544146032264711e-01
-1.761762265776535274e-01
-2.589668607014761204e-01
-1.738054203286221733e-01
-2.873927213723231899e-01
3.742308612561272008e-01
2.105083827983205425e-01
-1.118087069030658000e-02
-3.069708599689829343e-01
-1.722090197840591419e-01
-3.462026132011481461e-01
9.103291024189781588e-02
9.434300413559611187e-02
-2.499180724817490207e-01
-2.149990305597858919e-01
-4.660662735162049430e-02
2.611471691473721268e-01
6.116292875293499742e-01
4.034364416962096800e-01
-1.318357239373984559e-02
3.329210812480900006e-01
-3.939227817016593275e-02
-2.966714576512977652e-01
3.843000408729194128e-01
3.587716858943105352e-02
-2.685705802275640264e-01
2.954737649250449016e-01
1.096599330064311900e-01
