-1.140926817087400125e-01
-1.463402547673917087e-01
3.748606381578212798e-01
-1.143859139804372510e-01
-9.949055356379092885e-01
5.581985789387811092e-01
2.176814720583326868e-01
-5.905959475585063068e-01
3.736754320042482980e-01
-7.849461804124575892e-02
-3.588739709399028921e-02
2.569888987693189630e-01
1.031633188323246991e-01
1.270624190586780097e-02
1.905956809634714311e-01
-4.631386534587603881e-02
4.132386195340462809e-01
4.524804789336063504e-02
1.626469005114697663e-01
7.165052445914676157e-04
-1.365143953887850425e-01
-5.626052179001249653e-01
-4.346360268928576853e-01
-1.730787187647679637e-01
-1.679281621830266691e-01
-2.527779579936167975e-01
-1.549752182958821223e-01
-1.657827559740785162e-01
1.585832883253169012e-01
2.700440183979979647e-01
6.131663728401747226e-01
-1.326657289155494523e-01
-3.617725246227204705e-01
-3.607047619596151500e-01
-2.767891253051011149e-02
-3.580284709401711229e-02
-3.434567823255565977e-02
-2.233469529644393492e-01
-3.999337350584295479e-03
-4.072324999016947999e-01
-2.022050232872237563e-01
-2.659867195243718063e-01
4.560617030762552093e-01
1.594965335533327921e-01
-5.841226996011822381e-01
2.981858112503854019e-01
-2.929088516314738433e-01
3.559852164090041016e-01
-9.425939919124737276e-02
-3.936056965352700554e-01
-4.930334123819640063e-02
-1.962911301027977784e-01
5.825124957914729062e-01
-3.049369807279677658e-01
-1.230527769409214822e-01
-8.770291226363439649e-03
4.452999893055369918e-01
-1.394827788311396588e-01
-4.517435130585156222e-01
3.071197828359542026e-01
-6.841462646223059330e-02
6.905932632563382967e-01
-2.350771130166750544e-01
-2.757303890503955413e-01
2.679723717720757792e-01
2.546125948508959694e-02
5.316761314383001702e-01
-5.731593739124859338e-02
-9.717346683183809841e-02
-1.685011119928618573e-01
2.295951683639974039e-01
5.820046924401083288e-01
-7.259151417986010879e-02
3.191264325239075439e-01
-5.984722836260101264e-01
7.802093635908090297e-02
2.951567228781351582e-01
1.485607641966252557e-01
6.588748622909065822e-02
3.732447752287015863e-02
6.931698770106812235e-01
-2.865103588586494915e-02
7.991429016381225436e-02
-1.459260874938969887e-01
1.444708138463365529e-02
-5.895368843951496185e-01
-1.894317041390505552e-01
-5.868565400615002314e-01
8.477400004485328988e-02
-2.288973078760925262e-01
8.597527673791728609e-02
1.766812055603631249e-01
-2.190514247682701088e-01
4.442860543623116665e-01
7.728957479380155204e-01
2.851945925543737381e-01
3.169824954881441115e-01
1.691270189655966483e-01
4.718487384803030094e-02
-5.019156867938016076e-01
-4.531242733024209990e-02
-1.627382734504488615e-02
-3.637076471396213928e-01
-2.137940285957005693e-01
-1.019372594270116783e-01
-5.480012296345121436e-02
-1.555191949368993909e-01
2.903578808924545673e-01
-6.140998605785734643e-01
-1.752521393723204812e-01
-3.532671526419343677e-01
-1.959167166919160985e-01
4.256082291209803969e-01
-2.364709561449578334e-01
-4.758981987114149215e-01
-4.040161802192473450e-01
-3.435475628572015605e-01
-1.686477712574177557e-01
-9.718444034279263843e-02
-1.579430998834791822e-01
-4.757600809193778257e-01
-3.109145558406261611e-01
1.376181659515754441e-01
-1.875502772783690653e-01
-1.649279178480194119e-01
3.920723560515925188e-01
1.055311115192670568e-01
1.294143870666429053e-01
-5.688442626344072384e-01
-2.952808233769398938e-01
1.884436936383889483e-01
1.613322646848358577e-02
1.057730106100146922e-01
1.922747232883406932e-01
-9.055103999831706774e-02
-1.378872766162615206e-02
5.838007851670938830e-01
4.469199217463921125e-01
-3.270899537289009840e-01
-1.621871795855129861e-01
2.359497063492799473e-01
1.559182038151619709e-01
-3.819370551018487769e-01
-9.806670522848588700e-02
-3.007756415713293552e-01
-5.650180984505334125e-01
-4.194569142116088556e-01
2.994397357754180478e-01
1.642460688205971131e-01
-3.887328363307443468e-01
4.905429578095385490e-01
-3.174162644121372723e-01
-1.563489534098651268e-01
-3.745455680377556273e-01
-4.074553185851127052e-02
3.455396409813280556e-01
-2.385876321842995418e-01
-7.467635564518783076e-01
-1.232096035176197812e-01
-1.660737757701384598e-01
-1.583661629472854770e-01
4.300976617805826047e-02
2.502099325047958955e-01
6.460611319284980114e-01
2.060801733200861088e-02
9.067078710775501593e-02
4.223651221370800513e-01
3.129024203975146468e-01
7.162263509802684058e-02
-1.705258848274142369e-01
-1.027670458495953815e-01
-4.671823423483602022e-01
2.777800967417457315e-02
-3.836938853794139015e-01
3.392231303231119099e-01
-4.190399425935361077e-01
7.539039964684065565e-01
4.018515809629146646e-02
5.074058231653997275e-01
-1.361002371604947969e-01
-1.668908548194721064e-01
-3.994319764431154551e-01
1.677063826029238647e-01
-4.516669395712897828e-01
-5.611610295047905206e-01
2.616452994980321689e-01
-2.838099241844148635e-01
-4.713079604143149970e-01
1.028189834376858416e-02
1.915488894199181558e-01
1.986355151369783856e-01
-2.939834709688132208e-01
-2.380623656763423968e-01
-5.640567730080781050e-01
-2.796667819880897521e-01
3.278420006871874959e-01
6.914064420658191934e-02
-2.976129224668216857e-03
1.732324043016313098e-02
-3.334231424407309990e-02
1.601970992605123226e-02
8.427625366865733325e-02
2.789154301475769149e-01
5.435099277651304073e-01
-1.520392626045610485e-01
2.973450566577869325e-01
8.811706677432891432e-02
-2.884134856192297480e-01
5.496306647138016893e-02
5.327297258019765280e-01
1.051404093348984048e-01
5.482538356024244663e-01
-1.021000829969796880e-01
3.904689291539372720e-01
2.525076677089773680e-01
-1.598517051908588185e-02
1.136577777493231883e-01
-1.553762275642207313e-01
9.619424589924319147e-02
1.935729511372615171e-04
-9.278600881524262656e-02
5.311574750963928004e-02
4.411372307398514492e-02
-2.982479559890194309e-01
1.446516189270650177e-01
-1.768920661932272542e-01
1.207138476186443987e-01
-1.404926843944548365e-01
4.766554648327585991e-02
2.149694615974632669e-02
1.859227377261346570e-01
-3.322310206590468051e-01
1.475493400627212737e-01
3.674996089777738950e-01
-2.472984763288479937e-01
-2.082307310890565977e-01
1.595859569559945901e-01
6.401354909716837627e-01
-4.725293765666140899e-01
-1.687553579942150106e-01
1.397137061270168623e-01
-3.707604696352099355e-02
-7.661134411151829249e-02
1.476991841824776275e-01
2.205303241584843643e-01
-7.048962440832849674e-02
-9.458957444228051348e-02
1.166908606812472743e-01
-3.590063802395365156e-01
4.568782727279633304e-01
-4.887581755942470990e-02
3.957327346138790891e-01
1.169321324375426907e-01
5.200955152934251258e-01
9.241727187318526937e-02
1.092977201758443262e-01
3.011485054047169374e-01
2.182909733213739267e-01
7.834237220864841422e-01
-2.775078042797635147e-01
1.548500553374351253e-02
-4.896186255405405863e-01
-1.735022389931808184e-01
-2.781286349094586052e-01
-2.003145258113154040e-02
