-5.729234132510892252e-02
5.162556944374389056e-01
4.130244118582129115e-02
-1.168951584861465109e-01
1.327864253753791857e-01
2.679614158069349994e-01
-5.897751894148581253e-02
2.070440007534212479e-01
-3.845505408026679839e-01
-1.832549615810871446e-01
6.973431634020367531e-02
2.969214171540471292e-01
-6.428780026601504938e-02
5.795110954881844273e-02
-1.503134049315469345e-01
-2.464822871462044596e-01
-2.197312807031235327e-01
1.829777833311408142e-01
-5.747309334607093589e-01
-1.388063725980241969e-01
8.669720527554575229e-02
-2.284656337090436862e-01
8.545212300453221277e-02
2.538929001126799534e-01
2.019267661786294521e-01
-2.964845949327269414e-01
-2.266516016571796799e-01
2.737558996690429014e-01
5.436575290524826853e-02
-1.579823189109127168e-01
-9.928779953220304155e-02
5.009143514307708989e-01
-4.876323142033370805e-01
-6.566321075231844606e-01
-3.942967730702678364e-01
-1.946046008052818715e-02
-2.821724083541216760e-02
2.506231693135371197e-01
4.428219242855966908e-01
-4.150490619818027888e-02
-7.144737909252732999e-01
1.744949068486420229e-01
7.829211762456402685e-03
1.955010016325946579e-02
-1.071194968927275115e-01
2.330065064944163156e-01
4.218962952990681359e-01
1.488934752503141279e-01
9.200161487843529218e-02
9.794318470931699661e-02
-7.700471388474480205e-01
2.557859814525163533e-01
-6.166759223194596268e-02
2.202520368155296560e-01
-6.206482212922932035e-02
2.670027558358405995e-01
-4.362673540620115586e-03
-1.711200869809172131e-01
-3.246835305768665525e-01
-3.801705027048440377e-01
9.287703701428354219e-02
-2.059349353364306745e-01
2.526190562668638173e-01
7.448885564382018432e-01
1.199425633985429368e-01
4.829227169108408768e-01
1.091151509305394729e-01
1.098842034117856470e-01
-5.246281563933353764e-01
-1.351020143270333651e-01
-2.906110796264515517e-01
2.979947125145889983e-02
1.116143400898809424e-01
-6.428965961324235867e-02
2.561597741423901065e-01
-3.475637673406686834e-01
2.703395303009869521e-01
-1.688630895627420692e-01
5.502362416479870781e-03
-5.820803551743485016e-02
-2.641361501765662756e-01
5.574301527460872041e-01
-1.958486840525890949e-01
4.329760952643157967e-01
-2.475549953315838714e-01
2.258997880833974181e-01
2.488543720339929377e-01
2.549880554853986570e-01
-2.702539967108488761e-01
2.835733633976334489e-01
2.279358023373495579e-01
-1.082744621944592839e-01
2.020614789641621278e-01
2.295679442308604656e-01
2.609917647785439665e-01
7.074499600117092335e-01
-5.814425576381809270e-03
1.162235399941364544e-01
1.780807081665653491e-01
4.724470565978989289e-01
3.087826916638100050e-01
3.694477680702795697e-01
1.253215785251766967e-01
-3.301491448819002944e-02
-2.019025806334930062e-02
2.160145704635569319e-01
2.743522354227679316e-01
-2.301347526468633942e-01
-2.846827140697585357e-01
-2.494502460826727996e-01
-5.066055686099658201e-02
7.420351251109934543e-01
-1.606165035552880316e-01
-2.489238772432205149e-01
-1.429640170427754486e-01
2.742085292195603485e-01
-2.642892004366657610e-01
-4.260877942824912307e-02
5.656988387546529884e-01
-4.144330788604631832e-02
-3.206568035150509366e-01
-3.489443600831202558e-02
-3.417464215462506782e-01
-1.700146725348145871e-01
5.950240088909786867e-02
-1.115102298791460916e-01
-2.475300118108779146e-01
-1.064221703100019789e-01
-2.365154748539161078e-01
-2.802898068073339521e-01
-2.216496101354817894e-01
8.200271158102520608e-02
4.165665852238574218e-01
-6.356793497822130767e-01
-2.943299941603423342e-01
-2.229662385733694463e-01
-1.107154235029655792e-01
1.984413968834983222e-01
4.091464199413431119e-02
-1.921498615673039867e-01
2.409026908717463722e-01
1.136080073168332094e-01
2.174101637241502571e-01
2.910127253851517715e-01
-1.688527773210179439e-01
4.148188321537101819e-01
3.409214458578309626e-01
-4.044234374443753666e-01
-4.440608438422183335e-01
5.647463509872065190e-02
-6.935514785080306721e-01
-3.780357590743034235e-01
-1.540427040138266923e-01
1.396076103724955969e-02
3.219195823681809260e-02
-2.358034518694013815e-01
-2.378160653071529629e-01
-2.338478887427856701e-01
-1.976842153276017200e-01
-1.593618535022814642e-01
-1.539686771292854972e-01
1.005075145279733378e-01
7.818466422792570703e-02
-2.801201357780135348e-01
8.628647268015422755e-02
1.179966826354658660e-01
8.983299357655870343e-02
-1.540706578518698244e-01
1.862516525767784759e-01
1.750538383841817869e-01
-2.804017679105560990e-01
-1.629690185553510084e-01
3.300091805433276182e-01
1.378379371395392072e-01
-3.562448873829984208e-01
1.234222252130472292e-01
-2.123071647143079110e-01
-1.700081306128749248e-01
-3.557096016174601805e-01
2.730468105758054875e-01
-9.490000207316379513e-03
4.170231796096402488e-01
-1.896007008347996847e-01
1.336517606398045233e-01
2.796081984217507754e-01
4.916803974758532543e-03
1.304050949789904434e-01
1.243479506906606663e-01
4.148916484224925844e-02
1.949699594370716757e-02
9.287112817713703838e-02
-3.551841069683544516e-01
1.459727411756849835e-01
2.195500819793387015e-01
7.388820253140600258e-02
-1.079986259122502901e-01
3.274455906716791098e-01
-1.502971596111813413e-01
2.328531935790175145e-01
4.544384034215688817e-01
-8.196254297631641039e-01
9.118477526962621982e-02
1.048184817725773821e-01
1.790015664139282536e-01
1.353735767655311062e-01
-2.936337316893591343e-01
1.200749400915638171e-01
5.720697240356478926e-03
6.572374286632166884e-02
3.737618459047428732e-02
3.229213574205503506e-02
3.981700282066173435e-01
3.882044119326764214e-02
8.850512632604308483e-02
1.415826136105195199e-01
-3.237469735849148322e-01
1.523752278946227494e-02
3.458403755198915380e-02
1.100592468217368447e-01
-1.792338010221336264e-01
2.732083149203532943e-02
2.151067474761605980e-01
4.390140828666825312e-01
2.920873327707149691e-01
1.212560944886216102e-01
4.229957585160802891e-01
1.740244934673171873e-01
-5.336396229294114724e-01
-5.700275077668430779e-01
-5.886609641237147139e-01
9.828281396993292229e-02
3.343543060072833861e-01
-6.367552783095409286e-02
5.374298264031841521e-01
5.332347359797364739e-01
-1.298520407120694053e-01
-5.763139320877437057e-03
-1.535368019340153933e-01
1.110190623967270418e-01
3.807371067236591800e-01
-2.569587963356936844e-01
3.339999263882717506e-01
2.526284248150367784e-01
7.467330312185552765e-01
6.383485334865918182e-01
-1.337449902831830406e-01
2.365970293875760411e-01
1.724505606677080582e-01
3.785575441608244884e-01
5.033636014931712754e-01
-3.598073832165857300e-01
-1.508684884582775498e-01
-5.155481478956731173e-02
5.943547650797612603e-01
2.325360082311843657e-01
-2.394423832098522831e-01
-3.379406472161511910e-01
9.175042396660038069e-02
4.063457123974016372e-01
6.586872142177170597e-02
-6.684599864063748287e-01
-5.861456838312294471e-01
-8.758604924035885420e-01
-1.655997372259418177e-01
-1.063516143221455851e-01
