2.894428447796366238e-02
-1.843553907684390702e-03
1.390690917605496291e-01
-5.670082205945160547e-01
-2.193247730058434375e-01
9.898238899220154208e-01
-2.656405918348261896e-01
-2.447190505753727222e-02
-2.033265826162294343e-01
-2.193073653618295843e-02
1.170568671219010815e-01
1.040052980403058935e-01
1.550074532782314274e-01
9.882599647435177936e-02
1.042476820751999378e-01
-2.150491498853378258e-02
4.772288412840796079e-01
1.793177382552038623e-02
-1.977321744233350997e-01
-1.064839224802100470e-01
-4.557921211812661078e-01
-1.843820911713087707e-01
-2.115792254533748612e-02
-5.966071461002528942e-01
3.290570412192575511e-01
-1.947215555993665748e-01
1.623619242705999222e-01
-4.432638510781844454e-01
-5.022348568611763042e-01
-1.926155124769143301e-01
2.711763390499950521e-01
6.634483969075374854e-02
-2.293516038543788604e-03
-5.760463251976350590e-02
4.012400320059290176e-02
1.600898543625199066e-01
-3.385737234257737982e-01
3.064929834490346394e-01
-3.686449067271792279e-02
-3.444718241107715129e-02
-7.777812334270502170e-02
-2.039621679290220813e-01
-1.785914340134654721e-02
6.073187324089873718e-01
-7.943153050759835243e-02
-3.177498517211963525e-01
-4.593931845182639973e-01
1.018501021112635241e-01
-2.441907506692674312e-01
3.010148697445451660e-01
1.947293075268164142e-01
1.547050347417830984e-01
4.305923083720786249e-02
2.311843975072040425e-01
4.757119298201919477e-01
-3.772679450318491834e-03
4.895140675724452689e-02
1.110476669928700949e-01
3.818078155528155104e-01
7.142823930185274173e-02
2.098766946576923476e-01
-3.562735553420114110e-02
2.081074447889103354e-02
9.223840825095742657e-01
4.490839169606125059e-01
-5.128446326519374432e-02
-5.706158920286061309e-02
6.528489301387759014e-02
1.691827270193776711e-01
-2.750587551747105119e-01
-3.105671724337703554e-01
2.257530645897471155e-01
4.612210773622900661e-01
-2.658320749287916840e-01
-4.866558097422095663e-01
-2.458086916010968348e-01
7.193641644361949972e-01
2.320681020301919861e-01
-5.437642176606288791e-01
2.439345249109469704e-01
8.284590060292353064e-02
6.165048603450326015e-01
-2.371837594997106280e-01
-6.717677474541217109e-01
-9.858994207995942782e-02
1.807990232374827311e-01
-6.947637428823170980e-02
2.041658203470985700e-01
-3.814962974842104892e-01
-1.064548231370035097e-01
-7.160795756229132447e-02
-1.856401338351987285e-01
-1.366882589394551040e-01
6.275355878431869705e-01
1.342392354797445897e-01
-4.941778375004337587e-01
-2.500962117612331448e-01
-4.903273662085647078e-01
-2.800477025079045612e-01
3.810828928501139301e-01
3.089615523671367936e-01
-2.348239628523305089e-01
-2.624087271492542284e-01
-4.802329900968855814e-01
3.296732493686084786e-01
5.022918998506271659e-01
5.016009980392934775e-01
-3.045829017695633190e-01
-3.821236584465956265e-01
8.951576061631025261e-02
4.702236448907473609e-02
2.811496662374524669e-01
4.711395355061887003e-01
-2.491504869241081277e-01
-1.682844004679024397e-01
-4.063337286284253724e-01
-3.496044906149906040e-02
-1.466021390454315954e-01
2.450386666721648954e-04
-1.367724207437968909e-01
-1.289661542285705786e-01
-3.217946092360592369e-01
-2.064974810061581678e-01
-2.445779930873901720e-01
-3.000155685261555183e-01
2.999448023922941797e-02
-3.475786534151525387e-01
-3.035674914688417381e-02
-1.094152319826466879e-01
-2.965905640964810464e-01
3.114440893141488809e-02
2.562436131131760192e-02
-4.325474911534906569e-02
3.443360558274998762e-01
-1.586180920208366818e-01
1.509931765141075410e-01
-2.286462809626342851e-01
4.367012795627310817e-01
-7.588822457976259761e-01
1.425848092364082886e-01
-7.653173989658247633e-02
-5.831511704131473461e-01
3.541019861572413524e-03
2.254634688942722121e-02
5.541582092999863818e-01
6.392130727594405593e-02
-1.551160933676647147e-01
2.547248620559929844e-01
-2.338375416500987347e-01
1.797695491579707205e-01
-1.861531782102313903e-01
-3.008011868961119051e-01
1.804943110713187748e-02
-4.228453350017707391e-01
-7.305923711374008311e-01
-2.160240539339121635e-01
-5.494556789360722782e-01
-3.240616234308251187e-01
2.575339106331679395e-01
7.337040680100333223e-03
1.194962789966192915e-02
3.001944598840645961e-02
1.721483879196160083e-01
1.792137365636788937e-01
5.084546554102783444e-01
-2.820539912779624486e-02
1.044269017475757261e-01
-5.753310344618864369e-02
6.000400853727148875e-02
2.667471915657258497e-01
1.678207239845287135e-01
-2.524047886430468290e-01
4.516159280269316789e-01
3.028928826209014713e-01
-3.076134762929227939e-01
3.624265254429542282e-01
-1.285820729800115636e-01
-4.066266445146881070e-01
-3.747227400815151266e-01
-1.305566658899340038e-01
-3.575695075833193459e-01
2.365585991803276777e-01
-5.066171876559489862e-01
-5.519844153384316776e-01
-2.401818493419705103e-01
1.514076487131954529e-01
4.071830808314633177e-01
-5.520392552493343929e-01
1.568817871640655892e-01
-2.094818578783584073e-01
1.773090543425847321e-01
1.843631822670475096e-01
-4.841189515729781290e-01
4.958494360872237050e-01
-1.002414735637198601e-01
2.201912540330702439e-01
-1.085622733227277620e-01
-4.867596961029836689e-02
-4.792557573789050229e-01
3.594038329947170096e-01
4.059122119044841215e-01
3.648320419688377836e-01
3.123930848622584189e-01
-3.058793905392244716e-01
2.067953021606407926e-01
4.237210936073591144e-02
-1.521547573185830227e-01
-2.383844447019156654e-01
-6.034346210424845758e-01
-1.140630914825557507e-01
-3.077920811053461159e-01
-5.609160529779122495e-01
-1.670346308940185986e-01
3.702396184425874037e-01
3.045504470838427125e-01
1.882186288397305618e-02
-7.400436701839910869e-01
-5.292224816121140346e-02
1.510704478997198508e-01
-6.710831312706860841e-02
3.107471802801035632e-01
-3.610833072698038104e-01
1.013679616534046701e-02
1.504680552195227228e-01
-5.266872665716136603e-02
8.314475913239051386e-02
-2.669297986227631703e-01
-2.230514001809595082e-01
2.756276086384512047e-01
9.781999531563445593e-04
-4.433139603489111291e-01
-2.248147204014399048e-01
-2.112663254051180828e-01
2.436048753277986201e-01
-1.265965356790539342e-01
2.573475875371421528e-01
-2.161845064482097734e-01
1.731252615309017695e-01
-3.159255480891382528e-01
-2.528964043039341747e-01
-3.123033362505832078e-01
-4.949755519880416621e-03
3.762955846329033571e-01
2.899884094866986284e-01
4.946982402942293744e-01
1.044259514866941324e-01
1.401348938096438623e-01
7.820085673183194697e-01
-1.153035307350783467e-01
7.922570784590849957e-01
-2.373307254274198697e-01
-2.592008447565115059e-01
4.893811808692697385e-01
-2.471958326298136777e-01
-2.843887089731031992e-01
-2.308737657222578177e-01
-7.656101015740339744e-01
4.472448737805957975e-01
4.245664737600400862e-01
6.633911994585924843e-01
-4.973422845405046089e-01
2.746475496649382619e-01
-5.127496133990100402e-01
3.960559211745512398e-01
-3.871956174973393838e-01
