2.901633237015631694e-01
-7.636049436574373628e-01
-4.167227838500416892e-01
5.560256640235688996e-01
3.210628119905262756e-01
2.598785947779119754e-01
-3.591917465480166660e-01
1.115074783144139325e-01
3.070793300707613804e-01
-2.034350679776661674e-01
-4.050345414063993288e-01
-4.105851984235158736e-01
5.991027474310531981e-02
7.256639889433741386e-02
-1.226996117910789108e-01
-3.662966172494948602e-01
-3.346836812707715825e-01
-1.737588695445220766e-01
-2.460960889003118990e-01
-4.776111341532338767e-02
2.652942950856486681e-01
-4.366455087401435176e-01
2.044255357758802127e-01
9.024012408882242653e-02
1.081572714556893328e-01
-3.155775787743196337e-01
-1.114316570319125177e-02
3.017961971606439864e-01
3.593778995847755620e-01
8.554266669711692028e-01
6.010050265993555074e-02
1.555297957887813720e-01
-3.965547567088396064e-01
-3.257681440203410994e-01
-4.546536605888135130e-01
9.095526517680087297e-02
-1.907458667595856028e-01
4.114179895120300134e-01
3.483968060573084391e-01
-1.431123681637491429e-01
-9.009926090721860348e-01
1.935139300554238884e-01
-2.398129950905485142e-02
-3.225433412216645035e-01
1.571853523111176876e-01
-4.325614850083892016e-01
4.458389324078567695e-01
1.989160956193036511e-01
-9.100810669037068257e-02
2.917950825410756122e-04
-8.749892177681570793e-01
3.155124039935469082e-01
-4.757027644549085554e-01
2.722638806929513766e-01
2.806970149602888154e-01
3.225789808676400860e-01
1.264876886095828712e-01
-1.969038315635998349e-01
-2.376689727663311991e-01
-3.092730923984907676e-01
1.678344990658258706e-01
-1.694797941342129355e-01
2.900777186483694536e-01
7.673919770849016997e-01
3.997348663077526787e-02
-4.874434382756126505e-02
1.884702472460949019e-01
7.543775352391218769e-02
-5.238916244868664362e-01
-4.616393869318862614e-02
-3.536015034375536437e-01
7.670702392893344324e-02
7.313133290777018569e-02
-1.527195748814444420e-01
3.154530507773826709e-01
-3.547670745839856532e-02
4.440971114946258291e-01
3.533138602269966788e-01
6.801250703760018945e-01
-3.354917655004249072e-02
-2.625255371096144041e-01
6.338863565353571872e-01
-3.131334113909010064e-01
2.407468563749688706e-01
-3.579315444001127666e-01
-8.738596719291435999e-02
3.373217551951894211e-01
-1.955819628959763051e-02
-3.709291551610025550e-01
-2.334778931355452058e-01
1.157741978987120862e-01
2.565176773381110387e-01
9.639377071961706400e-02
3.717022903748020135e-01
9.046803877384239356e-02
7.620882046853916236e-01
-2.901986896152584927e-02
1.283315490689036220e-01
-4.229816271588176385e-02
3.159150882569944363e-01
4.476897328575063506e-01
-3.525237569013792704e-01
3.659213633990899828e-01
-4.992151220521690025e-02
1.706779823137595520e-01
2.402782384823740069e-01
2.914449795475108629e-01
-3.690483394118324045e-01
-2.886157287261476023e-01
-3.944506794446443476e-01
-9.531927297240168351e-02
7.392364312989946340e-01
-2.600099049276803978e-02
-1.359506617617653457e-01
1.948918956660952717e-02
1.729019211108808185e-01
-3.915472066466329504e-01
-1.884467994205953900e-01
6.383773837501958148e-01
-3.025327301901912236e-01
-2.610925187010950665e-01
-2.466469143406526954e-01
-4.049353639879306743e-01
8.390172591602784724e-02
3.619663186955025813e-02
-2.754798867798005646e-01
-2.829935640753087900e-01
-6.860995362520178054e-02
-2.514160707389297422e-01
-3.658544433953065944e-01
-1.265843220231780697e-01
1.750693506834121449e-01
8.893887630921561149e-02
1.391327679222328917e-01
-4.699104706951466592e-02
-2.590394179936748587e-01
-9.330642124816093674e-02
2.390549521575128233e-01
2.115925448892576888e-01
-1.921832725427527200e-01
3.280211732200378760e-01
1.063167525835869709e-01
-2.026619887842209117e-02
2.083762906666442039e-01
4.444680908795928254e-01
3.623244464554661315e-01
-4.568889195358838418e-01
1.941168367273159445e-01
2.385311840808031214e-01
5.079120174387184716e-02
3.004613030521380845e-01
-3.402460813937179807e-01
4.784469660766241805e-01
6.971380404954125032e-02
4.509393491795409686e-02
-2.613217364307036106e-01
-2.203660499387878891e-01
-3.043550534399816487e-01
-8.558037821657038524e-02
-1.947503292402654740e-01
-1.193464557224050704e-01
2.061509674296914743e-02
2.943208631803544140e-02
-3.523097016229875256e-01
1.453383135232365619e-01
7.620097282022605945e-02
1.474047937551712373e-01
-2.341251240937745060e-01
2.160141264447229537e-01
2.148010601495159433e-02
-3.550614325838458152e-01
-2.387671791747425845e-02
3.569352915974806084e-01
-6.986660176727037264e-02
-2.715007254199871545e-01
1.460101895438880582e-01
-2.470175653934872095e-01
-1.457505306725830341e-01
-2.620387746635451931e-01
1.574501925457271190e-01
-2.803578845094037431e-02
-6.463325945815029394e-02
-2.388690361396594852e-02
6.694540301459525611e-02
7.721922815198747903e-02
-6.115574584220989651e-01
-1.475895210158640336e-01
1.094676366363787207e-01
-4.019303472584726533e-01
-1.855180393258082094e-01
-1.614020547109796255e-01
-3.692646264976362502e-01
8.439887650540847108e-01
-1.033382728690177416e-01
8.466665167053116781e-02
1.925190122771726353e-01
2.039147734728844474e-01
-3.017245268236358816e-02
1.415361678655358835e-01
-5.030811830536191520e-02
-8.644792330768789057e-01
2.289182954124714675e-02
1.077489520394490918e-01
2.355220011815090109e-01
7.686451806672243287e-04
-3.881675599027906709e-01
2.284339988241917418e-01
1.845842210095616220e-01
1.119622321040482926e-01
3.834576438601444009e-02
2.557436844038819823e-02
-1.321706365530157246e-01
-4.224245688769923679e-01
3.511666702268437801e-01
1.646485623047675984e-01
-2.845567775909366715e-01
-3.578435485397198357e-01
1.403046134379634935e-01
-8.640993656801981837e-02
-3.273087291862823434e-01
-3.508305998717113627e-02
-2.734301651127927779e-01
4.747848023507273973e-01
-1.761496829362619310e-01
-2.745493462326968892e-01
3.865293124958419924e-01
1.258373973519909539e-01
-4.931126024296478838e-01
8.821351049275547029e-02
-6.482459307307466556e-01
-6.790026024299441465e-01
3.520030484051253072e-01
5.314127920031872510e-01
4.967030617629139555e-01
-1.783587637416214067e-01
-2.601024066838963367e-01
1.521715437713188485e-02
4.481788011943435568e-01
-2.751031494525362775e-01
4.049129195292072159e-01
-2.974391018221765326e-01
3.802897382569182527e-01
5.643562628046947666e-02
6.704955035530659746e-01
1.831195064978643205e-01
-9.226068057503847286e-02
1.160234966446851562e-01
5.707791177001972360e-03
5.240014519457547593e-01
5.527297818606444757e-01
-4.335924882113847412e-01
-6.994751121902282875e-01
5.854720646199841616e-02
2.858879829155309693e-01
2.466863109020558942e-01
-3.218374878089343971e-01
-2.681867067815785766e-01
1.925244044197813725e-02
4.447724198462260081e-01
3.471335337273334098e-01
-8.130634686634056196e-01
3.529782207451902520e-01
-7.898973183179305302e-01
-2.163653959220324108e-01
-7.204464839799236409e-02
