-2.014842368642544290e-01
3.164047953443392402e-01
1.775809404813391279e-01
-2.647906606688589792e-01
9.138513654124910939e-04
1.767139574600917751e-01
-1.381749943538983227e-02
-1.884310139565543996e-01
-5.596473123565304242e-01
-1.028034806931043127e-01
2.615617349550767856e-01
1.883459941162371754e-01
-1.778345102497416730e-01
1.570549483591388296e-01
1.438923098299633718e-01
-4.434027638175194741e-01
-2.393680173152056279e-01
2.984070728360802560e-01
-8.889399671275501069e-02
-1.013573333010606703e-01
-7.389569242268931304e-02
-3.770886079114587064e-01
3.249407160801313643e-01
3.044377085357068413e-01
-1.779549944027757347e-01
3.293796669087738216e-02
-3.166701848534139163e-01
5.139498748848943949e-02
-5.340581871147865450e-02
8.076591232833087997e-01
-2.371046220669146068e-02
3.061378059598046097e-01
-4.604840870757977156e-02
-2.810369841247428724e-01
3.800128327508670023e-01
4.607947724613038060e-02
3.130358044611171175e-01
-2.397936213977312214e-01
-5.405614402421169418e-01
-2.715509961601515927e-03
-1.303400792202296932e-01
3.184443326753272907e-01
-2.025449228886992969e-01
-4.634157364278148616e-01
-2.480969605106407017e-01
-2.045721618724066423e-02
-2.538417268698401341e-01
-8.066916946641257413e-02
7.955291104109994682e-02
4.253614905964024362e-01
3.526526807644935202e-01
8.996045962701541832e-02
-9.044091892265967991e-02
1.606707766602312737e-01
-1.314306945138979388e-01
-2.358189956262127240e-01
-1.510475592768398267e-01
-3.975242659719361304e-01
7.290315199003928603e-02
3.512365446319083429e-01
6.824739929597273269e-02
3.311024374722720265e-01
-6.100342795935213142e-02
2.993934564512240049e-01
3.320535011887869037e-01
-1.401003987426945596e-01
1.951981925858954636e-01
7.104734951018824851e-02
-6.394466144349869596e-01
-2.221093207415937576e-02
4.495389936819634835e-01
-2.884083252555187937e-01
-1.601569462406950417e-01
4.981799287891922057e-02
-2.128497845398892585e-01
2.409944912977663445e-01
1.356337040764843405e-01
4.931943542741375475e-01
7.405539599322535915e-02
2.012814791463862774e-01
6.448620221557825605e-02
-2.934930299802151338e-02
-5.096236280028251242e-01
-2.752947600267686701e-01
2.978771865773323646e-01
-2.130057930778977149e-01
4.984501326602641669e-02
8.279522953768714277e-02
5.537134418111144818e-01
8.197560998409801625e-02
3.245559774902878059e-01
-1.111988853275277730e-02
-3.428335707340552374e-01
-2.952739716215807553e-01
2.909953805873570151e-02
6.792620321889322743e-02
1.656393256972061023e-01
-1.890208981208120753e-01
-1.743376181935030744e-01
6.368651618177341434e-02
-4.897890696503262413e-03
-3.624564342682215501e-01
7.218983289655012126e-02
-4.221514475051751925e-02
-1.152495770540208492e-01
-5.180626452425682871e-01
3.191627959654378954e-01
1.042700074224057333e-01
8.661387337886787552e-02
1.265351269488798613e-01
-1.717914949905013922e-01
1.701537191469073562e-01
-4.068582475539895271e-01
-1.302289872322650310e-01
-4.218792351034418853e-01
-3.927329977297578517e-02
1.236337891075305617e-01
4.332199664035867037e-02
-2.557387674586834025e-01
9.181772657614661881e-02
3.093252704466944655e-02
-2.498766135532634880e-01
-9.047819742835672141e-02
-3.590670265032993580e-01
2.393693166969926289e-01
-1.874540703795779806e-01
2.219106459559885280e-01
4.698485006819086429e-01
-3.543253644421835435e-01
1.963774404329615419e-01
-3.992937219220438205e-02
4.048319783833691510e-01
3.011972822790773274e-01
-1.588834853262350577e-01
3.624929144841922968e-01
1.599409809200323107e-01
2.726127400566109582e-01
1.647571180673464419e-01
-1.817338590307837343e-01
-1.936546790921100658e-01
7.222273235916248924e-02
-1.879162615522779467e-01
6.528300561975454441e-02
4.383790371234759786e-01
2.381985203189231903e-01
-3.056507998659233061e-01
-3.736772268267913449e-02
7.113018850226977552e-01
1.572306473262700399e-01
3.631856151066596705e-02
1.958345337033126077e-01
-1.061450078366158734e-01
-5.591143460380673114e-01
-6.513702614482641540e-03
-6.190584543232172665e-01
-3.443904331830478505e-01
-2.026314768158166690e-01
-5.280635029520018842e-01
-3.648770357474643844e-01
-4.454058681651207330e-02
-2.091263875962872387e-01
1.912118846880045131e-01
5.330338569998871456e-01
1.738234833016008909e-02
5.809230726519920562e-02
-2.112280545778219554e-01
-5.095572256555481738e-01
-2.635438817871273987e-01
8.277279485163700767e-02
3.909147418238621829e-02
-2.786410280132408657e-01
-2.006519332682183687e-01
5.123325986974569535e-01
5.344711081196088509e-01
1.407332108047532615e-01
-2.280212817151106020e-01
1.211024231254633279e-02
-8.898449024797734641e-02
-1.203883789064521814e-01
1.173789837707621408e-01
9.819072415519078390e-02
4.375347114558095218e-02
-1.405300433490101475e-01
-2.399948362262567178e-02
5.975011298895708256e-01
-1.225233836053048753e-01
2.136562003140077270e-01
8.096820396367297723e-02
3.390837148267354384e-01
4.943254838971235521e-01
-7.192869407769141021e-02
-1.855248550095852170e-02
-3.507178286641564058e-01
-2.387708721817976276e-01
3.002748201674645401e-01
3.192970120977982607e-01
-3.348426934221869211e-01
-3.118217569037896042e-01
1.621840073224489198e-01
1.455663975052138570e-01
-1.123520010783285866e-01
-4.329192156084452070e-01
-4.855583310325400914e-01
3.812021580824466738e-01
-6.457778250604921666e-02
-1.762826233825692535e-01
5.353748503386631663e-01
3.124049524017327162e-01
3.259371122913117813e-01
7.291494595035176440e-02
1.016709187823177513e-01
-9.157268297491859277e-02
3.304138721709626303e-01
2.883677192064240669e-01
-6.694170939581993440e-02
-5.351608994210282910e-02
-2.348029728758561363e-01
7.258447049272261087e-02
1.047378675029566053e-01
-2.258934397574765829e-01
-4.156824285942023467e-02
7.919037302637141340e-02
1.944101220253217910e-01
-7.851952059911963822e-02
-6.504764493729903174e-01
-4.542786966016344463e-01
8.864911800245174611e-02
-9.803363300094650179e-02
5.862334813113918852e-02
4.384095318673311703e-01
1.557228477616847684e-01
-1.782103013851006335e-01
-9.488229313896039130e-02
-1.644767085143644947e-01
-2.422173974746810732e-01
3.108071982708756065e-01
2.938362150492680389e-02
5.791964666840008352e-02
-5.650096076097161912e-01
-7.825086476230622701e-01
4.981124690008019440e-02
1.512583639430560012e-01
1.746996591780193564e-01
-1.092037627493875479e-01
3.640009685968417091e-02
-7.707056558220645170e-01
7.911112899837134671e-02
-4.357447257282023867e-01
-2.210729473598108674e-01
-3.851878761523624406e-01
-4.558112309155101238e-01
-8.546505439584106342e-03
-1.464895982209682423e-01
-8.992215813173291827e-02
1.128116725462612185e-01
2.402440031232069839e-01
-3.625957344289884032e-01
-1.152365446660418569e-01
-3.002063982538153986e-01
-1.300332957476187656e-01
3.332075541803721230e-01
-1.949384611887397256e-01
-5.535490330187614605e-02
7.004949530388456802e-01
-7.343892627071253731e-02
