1.677201521665194206e-01
2.940805450218415551e-01
-1.105008329918401033e-01
-5.055299406856256228e-01
1.123425236396855542e-01
1.301444211353639246e-01
3.251047021672226478e-01
-4.421566838292700918e-02
2.068126131112967836e-01
-1.800778315787222306e-01
1.188692273900916058e-02
2.773447183623793388e-01
4.566081014517436865e-02
1.289866530729136609e-02
2.170662682704938007e-02
2.394228619299114957e-01
7.743961470097479594e-02
1.302972968883434612e-01
-3.915117130782218569e-01
-2.586987814225164550e-01
3.368692770682176207e-01
-1.578127657142968099e-01
-2.100688166711119353e-01
5.274962553736438631e-01
-1.305140348298649555e-01
-6.522562996939328117e-02
3.199978432114972127e-01
2.152678190553551918e-01
-4.712102182870046840e-02
3.298752928771894743e-01
-4.195210353881869136e-01
5.136006240394923594e-01
-4.212395938989414723e-02
-2.239467869910392317e-01
2.957983122809856869e-01
-8.133311017066249815e-02
-6.824063602373833803e-02
-2.783974621243889835e-01
-4.267764837993077293e-02
-3.619041223174453425e-01
-5.134512464397332776e-01
1.735797333043807011e-01
4.111623289602351905e-01
1.553604431884151038e-01
3.464698870833833877e-01
3.597369708286011214e-01
4.203560593812282198e-01
-6.811876735154989149e-01
-7.204889336584761050e-01
7.264712539117824941e-02
-2.622407429634564524e-01
-4.526916550080060941e-02
-3.735568489413849114e-01
3.104583690934841766e-01
-3.100548050477151124e-02
1.588111557712410804e-01
9.509387978751811243e-02
-6.617757044604931638e-01
5.572083381767208021e-02
-5.619524698971671561e-02
-5.836156733182832346e-01
2.822907806222196836e-01
-4.681755136782973503e-01
-8.725731526357910495e-02
4.311440674386241012e-02
3.424672044298480988e-02
-6.388269150268174323e-01
2.285974487436361891e-01
-2.625444673798292272e-01
4.715844573158864961e-01
9.888714209632769314e-02
5.331384530397147437e-01
-9.326943787648926953e-01
1.328035122890123265e-01
-3.694756779494857701e-01
-2.631420713011439760e-01
3.678778810412511313e-01
-3.773143210808316272e-01
-3.314660462483856596e-01
4.148327373955972286e-01
1.089395436109526771e-01
-8.956337645846305928e-02
3.298017575958627212e-01
-6.099802315246510842e-02
1.629058518156734081e-01
2.087556936002623875e-01
4.001379264627821786e-02
-1.189264173601623231e-01
1.639188456602450050e-01
7.293203840631387047e-01
-9.344411506714071780e-02
-1.274990730686075824e-01
4.702969913673155783e-02
1.851191416736127360e-01
2.630876448827839664e-01
-1.934237281209310322e-01
4.073544182308519446e-01
2.311936627871057776e-03
-3.838557809919858066e-01
-5.770112374868598959e-01
2.554069939300734893e-01
-1.332723311033063296e-01
-2.089334129303603294e-01
4.070134427454736442e-02
-2.495578275921888842e-02
-1.700790768996199021e-01
-2.809855866063452057e-01
-2.604310719928998874e-01
3.055124032480751040e-01
-3.241701706857724741e-01
3.894733395268012988e-01
-1.691071083260236585e-01
1.349184179959052321e-02
-1.893981855448917118e-01
-3.111212968501049225e-01
3.435824804119022580e-01
2.751403405186708673e-01
-4.154954155370394475e-01
3.358333481076851701e-01
3.594072843188146349e-01
-5.894775140803263369e-01
8.859874760832886498e-02
-2.080642792480055236e-01
-2.578360623770040161e-01
9.968232677845492717e-02
8.014189115351091908e-02
-3.200798562681452797e-01
-7.766993242479188764e-01
-2.468470214656955444e-02
-1.422207456493729816e-01
-1.167563862956793319e-01
-5.465207901171725488e-03
2.793026781431852124e-01
3.344329190333814039e-01
-9.625057077909615622e-02
-4.856352811085787868e-01
7.734200464370373507e-02
-8.687675669349143037e-02
4.417747787920913161e-01
-5.406588972692202844e-02
1.279589208383898336e-01
3.788511472295735816e-02
-3.335607787193946017e-01
-2.316381938581591193e-01
-2.980010339205050873e-01
2.348547869185451664e-01
1.498003541044381701e-02
2.137398227773876780e-01
-2.629715986621307122e-01
2.847401331386825163e-01
-4.145903849930845930e-02
3.421661406247866188e-01
2.277233166573581769e-01
2.338362465343400420e-01
4.971167741811653995e-01
-1.262127373924143703e-01
3.320974881617457797e-01
-2.469136395558125391e-02
-2.016861192906440892e-01
-1.386263613559532426e-01
4.865149972059071848e-01
2.776265229941573542e-01
1.451938234119868332e-01
-3.671051604959897907e-01
1.753162281751312890e-01
6.873264158627570564e-02
2.121033283213362430e-02
-4.647149180729868156e-01
-1.299477515265454464e-01
5.386259616209263523e-01
1.913379543934637661e-01
5.047011575080791873e-02
-2.789305932383498998e-01
-6.789612204738765255e-02
3.075023021663774170e-01
3.415794341667180434e-04
-4.316229069845730626e-01
-5.032309873368306929e-01
-2.210551158502188362e-01
1.789211178927459511e-01
-3.294605035106944468e-01
-6.159111866047691786e-01
1.006564225636781551e-01
-1.806187137295516831e-01
3.834831318524007937e-01
-3.310486549082803376e-01
-2.524187735953515449e-02
-3.694322402871306199e-01
1.722455480431623054e-01
1.111624572804866123e-01
-1.045290126547032405e-01
3.166345569199163212e-01
1.597850417337076667e-01
-1.160637232204036196e-01
7.682628434301108644e-02
1.268221848100504201e-01
-2.435019802648351606e-01
-8.172785712236291245e-02
3.011104414991166642e-02
5.924687861634039265e-01
-2.980019177860936952e-01
-2.181298899441168337e-01
-1.975784176140262249e-01
4.036240821160154146e-01
3.681044315354068952e-01
-2.065591739068084742e-01
-3.512433996444983553e-01
1.446617449538964151e-01
7.379662503277668179e-03
-8.950709850101706833e-01
-2.073987717080988114e-01
-1.502291038636500708e-01
3.372053746019940679e-01
-2.352010396969808903e-01
-4.635507413707827540e-02
1.968768785931284127e-01
-2.335023415874257907e-02
6.713691134990573683e-02
-3.086784700160766226e-01
2.668299397542316376e-01
-5.217905948991393705e-01
1.990367274563120681e-01
-2.983695914580707792e-02
2.049702328811303931e-01
7.573704348410129072e-02
-2.961822172176875601e-02
-2.134063254106620677e-01
-3.910605410101981039e-01
-8.009657913441747476e-03
4.735581640389467661e-02
1.933652305120757142e-01
7.868800597017569509e-02
1.502927761394487124e-02
1.903134604121587137e-01
-5.062464572527661799e-01
-1.628101497346805537e-01
-2.987345715611834374e-01
-1.209146923983447919e-01
4.584303401742532286e-02
2.979462675404789124e-02
-5.922014439034055389e-02
-5.187345181183854181e-02
2.520451105823937055e-01
4.786533875848218988e-01
-1.950512233090535286e-01
-2.521064874846460357e-01
-6.312136926712907242e-03
1.206114282646074953e-01
1.354911024178754309e-01
-3.146743152927957143e-01
7.268470235917347255e-02
-2.345741867816088511e-01
2.018013269310958702e-02
1.340804055978792597e-01
-2.453189822444205026e-01
-2.729749590214878424e-02
1.717792100411995038e-01
-6.169587545518877975e-02
3.889917487002008678e-01
-4.955912491235966444e-01
-1.388359478407271419e-01
5.169139235744864280e-02
2.290368432805774956e-01
2.658614803935948068e-01
9.431702883305620455e-02
