1.000000000000000000e+00
1.298486724907599310e-02
-2.230972620688521646e-01
1.047870586960231998e-01
5.879872065766782452e-01
-5.103525180110920489e-01
3.646761264055134455e-01
-1.000000000000000000e+00
6.263282961632788970e-01
9.789620625246332475e-01
-4.277644050434527001e-01
-5.093495781003527512e-01
2.444241258735791733e-01
-5.471698310583804625e-01
6.304318320071794490e-01
-7.451813794691843906e-01
6.705893996654398448e-01
-2.684249963378346204e-01
-3.728774590956218660e-02
-2.815397980709584136e-01
-8.744101749229035159e-01
-1.224486880201278577e-01
-1.000000000000000000e+00
6.496010849371780527e-01
-1.000000000000000000e+00
5.855721049430475666e-01
-1.000000000000000000e+00
-6.130671450027825875e-01
4.259237469858668801e-01
-9.239183724849642232e-01
-8.952040013240031291e-02
-7.390262863692886874e-01
-1.092834861804395236e-01
1.000000000000000000e+00
1.222216236745043705e-01
-1.000000000000000000e+00
5.167474561323204263e-02
1.000000000000000000e+00
-6.717251671751398590e-01
-1.000000000000000000e+00
6.157876281508676275e-01
4.332986372990791923e-01
-6.989253682034418658e-01
8.643295932034411599e-01
7.203668651715977589e-01
1.086743033920632706e-01
-1.000000000000000000e+00
-1.387939587854155610e-01
-7.532625661368863579e-01
9.932621877176105452e-01
1.000000000000000000e+00
-6.917066427868862055e-02
-9.461706622932839483e-01
8.295970887666870297e-02
1.000000000000000000e+00
-1.000000000000000000e+00
-1.000000000000000000e+00
-1.000000000000000000e+00
-8.227733693027148298e-01
-6.089638144319649005e-01
-1.926650409211979609e-01
1.000000000000000000e+00
-5.423253313502371942e-01
7.132501526400623071e-01
-1.000000000000000000e+00
-5.365514574921629309e-01
-3.564502853996319720e-01
8.261883831373584286e-01
-1.000000000000000000e+00
5.514027834614330104e-01
1.000000000000000000e+00
-7.810569804169664732e-03
-4.519033830202310309e-01
5.209537340423427143e-02
1.000000000000000000e+00
-5.978958951780654063e-01
2.236181176391973668e-01
5.527126336964551800e-01
-2.385116983336885710e-01
-1.000000000000000000e+00
5.228576975729422038e-01
-7.144050385749034504e-02
8.117618694599553208e-01
1.000000000000000000e+00
-4.394510219390490580e-02
1.000000000000000000e+00
1.000000000000000000e+00
1.050031161901179289e-01
1.000000000000000000e+00
9.776856971829865905e-01
-1.000000000000000000e+00
-1.000000000000000000e+00
4.338795915666282532e-01
2.530691558757145465e-01
-6.901868043855091672e-02
-4.302091879170000244e-01
3.421456423411912695e-01
-1.000000000000000000e+00
3.555961211154839985e-01
-6.774840930914929338e-01
4.547272959249804014e-01
-9.279312910585901797e-02
-1.000000000000000000e+00
3.195929762655939088e-01
1.000000000000000000e+00
1.000000000000000000e+00
-8.869464882358630842e-01
-1.673279394277641385e-01
-1.000000000000000000e+00
2.183623763378544358e-01
1.000000000000000000e+00
5.443598659551107666e-01
-1.000000000000000000e+00
-1.000000000000000000e+00
7.610676212503560967e-01
-1.000000000000000000e+00
-1.000000000000000000e+00
2.912471199356670426e-01
-1.000000000000000000e+00
-6.280325378100062306e-01
-1.000000000000000000e+00
1.487920728358267386e-01
-4.236646070394899377e-01
-1.391399528524993601e-01
1.000000000000000000e+00
-4.149111939515028880e-01
-1.000000000000000000e+00
1.000000000000000000e+00
-3.026745496061055696e-01
-1.000000000000000000e+00
7.967427985638906307e-01
-4.125231763254527673e-01
-1.665833403651614253e-01
-1.576165508299357254e-01
-8.734708425660759890e-01
-4.538005390325090121e-02
1.000000000000000000e+00
-9.045281203649746526e-01
1.000000000000000000e+00
6.688381442007383937e-01
-1.000000000000000000e+00
-5.775919675125257280e-01
-6.938689913031601542e-01
4.639390069154345486e-01
-5.796639797014216389e-02
-2.791059006347988980e-01
-4.941489198942649597e-01
6.403129005463057410e-01
1.821211740721312422e-02
-1.000000000000000000e+00
-7.705842349345690678e-01
6.104358802589642252e-01
-1.000000000000000000e+00
5.405855286348659750e-01
1.364747071273981205e-01
7.541682683874567639e-01
-6.215217906486698585e-01
4.076142955685270186e-01
3.829781256741707773e-01
-3.841178094800626885e-01
-7.672102183238120876e-01
-1.000000000000000000e+00
5.256892357337790145e-01
4.992817336376697002e-01
-7.875470335862728710e-01
-5.761877854847094471e-03
-6.453104603996189237e-01
-1.000000000000000000e+00
1.000000000000000000e+00
7.317519317400550394e-02
-8.472463582056966036e-01
-3.728246015726218721e-01
-7.404756338121254444e-01
-2.645361347623870207e-01
-5.671769451641399673e-01
1.000000000000000000e+00
9.247600754288476388e-01
7.098775229513323848e-02
-8.981158508406333896e-01
-5.313405067353468292e-01
-4.107558213415784532e-01
-6.546199607238946117e-01
-1.960964711394792559e-01
1.542956663937367356e-01
-3.263846312077243739e-01
-1.080312010046022009e-01
7.472805037089859104e-01
8.863999677281438894e-01
3.615283980992374246e-01
5.221076890840099516e-01
-1.000000000000000000e+00
-2.985039169301431650e-01
-6.389837370140216688e-02
7.357542476302488810e-01
-4.930881352173872578e-01
1.000000000000000000e+00
8.467118035852638780e-01
-5.672327572421160813e-01
5.537079581136032935e-01
-5.168470268167731918e-01
-9.449353664371267225e-01
7.616643652256785968e-01
-1.000000000000000000e+00
9.462989915361244009e-01
-3.861642204649520238e-01
-1.610507690879329212e-01
-6.117807502727290458e-02
-2.525238018976957988e-01
1.000000000000000000e+00
-1.000000000000000000e+00
-8.136237821111804713e-01
5.351878305966530913e-01
9.178871645452227890e-01
1.635454769967389921e-01
1.000000000000000000e+00
1.000000000000000000e+00
-1.000000000000000000e+00
5.522414124746609643e-01
1.000000000000000000e+00
-1.000000000000000000e+00
7.135381484896328175e-01
1.000000000000000000e+00
1.000000000000000000e+00
-1.000000000000000000e+00
-4.712841380241292732e-01
1.000000000000000000e+00
6.539641554824853209e-01
-1.159716569738256653e-01
1.000000000000000000e+00
5.745440094669944653e-01
4.714397417325406625e-01
8.039419204755322568e-01
-4.488425407549001545e-02
-1.973264785756223549e-01
-1.000000000000000000e+00
-4.394054023472116488e-01
-1.000000000000000000e+00
-6.123979688211718120e-01
9.036806788370368437e-01
2.634074276964530337e-01
7.561921847800467944e-02
-8.017231022551155606e-01
1.662876350369415224e-01
1.000000000000000000e+00
1.000000000000000000e+00
1.670346627729384914e-01
1.000000000000000000e+00
-9.152658284455668092e-01
-3.486989626087197980e-01
9.632022967576348016e-02
-7.697277582819502806e-01
-5.198337378730093494e-01
1.000000000000000000e+00
6.268117041470021578e-01
-2.194425354633642300e-01
7.152059425574265328e-01
-5.867642690525716187e-01
2.526257677140299474e-01
1.000000000000000000e+00
1.652411653868993968e-01
3.227884384568711629e-01
1.972884769419236406e-02
3.853190691308332472e-01
6.076302044716084261e-01
-9.332542275596753534e-01
