-1.792908740248659871e-01
1.301905641546474701e-01
3.882513976181434789e-01
6.156232083078537753e-01
-1.889754955092795841e-01
-8.072239964694516434e-02
-2.738472728638686737e-01
4.423616693261910870e-01
-2.981891952409559954e-01
2.907989141897053265e-01
-4.184243975464493337e-01
-5.964445435911976956e-01
-8.554501415565463063e-03
2.580187875840337375e-01
2.001906611987960827e-02
1.474956594418571354e-01
-1.966014343276256682e-01
2.381889170339582806e-01
-9.529384953547252735e-02
-3.007041087749027456e-03
6.227805313257089859e-02
2.934129750044957574e-01
-4.350738161909960544e-01
3.478217146793817771e-01
-2.672016208309874186e-02
-4.347278050748849543e-01
3.838024045067807699e-01
-4.670422638176839891e-01
-2.839999489931682164e-01
1.141227920631257692e-01
-5.815615143840547896e-01
-2.783072947038259248e-01
-1.674427981401598597e-01
3.093868194272623717e-01
-5.075931909619902926e-01
3.033913146895243079e-02
-1.726188210563849579e-01
-6.550352034659451261e-02
2.855013730297555757e-02
-1.947727143184869447e-01
4.821626874181276223e-01
5.280047621555006288e-01
-2.028497359085992824e-01
-5.727361125278493947e-01
-2.415391548134041555e-01
7.591876666508963478e-03
1.763801812682761205e-01
-4.748471977197601945e-01
-7.456426916931052640e-02
-2.450434259655877578e-01
3.163328669027201667e-01
-3.672445985781687128e-01
6.595451467020256586e-02
3.645095017975919505e-01
-1.397403385327507519e-01
-1.682687652029680181e-01
-4.221616343143613226e-01
3.129118317225257351e-02
-2.940247375409721919e-01
-7.798074090980461337e-02
-9.982863561957824872e-02
1.063383068677006965e-01
-2.804988491752481439e-01
1.186515094730126035e-01
1.159791349402379823e-01
1.459893831243056495e-01
5.032098416957720977e-01
-8.121772890578103643e-02
-4.510266154956185658e-01
-2.884024674238788721e-01
-4.759507811870083982e-01
-9.564180909542606412e-02
9.131047118120785497e-03
9.065005796761335111e-01
-4.569635365639577174e-01
4.521986532562107253e-01
1.139407915488393763e-01
-1.776283932900024898e-01
-2.225584164073535209e-01
-2.665676628894386724e-01
4.232097707827899291e-01
-2.401399385844461224e-03
-1.250677095013246476e-01
-4.918941242435441730e-01
-2.982878631218902621e-01
2.028466386991259196e-01
2.866766759056288763e-02
1.539246278351244501e-01
-2.296471169255139833e-01
9.386987503729775362e-02
5.746418710318534906e-02
3.101877351547454795e-02
6.047460188841060486e-02
3.158507308928812374e-01
-3.362284554027932804e-01
-3.153688357827311162e-01
3.662335677820657831e-01
1.059989941072889824e-01
5.147496545973488657e-02
7.998093572100709037e-02
-2.946887179277902225e-01
-3.491194954096418779e-01
9.249520323689890133e-02
-2.272851084432306601e-01
-3.149807038908957746e-01
2.653251536327467797e-01
2.760679532062045305e-01
4.281354395126993340e-01
-1.753769408256400097e-01
-2.789643336034517418e-01
7.061151244242741543e-02
-6.922475007198025665e-01
-3.041981261159212302e-01
-2.556145404209257330e-02
-3.264465542803922093e-01
-8.297761709268342001e-01
-2.057376220121466537e-01
6.513018187357287880e-01
6.237456152281350974e-02
-5.821824946629956116e-02
-3.244147886454181728e-01
-5.463443294870093947e-01
1.989126103396987311e-01
2.520873540976449334e-01
-2.933638266016891372e-01
-4.781478131858522135e-02
1.968087404429019471e-01
-4.416967214724224627e-02
-1.529843017379871328e-01
6.181454322535718804e-01
1.681178152404683990e-01
-6.519646441205210197e-01
-2.295424036772995557e-01
-4.864719276298141715e-01
-3.119351396025556514e-02
-4.540232284351254366e-01
-2.418342717921926899e-01
1.599944373414028675e-01
-2.652986269336212732e-01
2.996822530815517749e-01
5.049975180628725191e-01
5.185625442152190789e-01
1.796948730210108647e-01
-3.860466599963141010e-01
3.345144140585881026e-02
1.500206739909701881e-01
3.728197719880193550e-01
-8.965248051852758512e-03
-3.554847079632197926e-01
3.095813131902646065e-01
-2.639421892533157510e-01
5.440155769478920433e-01
3.805935542737365340e-03
-7.976414087890066132e-03
3.814684868138030205e-01
-2.226903327884341699e-01
-1.863077674023177199e-01
1.256495371370545955e-01
-1.211798307881648135e-01
1.890645501677712115e-01
-3.572793577834632583e-01
-6.355713408602204906e-01
1.267806859675774944e-01
-1.732254685269226657e-01
2.772090207608420287e-01
-4.144815067058704172e-01
4.712855430888190922e-02
5.323355437351287023e-01
-2.045942282274623436e-01
2.853774836623297895e-01
6.769710992631496893e-01
3.718651599629802657e-02
-4.684876039013925048e-03
-3.900074297167716586e-01
-2.613133687172588537e-01
-2.450249412322825504e-01
-8.141473433811514948e-02
-7.635986220546789327e-02
-3.817691087903741370e-02
1.702140696062791614e-01
-1.197176745542716247e-02
5.559794642946688237e-01
2.784624193367155054e-01
-6.135884211733159954e-02
3.695418015431483627e-01
-8.855385501313058072e-02
6.175326230270550276e-01
-4.160380190237996656e-01
1.512543295206222604e-01
6.733686422983850561e-02
-2.856951406018772843e-01
-5.854350774475514108e-01
-2.240609473946713892e-01
-1.139460223994387122e-01
-4.533136486435457996e-02
2.473995605799186870e-01
3.215295616747210761e-01
-5.194294006085289211e-02
2.265571105185155421e-01
-1.080077300969902246e-02
-3.395779520726990852e-01
2.635958190286075142e-01
1.521097450793617301e-01
4.012302303892556488e-01
-2.578256115589230846e-01
1.981330477090114950e-01
4.777552884521270582e-01
3.375486804382033523e-01
8.058139954191079202e-02
5.900556709117988907e-01
2.096012613430116023e-01
1.788623899116318361e-01
6.293869636154417746e-01
-1.217530352660124715e-01
-2.526250481859894648e-01
5.848752071994633983e-01
3.912087890036978211e-01
1.494635976487368456e-01
6.460734733111546113e-01
1.513821120577149570e-01
-3.942328688905597650e-02
1.016455060897795415e-01
5.152866486062701590e-01
2.419799086599457860e-01
1.369475211206222509e-01
-2.115095375351002671e-01
-4.296550512946815115e-01
-4.447675301402470582e-01
9.502544620016119270e-02
9.150011278134340120e-01
6.701898885295871910e-02
-1.079133775725379524e-01
4.357175889050685091e-03
2.490650954324664657e-01
2.235255593616991832e-01
3.895452307700209005e-01
-2.158063754994127559e-01
3.759927772116739703e-02
-1.295615384705803563e-01
-1.673448262349190307e-01
-1.055221686266106240e-01
1.696186558355143870e-01
6.929493524103035318e-01
8.508029913739965922e-02
-3.423528496613498229e-02
-1.954612441764523034e-01
2.945875512334223539e-02
-5.355322766279552171e-01
2.574499031994207376e-01
-2.932126559150536882e-01
3.832708307002741926e-02
-1.251551554693950130e-01
1.000000000000000000e+00
-1.876810844730237848e-01
-1.705555589534529237e-01
-2.222639880300113502e-01
-3.192596248633715050e-01
-1.589834045436354371e-01
-2.447195359181380814e-01
2.060801149160850984e-02
-4.115324764845445515e-01
-1.673159616469378080e-02
-3.601873813849693073e-02
-1.618621149437170503e-01
1.445170672488630681e-01
