-5.608630710502945371e-01
1.842453864711652567e-01
-3.374713638859049292e-01
-4.502339342524647736e-01
-1.790297120649330109e-01
-3.304340738548675604e-01
6.475759142603551011e-01
-7.709360821637782635e-02
-3.522125959107550441e-01
-2.202336313382981803e-01
3.029595706263051302e-01
4.313683420845263461e-01
-2.489436612355122938e-02
-2.973174096024073232e-01
5.816179323809013424e-02
1.869956311905908164e-01
1.702413536771343050e-01
-1.998523510997071706e-02
2.775250790950442026e-01
8.782113435723547523e-01
2.999458142251378856e-01
1.211081856333483531e-01
-5.678335047294580384e-01
-4.432977096678583639e-01
5.158980104877506356e-01
-7.932277071210518116e-02
8.305790494242536182e-02
-1.676445421613063187e-03
2.864792044570929064e-01
-1.737801090847864993e-01
-3.368667159303771058e-02
-3.977690436732663204e-01
1.130973241642235921e-01
-3.925687932817483738e-01
4.146388216152124828e-01
2.346687088355178460e-02
-2.776857637895792097e-01
-3.825499398196272743e-02
-1.814171640089006776e-01
-1.899820279501264197e-01
-1.043838036435322941e-01
3.041840962540149906e-01
-1.469792840256270161e-01
-1.427065304717261944e-02
-2.365162859882074808e-01
-1.003906521764644927e-01
1.895125326772580943e-01
1.950724787720140851e-01
3.295180960646303947e-01
1.754586704951014153e-01
-3.031734696749267127e-02
-1.399989578849979155e-01
2.719065338341558058e-01
-3.618022745374148419e-02
2.135509892618741024e-01
1.757845905556198671e-02
-1.608831156349915248e-01
-1.815713462490710639e-01
-7.333812132811907691e-01
-4.812796912712106329e-02
-5.734346564539641866e-01
2.223746807572785922e-01
1.944034933866202186e-01
2.214268493223518208e-01
2.728950687469200997e-01
-4.437339473363348663e-01
2.149437994856578105e-01
-3.217880301457684000e-01
1.560675627241664420e-01
3.571394456551962304e-01
-1.613923511258581189e-01
-2.095205344149355109e-01
8.670187499041152046e-01
-1.986824963666844121e-02
1.501163304346661842e-01
-2.383389520312517995e-01
8.409563738389140564e-02
2.015694236735727229e-01
2.664323267382034399e-01
-1.339552625636590208e-02
-6.735926758830275418e-02
-2.532168530206831414e-01
3.645155736561628279e-01
-8.872032101280213565e-03
4.090432381670929263e-01
1.752496927410642988e-02
-2.161054290688537993e-01
-5.369437043802576665e-02
-2.445892057806766662e-01
-2.399272015391677171e-01
-3.515446793623655530e-01
-4.770344896407748281e-01
2.910069070177304876e-03
1.354594571157540228e-01
2.412348026216994956e-01
9.046139210523014562e-02
-1.077626936210425157e-01
2.983668323129403666e-01
7.364184080529181387e-01
9.515460631092405308e-02
2.240964475468364692e-01
-1.484727025995595875e-02
-4.975513129716223615e-01
-5.632900520468407946e-01
1.803857150620362393e-01
-5.995646095593404334e-02
-9.372508017617231513e-02
8.462642773426801157e-02
-2.977313841840129038e-01
4.155366568160770435e-01
-4.466096228048963002e-01
6.494152511001292094e-01
6.780689295452152487e-01
-2.562704539528842806e-02
2.234127514964944980e-02
5.328979002074737403e-01
-2.470428648950126205e-01
2.130455350335233589e-01
5.443423366362146743e-01
-1.152616054700547343e-01
4.864379640663338972e-02
8.826933444265237794e-02
-1.151450124429483635e-01
3.993810835229776868e-01
1.042284326933119037e-01
7.980498720608542387e-03
1.743457623932689882e-01
-2.684640715593534233e-01
-2.082576676775521607e-01
2.695041534694858076e-01
-4.565452018482600849e-01
-4.503682965547062267e-01
-6.147520171802648425e-01
4.375899903938141877e-01
1.058606168938273223e-01
-2.441634649494363041e-01
7.571153398173968707e-01
-1.785151806531427021e-01
-5.807380731451038391e-01
-8.412979333148699890e-02
1.022004630287130650e-01
-5.461417416429703575e-01
4.906546891081937645e-01
-2.625583093483271346e-01
4.511432000655817842e-01
-3.887652182772895482e-01
4.327536542247514828e-01
-3.180507192419958495e-01
-3.604953142577164704e-01
5.417991709134056810e-01
2.511661166664796441e-01
-3.687572117225642598e-01
-6.970767942241956616e-02
-1.801035341791824562e-01
-3.563903826943273789e-01
-2.984529174036492094e-01
2.693922681190861687e-02
2.058171408100082644e-01
1.692043079398306837e-01
-2.390218437050918854e-01
8.560855638988228156e-02
4.154658319253159982e-01
4.310141413987648717e-01
6.622213700865385751e-03
-5.397226387015001681e-01
-2.469652850919832887e-01
-4.315056411895318994e-02
7.702848985671201763e-03
3.041114680700546802e-01
4.849736484420044125e-01
-2.607685440481191230e-03
-8.916353006680954874e-02
-1.100150095239172537e-01
3.717690176590258966e-02
5.856353754186695293e-02
9.331899248316397055e-02
-1.532002309908192528e-01
1.165382275901170051e-01
-5.584387801947412466e-01
1.520523666315108380e-01
3.255180239240970663e-01
-2.449103252136995978e-01
1.971927058999062010e-01
-3.001592556465508266e-01
2.686332592503479777e-01
6.991097367161710693e-03
-2.784932347569342068e-04
1.268061369933668470e-01
-2.393202550075954893e-01
-3.527376321878406690e-02
1.387477243359261647e-01
5.079090014488513855e-02
1.214840517080436472e-01
2.810447947599093999e-01
2.927011049333074211e-01
-2.456248413108142459e-01
-6.466278797564867231e-01
3.572804831440377638e-01
-4.222277247802228017e-02
-3.897402901630407385e-03
1.368810486120567715e-01
-5.475995967783617302e-02
-1.799434161953462619e-01
9.712434979048306660e-02
1.493064765667198868e-01
1.018979761727160788e-01
6.317519076323560578e-02
5.947177855224660553e-02
7.622341814301782092e-02
8.902041442898302182e-02
-1.951041927246209007e-01
-2.046678361461408135e-01
-3.264151121844712233e-01
-1.278761752974090504e-01
-1.872379015449704143e-01
2.995405473563246823e-01
-3.893476866362138855e-01
-1.692867994288240197e-01
2.913319496123456531e-01
1.995246372390386547e-01
-7.621827294929395258e-02
5.000252708183303835e-02
-1.425333492337743924e-01
5.715087523175796935e-01
-2.805850396190167073e-01
3.405181332676103789e-01
2.219528292955506854e-01
-4.920961992750664399e-02
-6.780602537758892434e-02
3.720644056093345975e-02
2.095848673521410188e-01
5.770770946098337933e-02
-2.171068969095086287e-01
-1.811326417739853034e-01
2.231399719381154112e-01
-2.942128663303669733e-01
2.462300433159259616e-01
-4.863892493874096695e-02
-3.225859554021204278e-01
-4.890680315297668002e-01
-3.367528368313391640e-01
-1.867459293516094895e-02
-1.787030347947767550e-01
3.565104025878361171e-01
-5.275818792379851629e-01
-2.604540744614561310e-01
-6.112388350898709244e-02
1.275159931779371036e-01
1.387908300763436853e-01
-2.068516061404657158e-01
-3.118170545120227399e-01
-2.527292735841569216e-01
-1.268939276578992525e-01
2.898943914592165272e-01
-3.150666729811842925e-01
2.215738130888163793e-01
1.966059267993372772e-01
-2.426652419559651164e-01
1.722337933560426360e-01
5.801026460279372354e-02
-1.672263797216377024e-01
-3.222343812711169764e-01
-3.032207914815053806e-01
2.513327397243115824e-01
-1.960207817862687218e-01
