-1.501826113824320311e-02
3.154191980014930952e-01
5.150162864802649426e-02
-1.414616807137908105e-01
9.644336650899856811e-02
4.086971370334324116e-01
-1.759957305728249988e-01
-4.888446061972240853e-01
3.761040608154597731e-01
2.735594056275050256e-01
-1.348151446278961219e-01
-4.132736745811287360e-01
-3.234070916045027055e-01
-8.440532818540784354e-02
-8.017903262470467418e-02
-5.297103066446747638e-02
4.476888141539933086e-01
-3.289466614912366915e-01
4.809917666845777795e-05
-9.439481594981433132e-02
4.413603963058782692e-02
-1.279379886420506096e-01
1.602167991314838377e-02
-3.026094015401470383e-01
-1.832609972019931532e-01
1.507634663774992945e-01
2.665511920190563599e-01
3.882574305796115954e-01
8.629359522568021135e-02
1.961039322975218491e-01
3.519453373063086699e-01
-2.816423934266582552e-01
3.132746995506719423e-01
3.991380052264224126e-02
2.738724256681752123e-01
-6.714869666138771898e-01
1.707462791842686844e-01
5.369529403297811365e-01
-3.496092633597747135e-01
2.315275704646936605e-01
-2.221762861314190932e-03
3.289113176749126899e-02
-2.725244787899522847e-01
-4.184067470836696362e-02
3.092034171777423013e-01
-2.336750966458794876e-01
-4.885644107644659256e-02
-4.272561440138566285e-02
3.598986311417390893e-01
-3.466914555246550234e-01
6.972754598815992244e-01
1.427348017716194989e-02
8.041152269333344538e-02
4.186208119919707787e-02
8.387252239708049839e-02
4.657574462661806525e-02
-3.309325388713034166e-01
-3.061808009269369468e-01
-5.861681388399305748e-01
-1.253572690356792863e-01
6.039346652119397252e-01
-1.966487590052737600e-01
-2.245294264184064525e-01
-1.497340280458643869e-01
-5.783998041806122092e-01
3.633478659590814175e-01
1.172509181085658325e-01
-5.962609611869832370e-03
-9.584846005456056084e-02
1.541086781422408569e-01
7.551203695305216956e-02
3.999804968948373896e-01
4.321797691274241737e-01
1.602190094411959087e-01
-4.110543935054739029e-01
-4.562212941142158168e-02
-1.213708343836821801e-01
-3.692152382118716880e-01
-2.386493556812582240e-01
5.751749253167780518e-01
-7.381045829660435320e-01
-3.629921712643825460e-01
4.022553035155631423e-02
9.846635591015926586e-03
4.031951830368123851e-02
-1.390189333899919943e-01
1.299349469407005409e-01
-1.873710520571645055e-01
1.083243686998709987e-01
-2.373342243390545170e-01
4.485778775208554975e-02
-5.911914581047369305e-02
1.209419938003644390e-01
2.378105113103964607e-01
1.211388205719914207e-01
-7.303091757231859604e-02
2.822224580687942574e-01
-3.020394170512090415e-02
4.875635614341163326e-01
2.342907226583732516e-01
2.694761018499156058e-01
1.240748523230756906e-01
-1.829400190226964928e-01
-3.062020782699261257e-01
-3.959146147851583600e-03
-5.577577832905409316e-01
8.035160823137107444e-01
2.084422201313760603e-01
-7.191625950341380691e-02
1.475020552179640565e-01
6.811260670583543786e-02
-3.845403564424681314e-02
2.202313198741485678e-01
-5.148179163144424031e-01
1.799578811462130279e-01
-7.535896675653631915e-02
-1.356781739682712540e-01
2.789050044870260980e-01
1.677817215350514424e-01
-2.730275222163777715e-01
-3.542502690473576243e-01
-1.985116880160515962e-01
2.212369178137095771e-01
2.964570534948375580e-02
1.831734399462841278e-01
4.317918345442432748e-02
3.997633781139636744e-01
1.761520624396371304e-01
1.861043591760917770e-01
-1.068847228619896755e-01
1.422202904154556968e-01
2.382449585957299373e-02
3.207663124615930950e-01
3.098123823623450956e-01
6.299198625353097380e-02
3.188010779972398345e-01
2.024965792355985228e-01
3.316619421964698833e-01
2.120727596573440329e-02
2.216121654353381612e-02
-2.954366032972099987e-01
-2.175962307701717890e-01
-9.570828771033453031e-02
-1.904894862830001367e-01
-1.124773498442865199e-01
-3.923961572744549819e-01
3.181766876249542131e-02
-1.770369336140645566e-01
-2.499000652135770217e-01
3.756417908103138470e-01
5.878978212527515845e-01
9.165607210246914938e-02
-1.394840005030531169e-03
-4.240792827595499942e-02
1.577160795122786383e-02
-3.688725786766763881e-01
-1.513700539432694392e-01
-1.022609387253619814e-02
-3.081554161610186582e-01
3.443533597164504800e-01
-2.296831323120833435e-01
9.961985714839204087e-02
2.049793821206082889e-01
5.090654271521759255e-02
1.302754795489374506e-01
5.767990795503725315e-02
-8.692513248400811354e-02
3.318176187630141327e-01
2.633729682559147744e-01
-1.923116735775010910e-01
2.462597514499232365e-01
1.091780245235558222e-01
-5.601292943203883823e-01
6.738679777455854891e-01
6.615927154287317702e-01
2.646364320968433697e-03
2.376788401341074428e-02
1.663131906966427986e-01
-4.452679364561953901e-02
1.412096078595019011e-01
-5.468195559353306728e-02
1.046104164401543968e-01
-1.807918577048702249e-02
-2.331648582642960668e-02
-2.130358923475093313e-01
2.798616399552146250e-01
2.709341200143684514e-01
-8.754844639462641687e-02
-1.831392114176055297e-01
2.344313727227679001e-01
5.159821643893692800e-01
-8.271088572123750510e-03
-8.500706148250637695e-03
5.074523271568721211e-02
1.392851801937009804e-01
3.249538794269038466e-02
-9.404126817026119134e-02
-4.131791946375572011e-01
4.188344495773526632e-01
-3.341074082957634639e-01
1.908853736830287418e-01
-1.904675509490679486e-01
-4.446312912712857557e-01
-5.986929367923945478e-01
2.561680776274408711e-01
1.006008475030432253e-01
-1.670366130117634934e-02
-2.904330331994008779e-02
-1.124986964793113775e-01
-4.452307079288122388e-02
4.985416467676945240e-01
-3.815478178216664129e-01
-3.884639014393653222e-01
2.593617149305389447e-01
2.739123669989108056e-01
2.030854191546938581e-01
-4.040389950041753386e-01
-5.992292871848189373e-01
-1.121621720112701420e-01
-2.866561071800458049e-02
4.244418717432873467e-01
3.430099599277281475e-01
4.962394176606010898e-01
4.889555500786518238e-01
-1.745733955098297541e-01
2.482704473259018593e-02
2.657897254131765807e-01
3.929950796374668820e-01
-4.204579451761790154e-01
-1.092007533391991525e-01
-2.738228249847680651e-01
-2.550822307861975724e-01
-4.217335025893722000e-01
-6.890812256562106608e-01
1.544293898652609465e-01
4.244497372553554526e-01
3.390936734016842258e-01
-1.306870198777572989e-01
-1.906023713269382747e-01
7.799762496352977692e-01
3.659728099059010864e-01
-3.063206418651162610e-02
-1.420418524340590627e-01
9.949766735299474252e-02
9.748908889443584636e-02
8.472548281197400666e-02
-2.908219763639235955e-01
-1.279707787018246889e-01
-1.289223212984842160e-01
-5.761815082390867593e-01
-2.624823012738330963e-01
1.492337506187331186e-01
-2.886007425567052587e-01
-3.886807505277380392e-01
2.025307277906673031e-01
3.114580258991261341e-01
1.965038061227743216e-01
5.597873661984892855e-03
-1.974194395079412467e-01
-1.528342150771045127e-01
1.403890935765733927e-01
-2.987572804003935656e-01
-1.067309950113763395e-01
-5.016590980214236106e-01
-6.952933418564417600e-01
