-2.970826192739766669e-01
1.121400448224796342e-01
2.441618017800304130e-01
1.858688978021091898e-01
4.470834186496942531e-01
9.425069783272293708e-03
-2.905275302940281135e-01
6.087096455923302063e-02
-7.290587803612235129e-01
2.179398747714259288e-01
-1.431957446103543086e-01
-9.265023172653959194e-02
-3.131389166593873292e-03
-1.608116018375720657e-01
1.673930127747577934e-01
3.679015034488488101e-01
-5.224099868949919762e-02
-1.676698204172556161e-01
-5.334533500678803053e-01
5.858428587967468015e-02
-1.211281919480914071e-01
-8.280205644296020906e-02
-2.518881912958993441e-01
-3.777459703184366524e-01
-9.313024551134253814e-02
-2.558399455305122583e-01
3.238832961307413355e-02
6.220335594236753307e-01
-1.888807156376558216e-01
4.065698993095213654e-01
-2.248734594774144113e-01
2.310471246460311934e-01
-2.363585133816834827e-01
-2.663285401736156105e-02
-7.285854212796281093e-01
4.686403358690187648e-01
1.055948147468115522e-01
-3.725810872588130596e-01
-1.918727268242534645e-01
-4.980265076580892014e-02
6.884378249031082586e-02
-1.745516903732774461e-01
6.968706516396060424e-01
-3.739264836257951141e-01
5.814593681254182078e-02
-6.304298054883425428e-02
-7.377224531667633811e-02
-2.198701973192901116e-01
-1.475824768660790980e-02
-1.296645743492834055e-02
7.581569481277300460e-01
-7.535766665702099687e-02
2.218975942750988362e-01
-1.225957001780995925e-01
-1.833131414511601498e-01
-1.271855382026372550e-01
-1.060720265349489461e-01
-1.170623598588604181e-01
4.175223505072280794e-01
9.223911326101159533e-03
-2.256693520735119918e-01
3.736402728874061996e-01
-8.915499843032753322e-03
-2.515118610371292474e-01
-1.644090797182047592e-01
3.419208838265800493e-02
-8.108443778935991997e-02
-3.962748425737814828e-01
1.468870492905556824e-01
3.375265971228214035e-01
3.495615976523044344e-01
1.038288086168031449e-01
-3.375541085814961484e-01
-5.783325773203409348e-01
3.157508520621063464e-01
1.944785541842311838e-01
5.777968205877327401e-01
3.578820336759162002e-01
-1.645453929950290925e-02
-5.345091959007750582e-01
-3.831375150589841350e-01
5.169854221224424728e-01
-3.469164563235347387e-01
-3.084087558048088651e-01
6.884686246940777132e-02
-4.567057336598953805e-03
-6.233448973005828453e-01
1.378063655898589118e-02
-9.988591580858335872e-02
6.450983851641668709e-02
-5.422853347413122416e-01
-2.256517230401459129e-01
1.362315364420040587e-01
5.234671311866155585e-02
1.105494173850185696e-01
-3.011691778740983594e-01
-1.154543859967863684e-01
1.644879415858304106e-01
-5.826894089622120486e-03
-4.901104099699790662e-01
3.105930852744146278e-02
9.618072103898818448e-02
-6.430511967187324540e-01
-1.716772971144807716e-02
-2.961253202880542723e-02
2.724580771044807781e-01
8.006616636672868326e-02
-2.200145321397077927e-02
5.832761072356633658e-01
1.140744756879628619e-01
1.929031066857862797e-01
-3.056747186591658449e-01
-3.215815771937707845e-02
2.027080592109346546e-01
-1.626967212642169494e-02
-1.956473829537564435e-01
3.937819262405106713e-01
7.375469028829964580e-02
-1.634868682066276668e-01
-2.069605099920933666e-01
1.104036923935583642e-01
-5.130584832166821263e-01
-2.318924758898435051e-02
4.095435120832073284e-01
-4.538991152621428826e-01
3.146886777903136756e-01
-6.354829901142103332e-02
-2.462362665140941098e-01
1.494371167320694693e-01
-4.569159856774415163e-01
-2.399903694034746515e-01
-1.154018605714404871e-01
1.236324676647413828e-01
-9.749795425272600458e-02
-2.256293435136176029e-01
4.696333288165936981e-01
-1.261565267323136730e-01
1.109806153376966115e-01
4.144041010259148505e-01
1.131181217137807414e-02
8.521711080211909206e-02
1.692011430091673874e-01
-6.852551117830798511e-01
1.539620594083441485e-01
-1.848180208946032244e-01
3.990807641299769504e-01
7.906238912354825177e-02
4.848828795260053809e-02
1.242701682680383835e-01
-3.540565639100758943e-01
-4.900357337804291807e-02
-1.574784580025469227e-01
1.287871709121473918e-01
6.179729068590688462e-02
-1.185672375155009395e-01
8.798640216985186002e-02
-2.061112357129518124e-01
-3.016704543108374992e-01
-8.423715126879980503e-03
7.045912407135300759e-01
-2.537089941384083197e-02
-7.203138593489369357e-02
-2.870669601267888393e-01
5.194367390393839212e-01
5.165845211740850013e-02
-1.604522726963606705e-01
-4.809287074091052050e-01
2.275616005001668829e-01
-3.576328255881981444e-01
-5.112868116989819356e-01
-4.475740520944369583e-01
-2.296683398457440017e-01
-6.094175619690316015e-02
1.384030051122315808e-01
7.736072098309346168e-02
3.083450107546871211e-01
3.819052522833137897e-01
-3.840759221139409818e-01
4.846172804842843185e-01
-5.718880201513194539e-01
-3.247191431256260530e-01
-9.366741223105915504e-01
-2.622910612306465494e-01
-2.044798963665068678e-02
1.545427095797539951e-01
-1.794598709001094250e-01
2.702135650607152551e-01
1.838993592465218152e-01
-5.974054157014245803e-01
-2.070562847740398393e-01
-3.776803912976911537e-01
5.621455106580432876e-02
-3.849218834585625693e-02
3.655307293571797289e-01
-1.379068340043224095e-01
1.470005157904602511e-01
-1.804628073005911937e-01
-1.213645214392634897e-01
-1.762946087695166086e-01
9.812320636234296567e-02
-1.932717219931130159e-01
2.555411263050762494e-01
-4.039008143361677017e-01
-2.596943991903395976e-01
4.759656117817282622e-02
4.393996571803421847e-01
3.288171008914863580e-01
-1.692800401188536696e-01
-4.584818927037162539e-01
1.909671182335114514e-01
-1.788120430050150755e-01
-5.208218618707811665e-01
2.256749346889948826e-01
2.000254759606917287e-01
2.383481389330025790e-01
-3.033186871552974728e-01
1.525064726568234053e-01
-2.105929514371071565e-01
1.040758252768251568e-01
2.178040603562363120e-02
1.430932737627091736e-02
3.755276323599175958e-01
-2.098719728951513042e-01
-2.765413546342175843e-01
2.947819041970551890e-01
-2.844020629935992694e-01
-1.826472142679900212e-01
4.745340683204853915e-01
5.654522389076988009e-01
-1.165156627615790697e-01
1.410102862787753486e-01
-3.233681772459116033e-01
1.456816978520557027e-01
-2.282925000301015417e-01
1.266522383927157769e-01
-4.763063117509049316e-01
-2.045369633955410327e-01
-8.304407526146818930e-02
3.692828642253311311e-01
-2.432260076406007054e-01
1.925464270526996702e-01
-3.542410950862378560e-01
-1.277910666660223848e-01
-4.262236520708565651e-02
8.510354779097632771e-02
-7.877507188863072662e-02
4.086660633572058443e-01
3.091176784679819378e-01
-4.196454709365343150e-01
5.326638092741332597e-01
3.131857151184361809e-01
-7.112261400581691706e-02
-4.748874719163362346e-01
2.792663216720976949e-01
3.868011586029607152e-01
-2.130855979886483731e-01
3.122975816050557740e-01
-5.102553748122626853e-01
5.794381779334283333e-01
3.098017421117260084e-01
-3.970180267184340583e-01
1.228081911570904072e-01
1.149643926718173503e-01
-7.416506365486559282e-01
-8.142484105263541119e-03
