-5.438507421870140135e-01
-2.251370035039282624e-01
1.928598716108271549e-01
-6.477260412405128065e-01
-1.805001295132980799e-01
-3.777434422839159311e-01
-3.275061771116080656e-01
2.550611933187019176e-01
-5.468491041864816798e-02
-2.243710831741916045e-01
-2.379811149540465853e-02
-2.388377441735489159e-01
-3.385698674549389997e-01
1.209002525439516057e-01
-2.093558057524831928e-01
2.760891738993056510e-01
2.805256484017439877e-01
1.903741439278411607e-01
1.890818918843862606e-01
6.184131601409555978e-01
6.139620596256061269e-01
-3.322553141495582923e-02
-2.307828399652702145e-01
4.127155803893948760e-01
-3.720203965024387327e-01
-3.344408243551179605e-01
2.478074242883633316e-01
-4.332286922155094699e-01
-2.864917805859240052e-01
1.831141046278197126e-01
-2.755063642515033218e-01
3.454461262143560529e-01
-1.842071182014259623e-01
3.425430320624971992e-01
-7.138411075673373185e-01
-5.657025047880571700e-01
1.081294704470329021e-01
2.454826202593246229e-02
-2.149658957215647981e-01
1.145892135932081168e-01
1.015296592628329025e-01
-5.521289520321098765e-01
-3.251410539291371138e-01
-2.846050449905340989e-03
2.018317171871881199e-01
-7.735872726270069666e-02
-1.569792488158118504e-02
2.567400062247684467e-01
-2.959397507668646843e-01
-8.488558498351818360e-02
5.249586877246374961e-01
-7.474454755565719533e-02
-3.157223510728252580e-01
4.322714514630881522e-01
-3.238632214127860620e-01
2.328506039370412672e-01
-1.338404032625198081e-01
1.112268065509858239e-01
-2.124637184957905711e-01
1.525749023388900671e-01
8.323135079959566307e-02
-2.383597356723224925e-01
-4.978107029192770372e-01
2.480964557026519302e-01
1.715518747239801536e-02
-8.297247929941925504e-02
3.079664947952229226e-01
8.838728321965722001e-01
-2.800610123995380535e-02
1.487035712743062787e-01
-3.187272209816304214e-01
-1.254686342728227044e-01
-5.379528949149144784e-02
1.175530643770344823e-02
-1.359947414375610800e-02
3.570690015102119808e-01
-1.271182143352027061e-01
-3.454243406515039583e-01
-2.506093737461755899e-01
-3.287719981233778177e-01
-3.036191870240718127e-01
-3.984396262822990087e-01
1.490477878486235440e-02
-5.470035901530355682e-01
5.392027160955267101e-02
-2.367017891279710740e-01
5.725472956178537243e-02
3.612005843181488873e-01
1.446907713278228480e-01
-4.462677083351939689e-01
-1.140149066820015100e-01
1.411621713606629469e-01
-2.895989130534367129e-01
1.137347641438667990e-02
-1.048802095756431602e-01
1.496468354460583627e-01
-1.323071235259152267e-01
1.809194857362668996e-01
-1.253204382198841171e-01
2.879875187664379110e-01
2.665633995431224701e-01
-1.340406381843139427e-01
-1.748801995982161156e-02
-1.927386636007569209e-01
-7.418937384024261450e-02
-8.203706403636280842e-02
2.335042009834115140e-01
-1.183776586936387820e-01
9.303690564205857605e-02
7.361795255926040227e-02
-6.772943133993528098e-02
-3.872150110080359031e-01
6.954698277671243767e-02
-5.376862100551608181e-01
-2.240485917905614133e-01
2.737145989731909479e-01
-5.952585068993000439e-01
-5.355709543764764630e-02
1.748257558901046560e-01
-1.056967690858207770e-01
-1.203944868190024720e-01
-9.563116972879848188e-02
1.752946619483921054e-01
-1.292857900268540861e-01
6.573070199927826263e-01
-2.004054067092909952e-01
6.033770624993467556e-05
1.649942028229494095e-01
-8.733213214666878110e-03
-1.740116416393328730e-02
-2.919590837007676187e-01
-1.137904935347600066e-01
-1.846106678373360399e-01
1.618133421837288644e-01
-1.405074188010829450e-01
5.730831443588064317e-02
-5.874408917870743707e-01
1.474173219621818520e-01
-8.119988817782981538e-01
-3.488833466039528153e-01
1.100998016459018153e-01
5.280003835462677708e-01
6.670477480296418960e-02
1.117559591926561846e-01
1.389634724282967082e-01
1.612730719290879910e-01
2.988433959377202465e-01
2.180331348571654393e-01
-8.660238197688122086e-02
-3.987686103382509506e-01
9.320594774723740816e-02
-2.858377455678144385e-01
-1.862342004651896810e-01
-2.662235853425609297e-02
1.220359800020587027e-01
9.793849736748320989e-02
-2.194097355450171649e-01
1.890662151824697990e-01
5.509728959885499266e-01
1.248714593338714623e-01
-5.129712023658384856e-01
2.994093072327465022e-01
2.661868531449170239e-01
2.668554149945185361e-01
-3.317691316481258257e-01
-3.255683650569492493e-01
-2.015498489453687314e-01
4.393129144591290669e-01
-1.618168480600686299e-01
4.674125776047182157e-01
1.102559852787105971e-01
-4.266133322520552773e-01
5.462709082629107170e-03
-1.843323964187775499e-01
-2.067672943774259975e-01
2.535744061281667849e-01
-1.239456950539740282e-01
1.310614530609646722e-01
3.399522438043605099e-01
3.371004639975624245e-02
1.589825549288921558e-01
5.482000376548583631e-01
-2.297626245108417287e-01
-3.769940842792440239e-01
4.181472271813587160e-01
1.428615400182990380e-01
-1.124428623932718918e-01
-7.435042005777835021e-03
-1.906396595861100107e-01
-2.050173336040726768e-01
-1.200256862492957571e-01
9.083580243228084328e-02
-1.081083799817301044e-01
-1.576132185452195356e-01
2.097150296436908479e-01
-5.023059429660917674e-01
-7.732605338926175353e-03
9.314440208485666450e-02
-4.696966157687783028e-01
4.545735033232818911e-01
-1.193364732717983184e-01
9.777180536019498824e-02
2.001100411712769811e-01
-2.635272713163556157e-01
-7.847107733177202671e-02
-6.985555409941441862e-01
-2.952607167590048931e-01
-2.640538738227356588e-02
7.822381257291313728e-02
-3.002286403246791080e-01
-2.460483084156921130e-01
-3.690793910632716446e-01
4.338560654983159570e-01
-5.315489758199419823e-01
3.990640619751165130e-01
1.884047660389818746e-01
6.274784078795263287e-02
2.742716417677872887e-01
7.502348223018569240e-02
-3.415344372623049241e-01
9.136065518676746156e-02
7.726057179105635386e-01
7.269170426825032061e-02
3.119257223737759155e-01
4.446966739291594028e-02
1.798452742023212425e-01
1.945723537777442891e-01
3.154924024223409451e-01
2.564028773670388728e-01
-3.201777037815182192e-01
-1.049474782129209277e-01
2.495494302255535368e-02
-2.919488614668432347e-01
-1.198561085077096688e-01
4.446808991750340612e-01
3.218442598558158840e-01
-3.739878132673311595e-01
2.867657049432204563e-01
1.908738027160934159e-01
-3.800338575596483581e-01
6.847420554009175930e-02
-1.647179415326915086e-01
5.023674593956255485e-01
3.219300404089392997e-01
-1.089064486462385101e-01
-3.377644658846308823e-01
2.933336935649142885e-01
9.766071172781708165e-02
-3.354699021865353292e-01
1.799420447304392323e-01
-1.917913173060279697e-01
-2.555344871270697621e-02
-3.741664010030845700e-01
2.444318087752947455e-01
-9.325063238063154014e-03
-5.827858691130444885e-02
3.199401939454960542e-01
-2.984731030202542601e-01
1.851466853060716178e-01
-2.173494870173802440e-01
1.205501203091696311e-01
-1.602755176233763290e-01
-2.762241335084386629e-01
2.781345893262576752e-01
1.629505227426198133e-01
