-1.792908740248659871e-01
3.870114378282363266e-02
3.307199959020544755e-01
2.762083396433212545e-01
2.335635032031755653e-01
2.021172142743614952e-01
-2.000684065010022716e-01
5.115249996562466483e-01
-2.529779886123446619e-01
2.142834047831136124e-01
-3.504203047058005449e-01
-5.598678194576424128e-01
6.495254973115312247e-02
3.402084614191783207e-01
-2.960123782936622261e-01
1.431633891828923144e-01
-1.734754902112168873e-01
2.178450474053254260e-01
-1.305091841284909682e-01
7.134657884838110919e-02
-1.351566304445114830e-02
2.063946013516206324e-01
-4.527382726047192718e-01
3.509055108584541172e-01
-7.034409183069964544e-02
-4.743418133973582168e-02
-2.425252808723120657e-01
-4.785258319457558751e-01
-2.552397949249919362e-01
7.601061574511580599e-02
-5.991492446839209451e-01
-2.650100318765853946e-01
-1.674427981401598597e-01
4.270898463195243466e-01
-5.343893612953429795e-01
2.030421264234172352e-02
-1.726188210563849579e-01
-5.399201958806623680e-02
1.461032790975332341e-01
-1.835745327691357121e-01
4.840791035149323851e-01
5.280047621555006288e-01
-1.646501627561262615e-01
-6.368608723020868778e-01
-2.433755560982507060e-01
3.693766602415423511e-02
1.763801812682761205e-01
-4.140457176667157735e-01
-8.474706249730884489e-02
-1.543679969647036021e-01
2.458442233423381029e-01
-3.672445985781687128e-01
9.076300120224456425e-02
3.247096457034829853e-01
-3.744957864544302961e-02
-1.682687652029680181e-01
-4.263660470079733145e-01
7.130729568756968839e-02
-3.741738028714651776e-01
-8.660979932110765556e-02
-1.432805327562383380e-01
1.551220249930127526e-01
-2.898778159521460118e-01
3.020850497983830207e-01
8.685988706937373960e-02
1.459893831243056495e-01
-1.567126595839430092e-01
-1.325522547716737609e-01
-5.115324087369154116e-01
-2.125428863509006283e-01
-3.104149718178247919e-01
-1.342087583878685819e-01
1.247895302884919830e-02
-2.861196558115435273e-01
-3.925126505026137469e-01
4.612420047725669381e-01
6.387682670516597883e-02
-3.037289498061448434e-01
-2.350679758411924614e-01
-2.665676628894386724e-01
4.232097707827899291e-01
5.352365018632405658e-01
-1.661396534449023632e-01
-4.087730525534176151e-01
-2.982878631218902621e-01
2.409860288493255454e-01
5.172251154164303477e-02
-1.898068391376827868e-01
-2.390205704658581176e-01
1.697672159671018699e-01
6.181327287971047357e-02
-7.659672181537516972e-03
1.440724510226565891e-01
3.158507308928812374e-01
-2.525768299635884340e-01
-3.153688357827311162e-01
3.630015592410733016e-01
1.350508523572272745e-01
5.147496545973488657e-02
4.667517311918529394e-02
-3.560481612270887108e-01
-3.663660716701163111e-01
1.654494370064109321e-01
-1.360104356401205250e-01
-2.552748587087315668e-01
2.871128525511320029e-01
2.379989942546945347e-01
6.128569328118934623e-01
-1.932960584699577600e-01
-2.290772309877796287e-01
7.061151244242741543e-02
-5.804787643752522541e-01
-3.072137753738078958e-01
-5.626133621870718637e-02
-3.905067632732121541e-01
-8.628597483458873008e-01
5.759884173409882679e-01
6.513018187357287880e-01
4.552034471229702423e-02
-5.821824946629956116e-02
2.698239557960323623e-02
-5.424397512999213911e-01
2.308662033031485261e-01
1.890587461466304853e-01
-3.951941631269023092e-01
-4.344192978942657685e-02
4.279036368963030634e-01
-1.007494761271060524e-01
-2.296495876859583896e-01
6.283900341294204051e-01
8.060589582406967046e-02
-6.519524748865211938e-01
-1.811298998969207985e-01
-5.265086634334943394e-01
-2.346062199896772893e-02
-4.540232284351254366e-01
-3.114270157952251927e-01
-6.945986042257221160e-02
-2.363942107829881678e-01
2.347524226461587260e-01
4.116840478650894419e-01
5.408364821442883663e-01
1.881674612692701698e-01
-2.871252422024386797e-01
1.265311059022300455e-01
1.500206739909701881e-01
4.388670640526432520e-01
-6.377856568659207026e-02
-3.777400457524588973e-01
3.290862702638193138e-01
-2.391830620229754290e-01
4.749123424349283029e-01
5.103575289503639034e-01
-7.976414087890066132e-03
3.725955612242665138e-01
-1.559078491640751296e-01
-1.188680574802958440e-01
7.974982575850067534e-02
-1.445350630018510663e-01
1.966637315005183018e-01
-3.381125620265097442e-01
-6.355713408602204906e-01
1.911324530158377555e-01
-1.352420082428033299e-01
2.877881423988540854e-01
-3.882551537229811944e-01
4.092509359124189838e-02
5.349357265726116806e-01
-2.921229652449890968e-01
2.752008447323942009e-01
6.462337842814893651e-01
3.718651599629802657e-02
-4.282128696811293191e-03
-3.448853988806293569e-01
-2.413892897113393832e-01
-1.882666969868840301e-01
-5.699195499153029976e-02
-1.013727669536526876e-01
-9.340604967141913351e-02
-2.624553298666074674e-01
-1.306500920541853461e-01
6.357449180251409926e-01
3.334034804082841030e-01
-4.763435501223461932e-03
4.151571810576548116e-01
-1.358200398841827028e-01
6.181772148263060540e-01
-4.160380190237996656e-01
1.717583604260389807e-01
-9.294663575469680472e-03
-4.154585346665247148e-01
-6.118855687866184834e-01
5.604152604801879850e-02
-1.330568384164048656e-01
-4.124346528039532500e-01
2.775206112315686813e-01
3.421495141238077853e-01
-1.136278253358038726e-01
2.265571105185155421e-01
7.198363982672369848e-03
5.500901611132394398e-02
2.132745415723889260e-01
1.704750129490158472e-01
4.012302303892556488e-01
-3.312337567174715725e-01
2.018263288507886055e-01
4.128744527247831808e-01
3.813708078816037683e-01
8.058139954191079202e-02
7.026928990505659778e-01
2.018585074603400364e-01
6.047803125865913731e-02
5.618293230062394450e-01
-5.723975347631943267e-03
-2.159712681127422540e-01
5.719648202072806775e-01
4.667233090324434674e-01
2.014572454417523084e-01
6.604450195554009140e-01
1.624463639243869106e-01
-1.058536545663650574e-01
3.380583927649855047e-02
5.634317283364014273e-01
1.422802064805835376e-01
1.519626859587500656e-01
-2.115095375351002671e-01
-3.926168959769678057e-01
-4.133841876890230194e-01
1.724049231323704356e-01
9.886979248866901715e-01
6.701898885295871910e-02
-1.079133775725379524e-01
2.213756973456844704e-02
2.732236249951313090e-01
-1.739804493542908559e-01
3.834624428745404545e-01
-1.982716449687323135e-01
4.547041152376374296e-02
-1.435210705436750500e-01
-1.513089099779978408e-01
-1.055221686266106240e-01
1.706358968324487579e-01
7.507367952965497970e-01
1.974339304975733789e-01
-3.423528496613498229e-02
-2.187361715429288478e-01
1.358327650014824750e-01
-5.832545260356787331e-01
2.470648208031291648e-01
-3.376446978075488548e-01
2.464738319892631480e-02
-1.964810422887964814e-01
9.387297873838402751e-01
-2.354377383072883412e-01
-1.335048140259336436e-01
-2.196448043284075502e-01
-3.024330945573762697e-01
-2.090820538908261250e-01
-2.992407407157784971e-01
2.060801149160850984e-02
-4.143989508702673463e-01
-8.004370693098384476e-03
-3.601873813849693073e-02
-8.656589386629885696e-02
1.061223139533226945e-01
