5.662571422327534743e-01
7.674832850855847766e-02
-7.370140201551378389e-01
-3.990935342143420855e-02
-3.618034774137658394e-01
9.592322659412301500e-02
6.947134246335363340e-03
5.500160662217629115e-01
4.516029853798985694e-01
4.403263705487966972e-01
-2.378119737330695316e-01
2.540563857685465554e-01
5.940878051747926908e-02
-1.480069441037052402e-01
-2.919489363265775905e-01
-1.222830459385723378e-01
-4.686142193656710475e-01
-2.215690540775621387e-01
-2.568288272761045099e-01
1.466676203053668415e-02
-1.837367378355282133e-01
-7.354899679856030659e-02
-1.094448285231442164e-01
6.085371178181420149e-02
-6.240783115068529972e-03
2.977807068944678393e-01
2.657349360413889805e-01
6.976962841968765983e-02
4.376386529456759850e-02
2.891914421942823332e-01
-9.659759355321954899e-02
-2.753046099768527433e-01
3.237182301432479092e-01
1.154291500841797685e-01
4.221630824577437546e-01
-2.780455982000254456e-01
-2.016484659915009081e-01
-5.866797617962010714e-01
-2.326064641060838767e-01
3.290206561576942274e-02
2.159226032793941097e-01
1.344372590981518512e-01
-3.111504335364271845e-01
-3.225101660889609367e-01
-1.780868227716256649e-02
-1.462296825768282516e-01
-4.417726760547022874e-02
-1.013982052605806039e-01
-1.129752085947353102e-01
4.034647882844055039e-02
3.244267280789683849e-01
-5.937045548522932314e-01
-3.856114635180297179e-01
-1.592875970830252494e-02
-7.560819446437207214e-02
-2.208162937282150129e-01
-3.539249836691397699e-01
-1.453816894355051959e-01
2.163304743173059264e-01
4.705438762829392690e-02
-5.687206116854504057e-01
2.513518159454825041e-01
1.774240507842558268e-01
2.849954200974568197e-01
-1.151239683547317927e-01
-3.486933726900350305e-01
9.624174062939930274e-02
1.608207751988300072e-01
1.046573805113474864e-01
2.556960539999831306e-01
9.686924425618738399e-02
-7.977808135431177505e-02
1.097516904294157658e-01
7.985937912181188814e-02
-8.618943545249248273e-02
-1.282760685062705741e-01
4.177696977393609012e-01
2.300470285329181686e-01
-1.895198039089728836e-01
5.165400244826660048e-01
-1.071492061492123615e-01
1.952447513881344077e-01
-3.074175719186815758e-01
3.452139116564198473e-01
3.834090581304699374e-01
-3.336349725783908093e-01
-7.405753541136630980e-02
1.324386671962135831e-01
-3.594094406352120741e-01
3.412627315399253125e-01
1.182504762684198629e-01
2.091318050289679709e-01
-2.523227718843181200e-01
-2.641772818291860392e-01
2.649018639582832457e-01
-5.427440495929166525e-02
-5.778645473904117646e-02
5.271520356504864196e-02
-1.464679044433119803e-01
-3.700323737182660278e-01
-8.312204815923814050e-02
-3.624032234414395481e-01
-1.213192224975585404e-01
-6.144501437833340685e-01
4.318591033233918908e-01
2.377627783167285402e-01
-7.467671634214334553e-01
3.712382949900752127e-01
-2.898631823222441173e-01
4.077622563529298971e-01
2.655006515833580050e-01
2.739424530237694055e-01
-7.030636471005755929e-03
-3.238630352618768748e-01
1.483924360384629992e-01
-7.245212708496013843e-01
2.258495916041085294e-01
-3.240299638348297373e-01
8.362935921413561235e-02
-1.645182240708431276e-01
6.694021768724293074e-03
-2.119839133675193443e-01
1.010695305229497853e-01
3.498835479288728290e-01
-4.622407506338095662e-02
2.267906138165643459e-01
2.054984759438775732e-01
-3.050611123271270153e-01
-1.080493331656566802e-01
-6.280694229729181233e-01
5.547883217611567774e-01
2.342101219917491761e-01
-1.392974093439958427e-01
-2.983883290075669548e-01
-1.866850673851522535e-01
-1.310374777590300743e-01
-1.727661740832846238e-02
-4.463855987482578391e-01
1.609293976948234992e-02
-2.818877590264947663e-01
3.638991942660569912e-01
-4.138889611357784992e-01
-2.700268948736321215e-02
-2.597519342123785213e-01
-1.313253749576615004e-01
2.640849567584614421e-01
-3.865606000128052333e-01
1.792358265583457455e-01
1.939245037837287466e-01
-3.276365987090481408e-02
-8.307365251172240672e-01
5.717841027847286872e-01
2.067938458215200781e-01
-1.059141929477643712e-01
-1.772243216996229609e-01
-3.644397624300887428e-01
2.053206599223835471e-01
3.246721523198973225e-01
1.195248883810264423e-01
2.682439415839150687e-01
4.049251612045824955e-01
1.181973500863073290e-01
9.965919300746124421e-01
-5.057482664627738211e-01
1.338741566997606602e-01
4.018201104459889761e-01
7.871372641865627129e-01
-1.877610082947033521e-01
5.319684673989046875e-01
1.893477154261785089e-01
-7.286351783603708943e-02
-2.275436985054196948e-01
3.066439389811728700e-01
-1.615414965367070188e-01
-7.427570394368197826e-02
5.259174287784448287e-01
-2.227644755555029388e-01
-8.955995152308289520e-02
-2.244860087407031801e-01
-5.520550806842877689e-01
1.172665520108802928e-01
-4.031923102827245642e-01
6.584357661323925193e-02
3.055849603859397967e-01
-2.894713895300660145e-01
-9.109049404886271351e-02
3.187769741337808105e-01
-6.216059874980998101e-01
4.556016695163659508e-02
1.449942807461324368e-01
-2.850057776787932873e-02
-4.132621762236556723e-02
3.577495654737046782e-01
-3.272995867495172573e-01
7.152304954930083225e-02
4.358230529001204667e-01
5.091038616061913658e-01
-6.352021903311108053e-01
-2.104753263282599651e-01
3.839024716172167451e-01
-2.085386315489145548e-01
-6.197875625258233295e-02
-1.912986712465818487e-02
-4.496486967018063774e-02
-1.491436569842148341e-01
9.676727443697447084e-02
-5.564065583589669628e-02
2.055217570093128554e-01
3.442553136602515829e-01
-4.776232562271169324e-01
-5.742346267868915222e-01
-9.696503805670274312e-02
3.168624136029425942e-01
1.061660716428369650e-01
-6.117381730797855077e-02
-1.999079790852791860e-01
-1.324393903806646289e-01
-3.096147890353571630e-01
-1.566516811343942814e-02
1.715106522433648695e-01
-8.894121761328686870e-02
-1.157291228632723601e-01
7.618775914986829212e-02
1.765264343063373265e-01
3.743541739691713666e-01
2.162384160670507705e-01
-2.450545789793978080e-01
-5.557857763151115016e-01
-1.211844952345856735e-01
-8.495016001524453853e-02
1.026961508097067955e-03
-1.069063783224806080e-01
-8.956222936227685449e-02
-1.477981368897519354e-01
1.201258344717342531e-03
-1.119615026181753903e-01
-1.138171120801592384e-01
3.152659404260928500e-01
6.714652361398061320e-01
3.039841497918132074e-01
2.669207092694852457e-01
1.671849716254319995e-01
-3.087986811955406585e-02
-2.466442562412550221e-01
-3.501786750361989276e-01
-1.015856812394944492e-01
-7.090076626175059182e-01
1.458176242867200434e-01
-3.741138636627936442e-01
3.981932444243923008e-01
3.155980592734374812e-01
-2.960772329347040044e-01
-3.596073411603211700e-01
2.623671215892579012e-01
-6.776487012290765000e-01
3.540695571340451986e-01
-5.385489384291001214e-01
6.743842310106523685e-02
2.101251225622383922e-01
-3.242438649885305835e-01
-3.644799381404030814e-01
3.354666897728643404e-02
8.703728402515509277e-02
9.816582506849412526e-02
2.242756946748610536e-01
