-1.380861334920027439e-01
-2.230986998645904940e-01
-2.707975467436923855e-01
-1.585455861298419589e-01
2.617325694568336525e-01
-2.403132829039893170e-01
2.746955183547577506e-01
2.624579528876477275e-01
-1.377421933976467616e-01
-3.921647365875694513e-01
-9.453508488526757292e-02
1.298686398013597920e-01
5.553769098395540116e-01
3.524905775909063510e-01
2.153751021702730029e-01
4.006056579655158933e-01
7.448479977456984313e-02
-1.370867282472047199e-01
-3.210648606866156607e-01
-2.723487259812626404e-01
3.610657292614442571e-01
-3.549755219283867169e-01
2.253645098256872314e-01
3.640321245064733202e-01
-1.345212069073742356e-01
2.124519926314500096e-01
-6.532325729279975235e-01
-3.560046809317102823e-01
2.548369193092874657e-02
-3.898095133926004485e-01
8.821832866385774519e-02
-3.964147377823230012e-01
-3.184125726145571877e-01
-5.074581152602953837e-01
8.509005827628085550e-02
5.270591855125812408e-01
-2.102992600190708300e-02
-6.987492508713455397e-01
5.136988158391889714e-01
-2.279368990386912708e-01
2.412929289811970024e-01
-2.075492210845930885e-01
-1.267993692152731833e-01
-1.277923332046290994e-01
1.303384017684478813e-01
-6.713775142532947549e-02
-8.236295144368277477e-02
1.172861355416323914e-01
3.468986886429963751e-02
-1.211461177010045437e-01
-1.098352930006466638e-01
-2.494190619827472630e-02
9.965204989571831151e-02
3.586551287759620066e-01
-9.398152860702217726e-02
2.465956182607303149e-01
-2.724785969773598215e-01
-1.700094666214578276e-01
-2.447226810342789105e-01
-1.687467529516710196e-01
5.704863686427034120e-01
1.473343863635774575e-01
-1.131714125984361330e-01
-4.012114974078783147e-01
-1.841781837912604136e-01
-4.830519928913832306e-01
-2.197910307650242090e-01
-1.541449728998009749e-01
-1.134552113124247252e-02
5.293915723585340682e-01
-2.248504871917072490e-01
3.227544898554424169e-02
3.080967728195638800e-01
-2.833924226330721829e-01
2.282627123239460987e-01
-2.009604420273068959e-01
2.094928189244295857e-01
9.177851534499577302e-02
1.159722150813130293e-01
-2.991490026668868207e-01
-4.275763033950961967e-02
1.174270198682909883e-02
3.073128104659569315e-01
1.056949894037366861e-01
-3.557827657970893953e-01
5.335581947925011059e-01
-9.410818605559399808e-02
3.163728738814905461e-01
7.981801942421225260e-02
-1.001288543745922355e-01
-8.180372719250696978e-01
-8.363066101691800369e-02
1.272410348776311373e-01
-1.046663270366619547e-01
-4.213457876522849199e-01
7.569744949237680598e-02
1.304927229771154218e-01
4.139242161056077562e-01
4.145581802282042316e-01
-7.998036884873579999e-02
-2.312631358839448426e-01
-3.321390832398309900e-01
-7.814782584379174890e-02
-2.740987111028228562e-01
7.691919808951961160e-03
-4.590061226495878444e-01
-5.588530209573215890e-01
6.181448563975278088e-02
7.013061268584283026e-01
-4.026784800982684542e-01
5.449421014402400232e-01
-1.974983963145094945e-01
2.679789779869658495e-01
4.093718488468992556e-01
-4.301238134766169896e-01
-1.085742336426396559e-01
1.271354007176682399e-01
1.076549979450254213e-01
5.036044894962586893e-01
3.391129826952594684e-01
2.225788704588054501e-01
-2.817965266626282217e-01
-8.169637378794726568e-02
4.468456845103622177e-01
1.886975345022654516e-01
-8.917193529370207594e-01
-5.889463839818784296e-02
-4.274038835930707436e-01
-1.453000257892824443e-01
1.223062788012716784e-01
-5.498698496764341526e-01
-3.258946785442307648e-01
4.748429558833575648e-01
-9.583416880105945224e-02
2.877740624100332267e-01
-1.384136008029654974e-01
-2.049521037342168783e-01
-1.458700517547587561e-01
1.104228722001715651e-01
-4.413575485123143877e-02
2.276370574014384071e-02
-1.131024612043188271e-01
-1.661573120976796158e-01
-4.915401848509101668e-02
6.760028955631450232e-02
3.914535447625197007e-01
1.483810668025659363e-01
-8.909960336370541245e-02
1.313462102321918124e-01
1.399363318145263047e-01
-4.180183511489060644e-01
-2.209387675220486069e-01
-5.255527988164176989e-02
-6.835373005486505837e-01
-7.164377403147336176e-01
-2.298477433008662696e-01
-6.547363010298007380e-02
-2.371783013044570509e-01
4.240015428489073424e-01
1.618495036525212927e-01
2.459086748043600723e-01
-5.285944223055393243e-01
-1.707236342236798377e-01
3.236030475551919250e-01
7.331309766899712455e-05
-2.158801156929318066e-01
-2.477707450509650799e-01
-2.108680758767906838e-01
5.802183379848480094e-02
2.868698936418376810e-01
1.729169568351100403e-02
-4.866898392077431690e-01
2.907586779896843138e-02
2.026468318869708019e-01
6.861194992753134880e-02
-3.367019677329649574e-02
-9.700625928293829525e-02
3.424531536795825115e-01
5.007868303920769426e-01
-2.492901032495990488e-01
-1.768633379150923515e-02
-4.354434404411268722e-01
1.143202442503179206e-01
3.711027739525863955e-01
1.741042963220544582e-01
-5.471910042305825339e-01
-1.229553370777149851e-01
4.316662373403810232e-02
-3.983481239026949727e-01
-3.842976704154736911e-01
7.415993971726572709e-02
-3.139965288637656671e-01
2.833652421329302395e-02
-1.242513377462392959e-01
-3.089667603627316295e-01
-1.161034391832812401e-01
3.573365817658700760e-01
1.826079773502305159e-01
4.551251497615794138e-03
3.277697700471133846e-01
-1.441438247165569841e-01
6.009976227327740173e-01
3.421514932829900490e-01
3.475800975067485643e-01
1.477979496767612699e-01
1.469424131177051729e-01
-3.005700246705822476e-01
-2.789085312087957735e-01
2.930804453242579766e-01
9.135148887860230701e-03
-3.265914751858497445e-01
3.815705991275802345e-01
1.473095058096155797e-02
-1.226055965395684566e-01
-1.905559738428422301e-01
6.891034459681870394e-02
-3.116557698908861695e-01
-5.866100813634589350e-01
8.615392612432859476e-02
-8.935566448507985260e-02
1.420250232928361445e-01
7.730562674959208236e-01
-2.777177060060673219e-01
3.348136468291905143e-01
4.664291158837678974e-01
-8.037141871484261568e-02
3.162619803737199420e-01
3.588913289573777976e-01
-2.990845938471218268e-01
1.347776860515579045e-01
-6.964582185759526922e-01
-8.183983632131524022e-01
-5.134038063239437788e-01
2.924858006565539403e-02
-3.358438703000687364e-01
-1.269341861825986836e-02
-3.598317703507020737e-01
-2.082931482233580430e-03
1.992075951508733012e-01
-1.004213047953650545e-01
-5.947319057743630233e-02
2.180778451883146618e-01
-6.087107523651601459e-01
-8.039538964389819631e-02
2.921331049496997054e-02
-1.792854214752349351e-01
-2.900014929135156239e-01
-3.148029204227187905e-01
1.345955986701456719e-01
8.057488024068067134e-02
1.027111350218897212e-01
-5.037220680509164605e-01
3.867259270345221323e-01
5.087800856627495705e-01
4.522599005583993192e-01
3.372715167582799323e-01
4.934709165478567972e-01
1.556641986403501099e-01
1.721415443359246289e-01
3.214798005363476707e-01
-7.482919499866773350e-02
-1.175688693024189678e-02
-1.021702322638966959e-01
-1.568425051660046754e-01
2.226340173871837191e-01
