2.797722341765664367e-01
2.979297539274986528e-01
5.253915439130282111e-02
-7.498344109920408729e-02
-5.754971308231726645e-02
2.007029193919886711e-01
-6.185260430647355756e-01
2.131980271985069730e-01
-2.527613862787511656e-01
4.776588512321914282e-01
-9.320709678601449277e-02
4.122364577818681819e-01
1.557726180852304909e-01
2.856010327778235602e-01
8.328313364985477640e-02
-2.392063499538732985e-01
6.258817446920496297e-02
-3.448274753087228195e-01
-1.178997381798905092e-01
7.994569860836930886e-02
1.611536041790755658e-01
8.707435160139861963e-02
5.052251681867112043e-02
6.659956333846139831e-02
5.761730918017352598e-01
4.218844986128530428e-01
1.739108882187241079e-01
1.593110556199793248e-01
-5.236107822220598118e-01
2.542966199375693570e-01
-5.448356757832818476e-01
-9.470575804666495068e-02
-6.333283169596674866e-02
-4.120569414310764622e-01
6.400057732929230470e-02
-3.650031133824550023e-01
-1.378878618152179492e-01
-1.571637476444057713e-01
-2.530690730255715781e-01
5.093125627723022603e-02
-2.731100420096838066e-01
2.286385653965722631e-01
-8.835278586282096017e-03
1.820001253770920091e-01
1.957313258662422839e-01
1.681057242203088109e-01
-1.137795781521516031e-01
-4.771886318318461218e-01
-1.644065490852536782e-01
7.640709231759673647e-02
1.840311501820499351e-01
1.590022906954863535e-01
-1.248019890003458122e-02
7.162802764205321304e-02
-7.287021117064590436e-01
6.429336870720389618e-02
1.429864718818711633e-01
-2.737834004140904942e-01
1.025617657256427118e-01
-2.548126473886753174e-01
7.546384992563871796e-02
-1.822905299370514154e-01
2.261368496685490503e-01
3.241248521363395696e-01
-2.604518167503598325e-01
-1.151668449457060872e-01
2.092370496217580700e-01
-4.694964413138302262e-01
-2.475199188628747771e-01
-2.877194944806856780e-01
1.831720820525872540e-01
-3.445083426188783604e-01
3.267351417526845880e-01
5.955735152244325675e-02
1.754658548949812324e-01
2.460249201875901182e-01
1.446925952785961533e-01
1.438822832395895805e-02
-5.089164118235180861e-02
4.256379276994541327e-01
8.962877322136812708e-02
4.800334633448742616e-02
1.733486546373945725e-01
-4.511936606969634833e-01
1.626779279676795753e-01
1.947306585224540532e-01
-4.374700379915787835e-02
1.994181577042545284e-01
3.463538160401976596e-01
-8.561810961916611895e-02
-2.338371487085647848e-01
4.810476981694327137e-01
-5.475055320797250075e-02
-4.253943714243033636e-01
-5.508449026149406791e-01
8.462881520720562378e-02
3.149061890374944550e-01
3.505070499135350959e-01
1.033593670294843253e-01
2.729790918501469599e-01
-3.279860389125937442e-02
-2.050323719334731093e-02
9.534288978334277964e-02
-2.090911099368484571e-01
1.173317359472874910e-01
4.311878574506544104e-01
-1.081554624205585680e-01
-3.000152918455851331e-02
2.621257856601867942e-01
1.702963615892978955e-01
-3.769264792171788114e-01
9.879385229195346285e-02
3.387662231671914603e-01
2.872757857747011978e-01
-4.908946594382764816e-01
8.037551455636031406e-02
-4.277001809293872747e-01
-5.091044116460941016e-01
5.701200276137136785e-02
7.471224853022828682e-02
1.412664851419757617e-01
3.830982299461970220e-01
-1.557338140492197931e-01
-2.925864530627963478e-01
4.021350515005646387e-02
-2.754436021130715062e-01
-1.842027618674116629e-01
-1.075798703485583846e-01
2.477776195006751309e-02
-1.871693049393563790e-01
-1.929562010452373910e-01
5.169962938445583217e-02
2.654800589520586729e-01
2.484585642310318532e-01
-2.882467079143457428e-02
4.790450151674990192e-02
-1.871990562988369231e-02
5.189678763978345516e-02
2.455916521446893652e-01
-1.080441694164897132e-01
-2.279632688145470376e-01
-2.279198437653331966e-01
1.195943964844858876e-01
-2.607907832965581374e-01
2.578238238577083008e-01
3.633081325061876532e-02
4.348430593732474647e-01
7.499309504365327117e-02
-1.292806073048978766e-01
1.376682435457707299e-01
-2.303941118984277336e-01
-1.450343078636208601e-02
-1.778686026917659646e-01
-2.094238576070020855e-02
-1.127097469507905847e-01
2.516101100347171715e-01
1.090479201508639806e-01
6.370134227194705900e-01
-2.472172997869628019e-01
2.251049289595330807e-02
-1.753120920613614742e-01
-6.342775538277385661e-02
-6.112907613246455762e-02
-1.452435212432338918e-01
3.991969781738960443e-01
-2.621804621030294769e-01
-1.362399644819224098e-01
5.688969638313368105e-01
-1.723363628800857195e-01
-4.210573266638065748e-01
2.652196705882474137e-01
-6.426371601145466350e-01
-1.570195608727872616e-01
-1.753919453178908738e-01
4.060119704845134569e-02
-1.661327389060836823e-01
-6.847887625045990800e-01
-8.715368077837411243e-02
1.722143678055975125e-01
-5.650852722296706432e-01
9.354805890057923956e-02
-3.946549555810555110e-01
-3.261794644445882851e-01
1.391213720470886039e-01
-2.178478388993251025e-01
-3.865757325848324655e-01
-3.481946966379074748e-01
-3.184506474493742911e-01
-3.144073447491438356e-01
-4.535093662409873244e-02
-1.737226981656977143e-01
1.572201648375928448e-02
6.821804440034921757e-02
-2.952131115437950371e-01
5.346438899810691536e-01
-8.249377327646588431e-02
1.922433363787875715e-01
1.506157136873023106e-01
2.766064810752592584e-01
-2.679650124522465759e-01
-3.428098828933490161e-01
2.067013150387894127e-01
-4.014440893288660495e-01
2.369441791646804685e-01
3.205707916203451996e-02
-8.600392767193461296e-02
8.889718584556087488e-02
-4.069354510463616403e-01
9.328070931221919826e-02
-3.228457118493338052e-01
3.984981946870444491e-01
-7.585533387996476300e-03
-2.689231770096739971e-01
-2.828268806831548687e-01
-1.377525861823191422e-01
1.342241930785876280e-01
-3.579315429371758284e-01
3.756647464054493207e-02
-1.905251095690494167e-01
-5.187563972770174031e-02
-2.773264131814648370e-01
-2.568718683226837163e-01
1.711595474346175594e-01
-8.870886001611204275e-02
-1.513647689936510887e-01
-4.850611447726751457e-01
2.879602734628172733e-01
5.001584604009792212e-01
-1.191771081004031341e-01
2.842622193245887274e-01
7.780901327334463491e-02
3.011596120931733234e-01
-8.883897601267483346e-02
-6.942604615435729043e-01
-4.183299242850720828e-02
-4.799467051135417744e-02
-4.364023547616446286e-01
4.231378641080829062e-01
-2.016841000586912513e-01
-5.826616773231763080e-02
1.039894417033351975e-01
-4.817746231296912707e-01
7.900172943282600668e-01
-6.981298649463281436e-02
-2.902199344679541326e-01
-7.414280715920906761e-01
3.058221690900170264e-01
3.430001503181710487e-01
-2.554373882325887690e-01
-2.232002280497542498e-02
2.081739215638105378e-01
2.893015015063489792e-01
-4.569353655912528622e-01
2.272902267701352175e-01
-5.695029499096104786e-01
1.942527616847513350e-01
-1.640216654909165406e-01
-3.031796260898204087e-01
-2.492355638118268768e-01
-9.231889058116583835e-02
1.390421588522936513e-01
-4.732438167834522313e-01
6.561192944315671349e-01
1.866878115186927645e-01
5.430988188521032045e-01
