5.614528426777208869e-01
-4.619813462188414044e-01
8.010745511052051737e-02
-2.795768256682780728e-01
2.583003951334373327e-01
-6.031411138980828923e-01
5.302226555522923102e-01
3.030225416244312631e-01
-4.725098233631266215e-02
-8.204901943622726623e-01
-5.863480132774052667e-01
5.786605919640047668e-01
9.483363783517201329e-02
-4.457057703927342490e-02
1.627304863833646531e-02
1.457667949539078467e-01
1.941405403750288972e-01
-1.699379624084393636e-01
-1.493694015005857800e-01
2.733497774753240184e-01
-5.306895114057901680e-02
-3.042199551838576377e-01
-2.356158699323276373e-01
-3.468679059784197105e-01
-1.432960325655738970e-02
-7.830406508978306201e-02
-1.989128619175347668e-01
3.931505784571776019e-01
-5.737822693436551713e-01
5.305590992814761542e-01
-2.666384503517776200e-02
-2.013526644812242139e-01
4.249024871957089444e-01
1.478122942281232498e-02
1.338676153875778020e-02
3.331825929727941227e-01
2.117907375203794407e-01
1.882154207255437237e-02
8.145261914245444101e-02
-1.101722538837183324e-01
2.155138208931501598e-01
1.710808178217870512e-01
2.328702985991778496e-01
-9.680475380993155965e-02
1.316233309404810925e-01
2.003330756656238887e-01
8.842834308861828585e-02
6.017874520951764505e-02
1.275014014818398600e-01
1.267931481823307005e-01
2.295021995763566192e-01
-2.414047586141198354e-01
1.157849446110469083e-01
3.687942557783164821e-01
1.479827439188892424e-01
8.894808788711948411e-02
-1.825672485945233903e-01
-1.797233324393751330e-01
2.529358218916802348e-01
3.577976240207809272e-02
-2.023114366085124183e-01
1.069601128540656060e-01
2.827710888804815248e-01
-2.385934014915512269e-01
3.054527069599364819e-01
2.008757001131416253e-01
2.060577227795358235e-01
-5.779256300524722167e-01
-3.141858185014839155e-01
6.415016638256069992e-02
2.402207761469219716e-01
5.876829921014997682e-01
1.903226435225263968e-01
4.115830648072533321e-02
1.401558407188864264e-01
7.480644696292512719e-02
1.859987994116645560e-01
-4.155213744095316297e-01
-2.840116363439932901e-01
-4.126366429914283818e-01
-2.447278700495619519e-01
-4.567327561112520806e-01
1.832603403029942069e-01
-3.164193994481800387e-01
-2.881837959928649218e-01
-1.125402274888959719e-01
5.693919366023422746e-02
-1.560298628242157981e-01
2.577321322422859284e-03
1.211989574768501665e-01
4.191631478292861535e-01
-5.927681736656872369e-01
-1.648360710406513718e-01
1.103509398083061567e-02
-8.813909697929861453e-02
-3.880520672442989150e-01
2.926524082469448285e-01
4.359651198565148711e-01
-2.694297859893786118e-01
1.063069158088079530e-01
8.724627363076589703e-02
-1.919963072352956490e-01
-1.369452341715994836e-01
2.318943665968145051e-01
5.229028014600227703e-01
-3.021314292617804931e-01
-1.049337360906884148e-01
-1.183135458562117048e-01
2.223516497823842530e-01
-4.800815025488625737e-02
3.186567416772626005e-01
-1.090494823946609598e-01
2.172102891569422864e-03
3.801558405274990671e-01
3.642055676473446302e-01
-3.662628148815508244e-01
1.195417616323699583e-01
-2.937324334577707807e-01
-4.779829207600689855e-01
1.172600614074351955e-01
1.659235869436700983e-01
-3.236732740147700849e-01
2.451454175291802595e-01
-1.701351522629395430e-01
7.402038942212178785e-02
1.150882849950490699e-01
1.989633606693504975e-01
2.826589821296870420e-01
8.906348020416984812e-02
9.472221349716601624e-02
-2.872494616385121505e-02
3.819218829284362071e-01
5.376661832698660382e-01
5.216782283596916869e-01
2.986297683418412952e-01
6.008245411601220720e-02
-2.535857673912148558e-01
-1.253969404157778411e-01
-2.916464734811903825e-01
-6.126962741022350389e-01
-4.165110498394074962e-02
-6.566707853997212629e-02
1.823175389495580168e-01
-2.199790140285889928e-01
5.009786099277413474e-01
-1.045270698552489691e-01
-2.444833511452862151e-01
4.047780364922717866e-01
-7.839345764946636930e-02
-5.311411486823862382e-02
-1.360401857972765027e-01
-1.772003382138873373e-01
-9.037077387650950533e-02
4.499302630930355762e-01
-2.008158439238745541e-01
2.621389876093997429e-01
3.300473786361070583e-01
7.158370272254895028e-02
4.419980527582215157e-01
-3.340759300882409355e-01
8.269298942129632568e-02
-1.636145588998127176e-01
5.858420885871620451e-03
-3.184639554216280727e-02
1.061224456221685486e-01
1.700446597283579095e-02
-1.583091513448836862e-01
-1.708203408612457563e-01
2.482400328983592197e-01
2.596495355543628203e-01
2.965735249830687148e-01
5.373848012802403540e-01
1.333570370842560582e-01
4.721126745612417297e-01
1.268772527762730140e-01
-2.061307320342788407e-01
3.357362508813095392e-01
3.514457543943268480e-01
1.775321767945525486e-01
-9.041085827822568921e-02
-4.538003589726447018e-01
-2.892081071283493787e-01
3.344431595780928412e-01
-5.963267616453777481e-02
-2.032331093610831585e-01
2.846427541999304589e-01
-1.153428384645237698e-01
2.573819211117946426e-01
1.408533061030711742e-01
-4.157906885410566633e-01
-1.244097448521662985e-01
-2.850570860908713255e-01
2.616105718999243157e-01
-5.605927175060544387e-01
-2.142058473595351009e-01
-1.527714983078547195e-01
-6.839221945434200700e-01
5.265985399495476393e-02
4.336116173157819054e-01
2.047582416485647927e-01
5.133827914948173587e-01
4.374472532332179253e-01
6.124700646162989370e-01
4.537615261267202715e-02
9.272917099587220380e-02
2.808631236067560266e-01
1.923956541202523074e-01
3.495808318523348501e-01
3.139637389417773445e-03
-5.268177421756387729e-02
-4.975218926607787723e-02
6.587718174690450068e-01
1.535400600806832438e-01
-2.522334510863051271e-01
1.481989208446059525e-01
-1.049332834488396482e-01
5.211685310045606478e-02
4.678070161372237523e-01
-3.578620296292164271e-01
3.040462814127293800e-01
-1.567681360577480310e-01
-1.857278553365609153e-01
2.632981617842541575e-02
2.895812272126231379e-01
-2.667008611725075196e-01
-4.149720753168488208e-01
4.210533534034323622e-01
3.015558743650992302e-01
-3.554269429967598648e-01
1.940285428053611927e-01
-1.022972682762336855e-01
3.165617473883260424e-01
1.799195468053489330e-02
-7.777118960516014867e-02
-2.258470822277918733e-01
-7.356061715395154077e-02
2.014055264222013308e-01
3.602370775177218820e-02
2.996172799706693368e-01
-4.718861671731288121e-01
5.599475604264281259e-01
2.345373423544846458e-01
2.264617866119503220e-01
5.633229490241259407e-01
7.216813356084714193e-02
-1.194474079478180517e-01
8.711800457769135198e-02
1.138661273968800125e-01
-5.507165524452132255e-01
-9.033129087567094428e-01
-8.078312750881141979e-02
-1.233706453659488556e-01
-7.077334641416227479e-02
-2.482910112279316794e-01
-2.519345644502933301e-01
-1.485119604116353076e-01
2.285755650469846190e-01
7.380620503203100258e-02
-3.132002720331494849e-01
-1.988054010256594395e-01
-9.181898731587383178e-02
-4.640463478841437839e-01
-3.514325588706441739e-01
4.358555425844386211e-02
-6.258379136054617597e-02
