1.348021470119911691e-01
2.191560698582469269e-01
-8.278863486348740641e-02
-9.833153460409986557e-02
1.074806628613845655e-01
3.343320368062081549e-01
1.248045704045693816e-01
9.453279473474003602e-02
-4.928100428555360346e-01
-2.036031473423561278e-01
3.537320774712808535e-02
-3.754877368726924347e-01
1.885924988263435187e-01
2.626147867413614057e-01
-2.059592154187253887e-01
4.178828453902538181e-02
4.224012494549650998e-01
-5.819750794010207506e-02
2.986950487297925783e-01
1.025699801956865692e-01
2.917723744817697917e-01
1.640202926519146731e-01
-1.528767633017439620e-01
-1.698324895647141120e-01
4.304435243123008736e-01
2.077296445100483557e-02
-2.338432556710299537e-01
3.772539036400208157e-01
-6.383185575331421502e-01
4.990509190491834723e-02
7.184456862767180096e-02
-1.996579754653650118e-01
-5.755671991806996651e-02
2.860488971143100925e-02
-2.733873294453875724e-01
-2.701082645206561716e-01
-8.331402576529491066e-02
-2.264726478637416607e-01
1.143738028727136480e-01
1.095815845270562902e-02
2.365420187199314666e-03
-4.844170113800421174e-01
1.509415322697234829e-01
7.886931686675871522e-02
5.442819442434266852e-01
-7.681164440586631115e-02
1.211526962561687293e-01
-2.003200280708772596e-01
-3.937139127157193719e-01
3.027370866215620682e-01
-2.870460739340477963e-01
1.997817208466532157e-01
-2.574980811849004840e-03
4.764146884222250633e-01
-1.229730624033678887e-01
-5.982702039126063243e-01
9.700585269062235449e-02
3.838630605793442313e-02
1.511611487355302708e-01
3.845743659784365276e-01
-4.344886701229598858e-01
-2.961728542330703262e-01
-1.997567175709105136e-01
3.370253464161499513e-01
-4.264715054808013162e-01
-4.655763210383053741e-01
1.967623669208349788e-02
-3.212400837951108201e-01
-4.719327754480396875e-01
1.815527890506223319e-01
1.938479512326572174e-01
7.393074278355203643e-02
-1.306652081001147443e-02
-2.750241532001068134e-01
-2.819986649697891479e-01
1.032508685693028089e-01
2.786064837918676013e-02
-6.081326653752772843e-02
4.243207149424146896e-02
-3.364441990223922541e-01
-3.278039400748242738e-01
-1.848290227986731371e-01
-1.877127408022281063e-01
2.309218199485781331e-01
3.520944321957275580e-01
4.641162716334893412e-01
-3.444266906263695471e-01
2.021470646638771906e-01
2.208082535227761378e-01
-9.306635342925011212e-02
1.885330156148685432e-01
-4.670679659257869626e-02
-1.969558367770411766e-01
-3.330824331045941222e-01
1.471766643514353101e-01
-4.139907699115327744e-01
-2.931645313381345264e-02
1.223936933568944840e-01
3.507557973705790338e-02
-1.552675167293579017e-01
-3.637607964330789173e-02
5.215298276181983689e-02
3.504969498537141570e-01
-4.731644126854468446e-01
-4.815890575487850045e-01
-5.138316923888806009e-01
-5.057275828843727644e-02
-2.117415233738309255e-01
4.880282932801646711e-02
2.729047943027601009e-01
-3.779909667137558160e-01
6.725423417171405571e-02
-1.171230436140565656e-01
8.010734728617225908e-01
-7.053369194139041953e-02
2.141822465632345074e-01
-2.638511158417241043e-01
-4.262576423580861917e-02
7.680335010348614266e-02
-3.422855790257584019e-03
-2.307239113043628720e-01
1.091519711547897786e-01
1.294589585801656784e-01
-2.974486859323708376e-01
4.502663296643618085e-01
3.620048988495435105e-01
8.886935221908039140e-02
-3.837322368049001509e-01
6.079087979700995015e-02
-1.656152713003335997e-01
-2.492064547066635827e-01
-2.328701841849456777e-01
-2.372519275359129542e-01
-1.113356559705041410e-01
2.174279342003931637e-01
1.198827300179014371e-01
-2.535809525439439160e-01
-4.379968350912813446e-01
-2.499546336256535106e-01
-1.831828800209172325e-01
5.519561658150968775e-01
1.104380281358518096e-01
-4.658673943068822321e-01
7.462473365184602025e-02
3.809462671004593681e-01
-7.399514810704004297e-01
-1.735471355897030832e-01
-3.256465006299084641e-01
-3.987820148398781295e-01
-2.222439780198950596e-02
3.750198702416849827e-01
7.921322589445943529e-02
3.163426788759387542e-01
-2.515416135925143126e-01
2.498023419508001164e-01
4.035989119186665364e-01
-3.095706512998144255e-01
-1.000000000000000000e+00
2.496608923020172122e-01
-9.654464371473894801e-02
1.671322768236999379e-01
-1.634817976366255976e-01
2.371560873519474033e-01
1.116967068692753390e-01
-4.180493157773390034e-01
-6.602078679001056882e-02
6.167604772202728292e-02
1.523623513598613977e-01
1.891508290619229316e-01
4.895828966278882866e-01
1.170938900312732400e-01
4.927199400053415557e-02
-2.956450102984393147e-01
-8.823116333467863337e-02
-1.649800749462253247e-01
2.939297157387489867e-01
2.238103731169414634e-01
5.097395750905526768e-01
-7.745700136174897832e-01
-6.477247890803572439e-02
4.676302454459797114e-02
-1.714090327500508791e-04
-1.370157049359208845e-01
-9.680455794560771654e-02
-3.257046678523973782e-01
5.764997809103601656e-02
2.658651370401485248e-01
-4.903805713868767957e-01
-3.298348473988063634e-01
1.302433120310111381e-01
-2.949626386411127732e-01
4.800344912194748348e-02
-5.032549912499479916e-01
2.192915007393795024e-01
6.062305940678401964e-03
1.633770391533622898e-02
-3.339432914947976228e-01
2.692434251284362423e-01
-2.223144038996227867e-01
-6.241539827680500641e-02
-1.506946499193910216e-01
5.151232535113585698e-01
-1.367835122220694907e-02
1.516329893133108384e-02
1.106374927288084481e-01
3.856987641838605652e-01
-1.826565692126108920e-01
1.580967793105514663e-01
1.487138542283732157e-01
1.998612869801760228e-01
-1.240065843340790452e-01
-2.935510369049648127e-01
5.008612647368398951e-01
3.192956225601994991e-01
-2.459807313512558102e-01
-1.174953638218602936e-01
-3.070886186537844509e-01
-6.061310378749462657e-02
6.328799760753355264e-01
3.339519484484726464e-02
7.691882978176052543e-02
-1.423249618971887676e-02
1.872241069101775179e-01
-1.138184774935519505e-01
5.445880823295123213e-02
-6.434575474193530153e-01
-7.181087507260631997e-02
4.175417889170897623e-01
6.160768875900541897e-01
3.332139217576061130e-01
-1.987010953665684435e-02
-7.057093661457829181e-02
-2.476502314448909559e-01
1.077696981534821338e-02
1.121993999028230021e-01
-6.576792482533957811e-03
1.502214335105304943e-01
-2.464260252599979883e-01
1.205826321316483124e-01
1.458562342851840998e-01
-9.688071214685295418e-02
-3.646879212116277968e-01
-2.396378282212762931e-02
-3.480656551794170661e-01
-5.043524639339861393e-01
5.018561427305309741e-02
-2.006256575090590022e-01
-2.541661444581121976e-01
-5.078079989105863806e-02
-3.203676470819745714e-01
1.116754024714705917e-01
-1.917065265926624906e-01
1.893844803584579517e-01
-3.118758108050482813e-01
-1.473698705487638816e-01
-1.792819810771973110e-01
3.316539161189561713e-01
7.103657542790799972e-01
3.271970872801005514e-02
2.011319210960881010e-01
2.263372806552906569e-01
1.443701062068533658e-01
4.860752349158695695e-01
1.121497897374696961e-01
4.242914407244139929e-01
