-2.310265366809977627e-01
-2.147731653587988399e-01
-1.501872501459394493e-01
-1.099326753551976704e-01
-1.671491622309212721e-01
-2.824995191863723387e-01
5.226772730384233734e-01
1.054646294357870079e-01
-1.824847437728762400e-01
-8.154512559589728593e-02
-2.494400266719403181e-01
-2.641338786697413066e-01
-1.098510318555909887e-01
7.249548457587115524e-02
-1.451136315078140060e-01
1.546096144044907250e-01
-5.362429145338305780e-02
1.688921094036185955e-01
4.031534183788567094e-01
4.842278575832775073e-02
4.975194262253779948e-02
-8.398187311156779522e-02
-5.647963045746683397e-01
1.607212804367809389e-01
1.366403187991743484e-01
4.656866457982871133e-01
4.198850883971342873e-01
1.409872102219162926e-01
7.503369979875632589e-01
-5.623373977436010307e-01
-2.863488114424233011e-01
1.711789899317087832e-03
-4.525209993346773762e-01
-5.379066631419585631e-01
2.297715466270451243e-02
-1.468897701404248829e-02
4.710272359876770953e-01
1.011421010150666405e-01
2.695203257977739630e-01
-8.001337970451367909e-02
-3.685358157653866873e-01
-9.516123449045436888e-02
-1.777916017908708624e-01
2.166515527261929919e-01
2.548878605289103469e-02
-4.687744772922689679e-02
-1.540394516707264960e-01
8.943585866286435371e-02
1.548307130821327815e-01
-2.831471954816313502e-02
3.696723424433182026e-01
-2.257712416158302315e-01
5.526513457661996753e-01
-1.983262636322219719e-01
2.389419433587585684e-01
5.615108068222948168e-01
-2.632332249193267137e-02
-6.312839017320873714e-01
-7.570274894346179506e-02
-2.863249129843177254e-01
4.218400823555659707e-01
2.793091223635446596e-01
-9.543548641585010428e-02
3.567347806730795656e-01
6.801323013103352522e-02
-7.744161298627255663e-02
-3.317568654619659774e-01
-6.572556110062427459e-02
-1.872790819641624305e-01
4.075581520272826275e-01
3.659077798977801721e-01
-1.279261441658909558e-02
-5.100382897988926106e-02
-3.915899829618736949e-01
1.950481694218928960e-02
6.996560883820561461e-02
-8.178550178137336535e-02
-3.707436590670382115e-01
-2.163183538003273509e-01
-1.026268818422424733e-01
-6.267332672979941677e-01
-2.109713018171963453e-02
-4.572403774364014462e-01
-1.436273282738225188e-01
-3.794641506599652492e-01
1.959877611199248582e-01
-2.461246214482274708e-01
3.197571862991845926e-01
-3.825799358390031407e-02
-2.323442750334653306e-01
-3.600872545497706828e-02
-1.630764544921367298e-01
-4.441829881142524417e-01
4.915494096764669307e-02
-2.454449594640838450e-01
-4.976536534730688910e-01
1.291993722754688212e-01
1.801559272610393503e-01
-2.092686767400138981e-01
-1.826192056006611941e-01
-1.412053933024938757e-01
2.406745378139097391e-01
-3.242423537892146768e-01
2.957515787790638839e-01
-8.499458232443060091e-01
1.426082221661980620e-01
-4.224505981688351369e-02
-2.430904448899975367e-01
1.625896248826037283e-01
7.277881093657107003e-02
-4.690613474418885986e-01
-5.261255344259203603e-01
-1.438307815058386951e-01
-2.932895364479891007e-02
6.126670625567312012e-01
3.671966044047628164e-01
-2.110536192360439878e-01
2.286214456175769405e-01
-1.800614141244760436e-01
3.647355075178393968e-01
-3.830536824277692709e-01
-1.301602956990892401e-01
-3.147408434701773894e-01
2.459841290459056362e-01
1.010449463283730615e-01
-3.519306898258094951e-01
-4.014908156315578069e-01
-1.203472803097788979e-01
2.133383817616026357e-01
-1.214440557123857289e-01
1.578651024616057885e-01
-3.752418946741925554e-01
-1.161175811374452055e-02
2.758392083442678389e-01
3.559646554108287786e-01
-2.885744947423071194e-01
-2.070411529592782462e-01
2.657059692013107322e-01
-2.474732100217037489e-01
4.443028438179393719e-02
2.156517228182317780e-01
-4.237064623764945637e-01
1.124531837528125189e-01
-1.480804259829663905e-01
-1.375700899071484462e-01
1.737869898002049329e-01
6.549429460970590533e-01
-7.228152816525371116e-02
-4.502144583356947061e-02
4.094000861604871200e-01
4.122806902757791270e-01
6.232402235818815806e-01
1.826440673295796624e-01
-2.129530309819388234e-01
-2.225400995326712594e-01
4.063656030878246561e-01
-3.603750235156370496e-01
1.746309571679285633e-01
7.295517979036160450e-02
-2.428211339975419880e-01
-1.222645504665722388e-01
-4.510542785806739147e-02
1.651867876844217292e-02
-9.000488324616893188e-01
-2.317274336202477247e-01
2.632348423047350949e-01
-1.963213005898778174e-01
4.683821970421894743e-02
-1.873106296916326186e-01
2.785011139627887600e-01
-4.388259190837601187e-02
6.770933081328911474e-02
7.543999231107346992e-02
-1.364906033030749699e-01
-1.764639887471904645e-01
2.421468983253916851e-01
3.001543530666311299e-01
1.830456261227283721e-01
2.841893168026566469e-02
1.014989396849413500e-01
1.182390848316961091e-01
-1.528057802213985406e-01
2.630999146801907274e-01
-4.249774887952557090e-01
5.310624815014468592e-01
8.490236743909852779e-02
9.806849789434486653e-02
2.612070724722024839e-01
-1.323638962102091088e-01
4.620814323041148516e-03
-6.478957593037113494e-01
1.083798970007685131e-01
2.599879510695856655e-01
-8.480710234211462362e-02
1.452693453213938501e-01
-2.077267085903801436e-01
-1.388071437433241635e-02
-3.873350396984062138e-01
4.939065010266389943e-02
-2.485073959587759396e-01
7.799729967544485974e-04
-1.847275508415125445e-01
-2.850781985414352349e-01
-3.220972832218248483e-01
1.054004015507883640e-01
1.624329064442441364e-02
3.573806566505255966e-01
-2.600589115086838765e-01
6.371355354088276135e-02
-2.857752603753010434e-01
-2.572394788459254622e-01
-1.866770627095908075e-02
2.706496094134062114e-01
-3.193592301520421090e-02
2.220433836482722245e-01
6.163195997284430516e-02
-3.082265248672473312e-01
4.112488912501841010e-01
1.997828491334159920e-02
6.915543789157522214e-01
-1.730458970352650172e-01
-3.202520759883524248e-01
-1.164082822136297546e-01
4.820549591543572543e-01
-4.502561381723133027e-01
-4.097796244472098892e-01
1.700715503888239610e-01
-4.088180285266023728e-01
2.606105878873792303e-01
-1.000000000000000000e+00
1.465792717829421110e-01
-4.784543059676961141e-01
1.702391027974001214e-01
4.234445515957752093e-01
4.044696619234437462e-01
-7.864895545558681089e-02
-1.084402877924769831e-01
-1.838161174636929740e-01
-1.743144277708148504e-01
-7.015123641342196903e-01
-1.695156872862816078e-01
-6.213050429318718315e-01
1.946319060490197539e-01
4.899220929632058796e-02
4.149279203578551400e-01
-3.609155787835355289e-01
1.554932152699319281e-01
-4.518966865696965457e-02
-1.064575689727028096e-01
2.251977092286104598e-01
-1.802855191009062608e-01
-5.742910944400434620e-02
3.224222974358275512e-02
3.426084981600897028e-01
-1.214319110550123315e-01
4.735055431062737963e-01
-5.600593912193867208e-02
2.335159550492893824e-02
1.393175235855725891e-01
3.565888380167015481e-01
-1.281274151231747982e-01
9.120788445137210931e-02
4.253882656365426396e-01
-2.051325242329695708e-01
2.705376572163623039e-01
