2.928278868452288686e-01
3.338866604676031524e-02
-1.289938513209190098e-02
-9.391116746661128459e-03
1.981617098853756531e-01
1.451996789018069611e-01
-4.067404999132734900e-01
-1.812848674098857804e-01
-3.465117396518923587e-01
-1.183876410863371476e-01
2.714238975732022885e-01
-2.536164948529890176e-02
2.258792080982461314e-01
8.391513637251915916e-03
-9.141384659017363912e-02
-1.746943436699391616e-01
5.651715469460953933e-01
1.531176381004080433e-01
1.423326812817115976e-02
3.427144352213850609e-01
-4.644917424723698507e-01
5.522691969233912285e-02
-2.902274035114089847e-03
-2.996614880261517788e-01
-4.349236403257249889e-02
-5.751347741459816865e-01
-1.114820358484283624e-01
2.413637593052345987e-01
-4.269358656896359294e-01
2.505102603657935467e-01
-1.887899474058055416e-01
1.051048840568418047e-01
-2.224368558341481283e-01
1.245107051620394645e-01
9.229498481839214230e-02
1.405613951046717491e-01
-2.566682422802295527e-01
-2.035115043901572773e-01
-9.950372736306936292e-03
-1.047420969382863304e-01
-1.263262970588456824e-01
1.814805925914726378e-02
-1.108271194563053286e-01
6.638587576276332447e-01
-7.591449194189550664e-02
2.063722316445781857e-01
-1.695673664704582528e-01
1.036001342529633967e-01
-9.592423371519775976e-02
1.490741233297598715e-02
1.466960771232822536e-01
1.464452446111883799e-01
3.230019458406388488e-01
5.342594987919579985e-01
8.361712086998285276e-02
-4.574644279909387823e-01
-1.390414458012240728e-01
-6.667147346164706834e-01
-4.682179762572305504e-01
3.214333830319510699e-01
-3.209330257029972544e-01
9.628354165401812464e-03
3.286394195523071882e-01
1.780374851625678712e-01
5.268014656351273084e-01
2.901565358820667462e-01
3.269130200473347458e-01
-1.589300356890021859e-01
-1.095604355765265742e-01
-9.173042692044976187e-02
-3.017074106690224508e-02
4.105207314663200102e-01
1.521263402809655274e-01
8.871139500636690545e-02
-5.051052259793288590e-02
-5.980884751109044606e-01
-1.576426354590787782e-01
-2.172505699062416695e-01
-2.600445097690131102e-01
-8.687415531119309364e-02
3.832448166148532676e-01
3.159042484372589360e-02
-4.985952798463759716e-01
-1.557278752216158524e-01
7.899150829117787542e-02
-2.727345517196467714e-02
-1.870992498466942378e-01
-2.503440898088774569e-01
1.631949384508455669e-01
-2.971268966066459641e-02
-1.878275769611752188e-01
-3.667584594142341281e-01
-1.216455991914298235e-01
-1.259982654368980159e-01
-3.505494208679542090e-01
-1.845369844322139741e-01
-3.625036255813239294e-01
-6.727143870656449032e-01
-4.678377156285890015e-01
7.315160652247483519e-02
-4.205276891348669333e-01
-1.324865635433933042e-01
1.591855965685043395e-02
-3.574648948265169435e-01
-9.507540275037686117e-02
-8.709834686531126025e-02
5.316915470952661149e-01
-2.601735255195620766e-01
3.688971255912902869e-01
1.828823853448050263e-01
2.243896019287131560e-01
-1.448329981358223995e-01
3.498065722633912911e-01
5.420466994967840790e-01
2.817049131830381276e-02
-5.795349790549093605e-01
3.855959450998405758e-01
-2.320620208845867172e-01
-7.081811722855516078e-02
2.270586002621501065e-01
1.957424401042349993e-01
8.198657794699944212e-02
-1.600354886081516714e-01
8.803238991857706419e-02
-1.849825960762939425e-02
3.006204769356567441e-01
-4.983480139950073884e-01
-1.320643688138846937e-02
2.555159760698215710e-01
-2.481270819704821037e-02
9.784797034998415910e-02
-1.356243473347723549e-02
3.202862244785749657e-01
8.737500731084482664e-02
-1.742460097891254112e-01
-1.863488668064421441e-02
-4.554102326116148819e-02
-2.072707522077968378e-01
-4.860561376720998195e-02
-2.533326960635496894e-01
8.876698856457340692e-02
-5.309339182411944996e-02
-3.586299725212695466e-01
2.621191998178029961e-02
2.283697567326295474e-01
-2.516555019225379386e-01
2.599706541518377878e-01
1.816922586240413418e-01
-7.468800988314340528e-02
1.186711312005628571e-01
-1.908317638598694688e-01
8.914100787220688438e-02
2.928866334405866856e-01
-3.624162126617479496e-01
7.452281688297701656e-02
-7.088997433668813297e-01
4.849645007906305816e-01
3.030061576038988735e-01
4.743544919882081851e-02
2.814799480967652978e-01
-7.215051974224963027e-01
-7.395766712351779792e-02
2.663314262203435034e-01
-4.777631382904577451e-01
7.036358147152307341e-01
3.923259169940489510e-01
-3.351261806546570465e-01
2.443933971092401292e-01
-5.119236271746176181e-02
3.800257558127561990e-03
-1.876058734204780632e-04
2.769217280976767753e-02
1.057396698718129219e-01
-4.846826306973090609e-02
4.514765629068891450e-01
-4.317520020288664884e-01
2.531675114050922493e-01
1.110414422165357101e-01
-3.434008418897759873e-01
-2.260722772389721635e-01
-7.943267109495412426e-02
-2.269345408533822092e-02
-3.843679666545755103e-01
-2.590352199207947639e-02
1.397906718323982111e-01
4.533720990042416354e-01
2.809675171426111451e-01
-5.435201261023481223e-01
-8.816570072050919360e-02
2.509784285220767464e-01
-5.238688398507116428e-01
2.351565019678112656e-01
-5.553160034482700347e-01
5.104833726459994114e-01
1.863670042389381221e-01
-3.256448763879060126e-01
3.764276322954694387e-01
-4.076199543147758508e-02
4.142550667316808322e-01
3.937363345462192021e-01
3.699956982968202746e-01
-2.010951717490683591e-02
4.155797490847135817e-02
2.505521120511403632e-01
-2.787195995404913029e-01
4.841533474893105482e-01
-1.476000605700109037e-04
-3.212132120521062895e-01
-2.641908186462070818e-01
-8.905117640228844555e-01
-9.879323639645408439e-02
-9.500861309074523642e-02
-3.170679048637121134e-01
-1.702574315865018062e-01
1.590628168010296828e-01
-7.940968328501234186e-02
3.479001304297722474e-01
9.329451908079007538e-02
1.842553555506231955e-01
-4.754987627798261118e-01
3.401202124380659636e-02
1.048504825189793127e-01
6.286144049882358420e-01
-4.275352749430020860e-01
3.218764057429159275e-01
1.839231335590186811e-01
3.316405703369034175e-01
2.539357188727740522e-01
-4.696651369647093510e-01
1.180754631458988263e-01
-9.602848640438035877e-02
-5.486265867083602865e-01
-2.865565826725458010e-01
-4.742120266077379243e-01
-6.375104040206945877e-01
-3.638653812651947983e-01
1.467423561492496864e-01
-7.303621908635249405e-02
1.112933324761326143e-01
-1.282557931601233381e-01
3.173619986206392407e-01
1.440285781901733675e-01
1.142754883166788443e-01
-2.309885042679114125e-02
-2.043150384235760675e-01
2.789792591917157893e-01
-2.996939529547572589e-01
2.057589951279158169e-01
1.346119839690300933e-02
2.198373793511724517e-01
2.639526475929426796e-01
-4.252193402838977954e-01
1.821486483274642118e-02
8.267312338442581177e-02
-5.109091500912206207e-01
-4.014210956091081028e-01
-1.149767536962823106e-01
1.164082657116313410e-02
-4.185919519051693738e-02
-1.774032369803078268e-01
-3.173335975600917180e-01
2.681541023494274922e-01
-6.682599377677926611e-02
-3.015323971526217006e-01
-5.877344468943614952e-01
