7.155950676592731652e-02
-2.293501546393032497e-01
-1.304866166270912675e-01
-8.691590370713160596e-02
7.545595490440348829e-02
3.072986659066073711e-01
2.107574551563545784e-01
4.703893323777842000e-02
-5.389658617681611918e-01
-2.515328486655982188e-01
1.475262819883585083e-02
4.939076928480631151e-02
2.447594527984920942e-01
3.554889293322666122e-01
-1.379923889014713079e-01
-2.552668591311612473e-02
5.020578103870085851e-01
-5.819750794010207506e-02
-1.113969638483625346e-01
1.196635691866206747e-01
2.301098583192928704e-01
1.991779450801019480e-01
-2.413371315638117021e-01
-1.321493075003893347e-01
4.315504107389533384e-01
-8.914488767643970191e-02
-2.722545188397684779e-01
3.942911579255907739e-01
-6.753656502406939488e-01
5.034715381714280347e-03
9.765606870915202742e-02
-2.267732933566013187e-01
-4.748434945071913077e-02
1.260374803922855932e-02
-1.475349198579261611e-01
-3.049638478274542264e-01
-7.825130078138371748e-02
-2.087678100916162682e-01
9.698720005349548146e-02
2.413046162605075873e-02
2.831434557570573426e-02
-4.947731581008799062e-01
8.851751023184611933e-02
-6.315006249906357505e-03
5.063493652876903672e-01
-4.715973981368555557e-02
1.211526962561687293e-01
-1.264420701960885518e-01
-3.987785685511320288e-01
-1.635360135201520126e-01
-3.003565856572956161e-01
2.922784894021832613e-01
-1.832463824109151762e-01
3.405234916459314864e-01
-1.229730624033678887e-01
-6.420156964540123523e-01
1.481174156822459564e-01
8.935720324977139417e-02
1.310964000088906956e-01
3.897018078310010014e-01
-4.279535398811287750e-01
-3.273603398182673430e-01
-1.997567175709105136e-01
2.823710453869510140e-01
-3.861430076356100471e-01
-4.692555107316300766e-01
1.562445440118493192e-02
-2.836015512678459194e-01
-4.740212294770262402e-01
1.655866349307557606e-01
1.818736680794534877e-01
5.036617159968816843e-02
3.798442532615942668e-01
5.775511943787043495e-02
-2.476900291722674285e-01
8.207153393230087746e-02
8.895635844937130332e-02
1.970968657495974358e-02
3.644128811190121969e-02
-4.107883394175968483e-01
-3.186712912142027898e-01
-1.469771147790898957e-01
-1.761527014417421932e-01
5.632233715344769909e-01
2.876532309110777508e-01
4.416844131226070891e-01
-3.576517044232023212e-01
-4.099002243012818125e-01
1.882606656064959305e-01
1.485891395217815714e-02
1.885330156148685432e-01
-9.094860724323877710e-02
-1.959162988964749663e-01
-3.410439633870812060e-01
2.072142575800113573e-01
-4.139907699115327744e-01
-2.386170170870177132e-01
1.799498053298619338e-01
3.890161509972035747e-02
-8.271125652682422003e-02
-1.067828010950869211e-02
1.020696383147550457e-01
4.476965698401293992e-01
-4.580034426811527837e-01
-5.213707149281521236e-01
-4.760252737744371521e-01
-5.057275828843727644e-02
-2.957443288162951989e-01
-9.025233704729983264e-03
2.846854531001342670e-01
3.396003636343103982e-01
1.210454903902381252e-01
-1.171230436140565656e-01
7.416245346948643347e-01
-1.369613651852263914e-02
1.840629827848412059e-01
-2.975616218723081130e-01
-1.947492466670742439e-01
1.061514780182923889e-01
-4.998170284483229864e-01
-2.487339935257933676e-01
1.342703129418812702e-01
4.368542624770030414e-02
-2.974486859323708376e-01
4.853763710809864684e-01
4.004760249284510798e-01
1.483663142467723517e-01
-4.170732049810721986e-01
1.376270454845475721e-01
-1.137191332451462922e-01
-2.042628173934366853e-01
-2.328701841849456777e-01
-2.632959957009428087e-01
-4.604569492204835246e-03
2.174279342003931637e-01
1.198827300179014371e-01
-2.571727431571099731e-01
-4.305487097433687294e-01
-2.703164733770958006e-01
-2.481940136321661994e-01
6.336069026509688618e-01
1.379466714039747632e-01
-3.691582678432171472e-01
1.081978438215838167e-01
4.997929131729680341e-01
-6.986022150912449824e-01
-1.533611463031695765e-01
3.791604605631741509e-01
-3.834492521082037420e-01
-4.444542664128298126e-02
1.082345901845613162e-01
7.921322589445943529e-02
4.078077295527751667e-01
-1.531739532281816141e-01
2.633267085025710608e-01
4.095475763623281917e-01
-3.029454265909659050e-01
-1.000000000000000000e+00
1.939694470014622085e-01
-1.337870458442051436e-01
1.572797368227000225e-01
-1.439114753106595090e-01
2.210015622137027902e-01
4.293882160530108072e-01
-4.147460743061727739e-01
-6.602078679001056882e-02
6.167604772202728292e-02
2.633238894055765500e-01
1.861605728736799581e-01
-3.746043798561165400e-02
1.465251185773268350e-01
6.962902951530043627e-02
-2.889807749970318418e-01
-3.436310905552074635e-01
-1.020134211994079693e-01
2.792002871857617308e-01
-2.139608225534246899e-01
5.097395750905526768e-01
5.417268372131716081e-01
-6.477247890803572439e-02
1.870741598737931111e-01
3.489171522393894748e-02
-1.096926132883229571e-01
-1.291869184523162239e-01
-3.411755175456088751e-01
-1.434213218788103761e-02
2.776088575958553517e-01
-4.561602036268938565e-01
1.893207448782534275e-01
4.550090535399539116e-01
-3.091252061790471517e-01
3.882016206385426049e-02
-3.086392215341902112e-01
2.440661723013300421e-01
-4.382301183708154496e-02
9.562804262929623655e-02
-3.477021350705854497e-01
2.741657114291974895e-01
-1.918392180996078555e-01
-4.582555124489008647e-02
-1.019842548936233106e-01
5.172352551591946623e-01
-6.556955492825803332e-03
-6.232918421080144156e-02
1.218253573863410238e-01
3.856987641838605652e-01
-1.597826771023488912e-01
1.181586554806755424e-01
1.344579757515021456e-01
1.620040619670778947e-01
-1.311252113332269931e-01
-2.935510369049648127e-01
4.770414355852663491e-01
2.987073565395848007e-01
-2.459807313512558102e-01
-2.078815921626142038e-01
-3.100061063239872849e-01
-9.424253854393276064e-02
7.158252477956857929e-01
-4.255088672753190582e-03
1.064175812591945935e-01
2.539347178127295268e-01
2.536650720173784790e-01
1.244940760391588519e-02
3.358355266335479039e-02
-5.561939090868444069e-01
-9.478767305198025628e-02
3.983742322004996117e-01
5.818921104046370640e-01
-1.054020249533199199e-01
1.755926297303212272e-02
-1.133104190939256684e-01
-2.894173178159035742e-01
-8.789365420642075710e-02
1.604676495252833901e-01
-9.683042948430028996e-02
1.439011171064652206e-01
-3.131227991596456928e-01
1.205826321316483124e-01
1.458562342851840998e-01
-2.039962411209758630e-01
-3.646879212116277968e-01
-6.296902875316917614e-02
-3.606353997497270258e-01
-3.124338388051882687e-01
7.389210593378267578e-02
3.074035874180100492e-01
-2.662057308868783778e-01
-4.025799905131929174e-02
-3.658214129705142370e-01
1.694948005864861384e-01
4.348973857543261268e-01
8.189591425433104255e-02
4.465245712136229339e-01
-1.348340015996501440e-01
-2.108572603131778078e-01
3.372974042297596231e-01
6.495052238853641358e-01
3.091135823041362557e-03
1.932812254806715591e-01
2.304670674095989635e-01
1.494784491429357598e-01
4.833725940317342706e-01
1.377283318375054910e-01
4.392830977724353492e-01
