2.749762484534556961e-01
-2.820490483202471588e-02
1.318704964593038209e-01
-3.406121933385423961e-02
3.648185205632628048e-01
-1.380186790158953736e-01
-1.651404631400628098e-01
4.932540509939166706e-01
5.337369244319863926e-01
-3.955110394020158737e-01
1.691178940468228142e-01
-4.653785648486353371e-02
3.888861172744847994e-02
-1.856890412294985304e-01
4.248650570706464791e-01
-1.858695958907916057e-01
1.583127271126281987e-01
-4.126538705341578073e-01
-1.606508127852709633e-01
-1.213779825404740081e-01
2.003775067436580626e-01
-3.889850236570298048e-01
3.982745667276444967e-01
3.965512777237441555e-01
-1.911190426770005002e-01
-3.424477399008994949e-01
-5.569769517952325444e-01
2.334137969986421757e-01
-2.798107668012584370e-01
3.791641297265929689e-01
3.249587180324474689e-01
4.891959398327743597e-02
2.768741871855005532e-01
5.068643577496284580e-01
-2.418375683995081515e-01
4.342388573458088041e-01
-2.762528929411382506e-01
1.974242702086993762e-01
-4.503749312217098510e-01
2.693007704296557225e-01
9.813159684956035411e-02
1.591613457342984095e-01
-2.141330985748424176e-03
5.924226041394142078e-02
2.100306981367768833e-01
2.623020497216388414e-01
-7.855495937449814489e-03
9.105850219837616222e-02
-4.968919312827883572e-01
-1.509889818874324829e-01
3.044472011918243973e-02
-2.630506501359481941e-01
-9.640981399509779282e-04
-1.098615622325903873e-01
1.707239454293635050e-01
1.229693132899815217e-01
-3.929735160366866764e-01
-6.424628539550383474e-03
-1.845012493743096726e-01
1.960018074337663285e-02
-7.864011671516850654e-01
4.035432854065358899e-01
4.458913860915700300e-01
-2.547260002392529588e-01
2.208243589957461506e-01
1.725864037624258440e-01
4.774670959577964786e-03
-4.437312267981601832e-01
7.650708117422404253e-02
2.272300035439271948e-01
3.621059131539674514e-01
-2.021038412354889957e-01
-2.450833338866218458e-01
-1.516111153267923062e-01
6.931700297130907740e-02
4.485962601078166689e-02
4.108483052290612392e-01
2.486902701414729078e-01
-5.241361240470938931e-02
-1.350206949365014841e-01
9.298374468412515248e-02
-8.080619430242985679e-01
1.572345005452576577e-02
-6.586070124661355107e-01
-7.126401084548890374e-02
3.759164954456773455e-01
2.048945776901264088e-02
6.905414959258286689e-02
-3.631417041173808924e-01
-3.275712196667525111e-01
3.869036288610679941e-01
1.247530080379552347e-01
-2.618602634167755405e-01
5.039480224807560416e-02
-2.786646943262237053e-01
1.649339831901094899e-02
-7.239276471449664907e-01
-1.133154391508695014e-01
-2.637170307508135414e-01
5.013848074894308171e-01
-1.443221111544119306e-01
1.076126184667475644e-01
2.697438595631187486e-01
2.776457634163895793e-01
8.714639921611720685e-03
7.081100989866951911e-01
-2.966870022298358500e-01
-5.422320654548375973e-01
2.827523805156326175e-01
2.427646213381490781e-01
-4.971667213768524163e-02
8.999089545555401248e-02
3.085074948505291959e-01
5.723085539040879688e-01
-1.993615197478384726e-01
-5.162991144460969684e-02
-2.110201522033149923e-01
-1.187432190394400733e-01
2.033011967956120103e-01
1.055502211267409646e-01
-2.765917830401715127e-01
-1.351647694446739267e-01
-3.119806355563109479e-01
-9.639243076896576376e-03
5.889259173555275728e-01
-4.225268730965085068e-02
3.773204294981449269e-01
-5.896758022118148146e-01
-2.654702535037785083e-01
4.557506272059181351e-01
-5.933726622692576946e-02
-6.901503730377182844e-02
-1.858569370229943007e-01
6.329940218432072996e-02
-3.777822640368532769e-01
-5.037615703188757371e-02
7.718443230939107946e-02
-5.895024623003232156e-01
-2.317421502722970539e-01
-5.327552527846649566e-01
2.287364887653257073e-01
1.636652501304127760e-01
-1.538602921298677928e-01
-1.291450197545127021e-01
7.654909638718496723e-01
9.405292160713425442e-01
-7.074505791510575514e-02
1.383142188112604642e-01
1.730144273897669394e-01
-4.592227477478035003e-02
4.355891522400259785e-01
2.550719827157735264e-01
-3.111558521520303433e-01
3.701299713102155775e-01
-3.238011722613323012e-02
-1.969346105415867298e-01
-4.970927830846562090e-01
-5.789314223228009260e-01
-2.313008647278674002e-01
-2.241454707392600554e-01
2.154183173068680568e-01
6.328103474206936419e-02
4.611349253189060693e-02
2.940929811126959947e-01
-3.229754656382193279e-01
-2.176775081884891327e-01
4.210292713054751279e-01
8.490418438176704219e-02
4.406618306031990784e-01
1.400124777935104481e-01
2.403079734896216013e-01
-2.976379341021117009e-01
3.238100706391118522e-02
5.252153145584025074e-02
-7.093574849055478415e-02
-3.755413084713578598e-01
-5.344416211011512180e-02
7.459852470501050770e-02
3.155169468657527121e-01
6.208302159313193735e-01
3.231730594283996894e-01
-4.853118304310463094e-01
2.953849105936801056e-01
3.892263410709445592e-01
-3.744481163292899817e-01
3.253997388082005005e-01
1.666684742870771785e-01
2.532948021327817434e-02
-4.828284155184991433e-01
-3.072648655980199650e-01
1.081399425750474708e-01
2.991717782006676485e-01
1.168833602962914969e-01
-2.504805965883364349e-01
-4.810089513036520104e-01
-3.492098785397728666e-01
-2.464481400608854456e-01
-1.876116013897542734e-01
2.678310927324772939e-01
2.376958593831347555e-01
2.946995569039127516e-01
-2.408985996474802826e-01
7.773391567781541278e-01
2.917456895602921207e-02
6.877759346575204047e-01
1.383966675044778771e-01
4.230396827624421374e-01
-8.860018544663315898e-02
-5.797364475024224806e-01
5.676450066768828906e-02
1.544046064243929095e-01
-1.602866258730799021e-01
3.691852906701603709e-01
-1.820768344082438206e-01
-4.261657618038712791e-01
-7.926590974041171356e-03
-5.169855863464899448e-01
3.794385314071666016e-01
5.452621046312016162e-01
-3.084981590111249838e-01
8.622265125888950443e-01
3.083393380724891997e-01
-1.597470165639232331e-02
-2.939876295071353063e-02
1.285163058206019171e-01
-1.353275428802352409e-01
6.184837910523133253e-01
-6.399842461808595839e-01
-9.192753249250032455e-02
7.484586683627172943e-02
-2.078315138979239252e-01
-2.859003377592553991e-02
2.116143628334063442e-01
3.068476573989388223e-01
-1.046049866695356462e-01
-7.735378845206901388e-02
-4.296865178604422075e-01
-2.272102854193446680e-04
1.744834526703455124e-01
-1.831836919289204224e-01
-3.814017678177909487e-01
2.188580188169410579e-01
8.113918795736094203e-02
1.561705061399727423e-01
-8.990840736894134544e-02
-2.608020327409705033e-02
1.791242234144039824e-01
8.649262642787263200e-01
6.026364162888488141e-02
5.296595380482124193e-01
-7.850123060314817547e-01
-3.084130794684353249e-01
2.787729448487140660e-01
-9.948260897067172370e-02
1.137062874508608379e-01
-1.189089407596999187e-01
-2.904291662282402695e-02
5.840672919901717108e-01
-1.599739931452094921e-01
-2.588910619990739681e-01
-9.406547345336624399e-02
1.333190794878605645e-01
-4.375513147012002196e-02
-2.315769348028083874e-01
2.081777637572584938e-03
