1.683302014989467021e-01
1.434663057681839771e-02
6.476892847490432759e-02
-9.955933328309460317e-02
2.619937879555249149e-01
2.998642204166098724e-01
-1.159730644241726560e-01
3.460493064222029957e-01
6.337306837161876816e-01
-9.530331147353930665e-02
5.939830510389718654e-01
-5.730614959125308605e-01
-1.546854946556109334e-01
-1.966111018463880325e-02
-1.984258959118636034e-01
-4.679995452059373950e-01
1.886634525644104721e-01
-4.007429643982347578e-01
-1.534721583761919361e-01
6.292420687087074693e-03
1.444100042154144170e-01
-3.927042848913277484e-01
4.915707642526999654e-01
4.697461058544175616e-01
-2.923377023951711506e-01
-3.276641054605188841e-01
-1.271902771401254850e-01
2.321217241546901233e-01
-3.491580362023988804e-01
4.078550441047143482e-01
3.053306340741472336e-01
1.065875452254461536e-01
2.410963588500356358e-01
4.208708753724441087e-01
4.845740537122160130e-01
4.610827503676971917e-01
-4.803985441419003077e-01
2.394077545060787349e-01
-2.938066068164396638e-01
2.292676942439450249e-01
1.104024700951259375e-01
7.214890417169209091e-02
-1.415025364609542591e-01
4.070001215813315865e-01
2.273677298741870745e-01
2.629987030609958198e-01
-1.652914769838188455e-02
1.558392471063696771e-01
2.833993423078507226e-02
-2.016144449188372045e-01
-7.565347889751314336e-02
-1.914195073167812289e-01
-1.234793455746059365e-01
-2.235742473286644535e-02
2.588449205423927757e-01
1.654885200970557801e-01
-3.644869199008989868e-01
1.775881321254064310e-02
-1.046583105056692053e-01
1.328220329016210552e-02
-6.660609682287031985e-01
4.141179616701636812e-01
5.445963331989212008e-01
-3.795049206865505065e-01
1.863373108350579732e-01
1.184985951387587666e-01
1.168049513733475098e-01
-5.064093445499263657e-01
7.650708117422404253e-02
1.012700417778748530e-01
3.228681469786947034e-01
-1.827082466179586473e-01
-1.342832327334734788e-01
-1.962318409062310254e-01
1.156272811071626105e-01
-3.213463079028127667e-01
-2.164367994902433590e-01
2.996724424154603716e-01
-1.162019345553300109e-01
-2.287489216554692562e-01
1.037342192883520947e-01
-9.066258647253633285e-01
-2.060049048071056765e-02
-6.223820380784936823e-01
1.438357091996803894e-01
3.230768555723911861e-01
-8.176971700222439299e-02
-2.016075218434670163e-02
-1.764667143324205600e-01
-2.492212339592251025e-01
3.490039450415494682e-01
1.265373095229518352e-01
-1.581354664748554073e-01
1.988330870343811285e-01
8.508932590592216405e-01
-1.202303289176057666e-01
-4.096100829503219187e-01
6.791816262893969613e-03
-4.600602989895281603e-01
2.016083242837954370e-01
-1.339792346108988341e-01
2.300916023195231919e-02
2.242350142123668011e-01
2.178829377949353940e-01
1.838194163732075892e-01
7.718740004894599771e-01
-3.735606907102677066e-01
3.032636243162317030e-02
3.187415284672661664e-01
2.223899901330540496e-01
-4.128967540511206680e-02
7.107799899219875706e-02
2.098954687052923540e-01
-4.154251987716136019e-01
-1.310112425659210045e-01
-1.013815598158439579e-01
-1.898613029267202379e-01
-1.467377567057648879e-01
1.780631418265055110e-01
-7.138257369527410690e-02
-3.639615022439127712e-01
-1.511832501066547874e-01
3.699306480698966865e-02
3.649756529109028647e-02
5.127038195253019737e-01
1.876429382243310351e-01
8.977650729914067596e-02
-6.012390285596543871e-01
-1.513797945122884181e-01
-2.277107209813449828e-01
-3.217262962318769015e-02
-9.577483983713175331e-02
3.878367705609582494e-02
6.677335216436639520e-01
-2.003154722676754318e-01
-6.761423157676189899e-02
3.860431278081685041e-02
-5.015276322354517147e-01
9.160717638208663860e-02
-2.079814704246205348e-01
2.640343767337662850e-01
7.695491650252644922e-02
-1.631411188360180342e-01
-2.854160347325256919e-01
3.245918983146516279e-01
8.481977609371627036e-01
-1.294101076695987895e-01
2.941281480866649312e-01
1.879000505891663675e-01
-1.072342184472334196e-02
2.472767538516275621e-01
7.810758667395874266e-02
-3.443690803974862047e-01
3.421433732547028983e-01
-1.156648036230962656e-01
4.235101493883085544e-01
-5.496183839376306279e-01
-5.602661862020347217e-01
-1.961155639548848861e-01
-2.119042454482440163e-01
-5.328048619535521446e-01
1.479630651557272136e-01
-4.748939846883983018e-02
4.143583254538462102e-01
-4.624280820909159595e-01
-1.284718555457633749e-01
4.974160400830069939e-01
1.138922962151360380e-01
4.667940638390178920e-01
9.736539556944476259e-02
1.083848870915512935e-01
-4.225787978012387480e-01
-5.106212781066375023e-02
5.485418080632643856e-02
-2.529019333570438344e-02
-3.024892135156543871e-01
-8.462175665918132694e-02
1.264417009550489190e-01
3.041112716170528141e-01
6.404301041656942362e-01
2.648446155381848355e-01
2.435114965630696682e-01
2.412080682200138937e-01
2.046410149237394283e-01
-2.475877248411691711e-01
3.230220693343417993e-01
1.073329710238797030e-01
4.486682977904000308e-02
3.348795396121883455e-02
-8.350924701147910412e-01
1.458723532880654150e-01
3.298825360357677261e-01
2.041089483434946339e-01
-1.458235447355743786e-01
-5.854672339963855610e-01
-3.317927628618843050e-01
-1.285863941579307723e-01
9.882821986567023875e-02
2.443035041668848439e-01
2.575247832783859603e-01
3.306665630193200700e-01
-8.354864424457504601e-02
5.983777060898073374e-01
-1.189581604234464240e-01
-2.099849165294278286e-01
1.133973164150747365e-01
3.644896165386397602e-01
6.235878581127046044e-03
-5.858269207603479245e-01
8.225699079828073523e-02
2.814438152069539401e-01
-1.492821492282229157e-01
4.645860389077512420e-01
-1.713580554182095872e-01
-4.175416661181042266e-01
7.124554736204689875e-02
-5.701827373854110315e-01
3.727221273497569598e-01
6.385741790786750860e-01
-3.445373804709346288e-01
8.253456248929476047e-01
1.996816919834927817e-01
1.403625264286321658e-02
3.086498512954298501e-02
2.675077548830786522e-01
-7.436807281416453475e-02
7.394391812758180915e-01
-5.656870342860791379e-01
-1.072805953483254443e-01
2.156726928347261346e-02
-1.548881638890524937e-01
1.057313642471327531e-02
2.207652701870475853e-01
3.193784198508773375e-01
-9.297587623557908298e-02
-3.295417477162314035e-01
-3.460626329002892687e-01
1.480096195503793899e-02
2.515660371081920865e-01
-9.352438282316935525e-02
-3.531302007741236038e-01
1.818497150306876142e-01
6.835298866678866936e-02
1.120849751585856896e-01
6.969106162975241547e-02
-3.798972012861685787e-02
-1.892607797149979953e-01
7.884837470079332222e-01
1.454571181682715875e-01
2.979527201639935452e-01
-8.418556651556367010e-01
-3.109472778540784410e-01
2.069625848996808903e-01
-8.621206943921402854e-02
4.478390909734508707e-02
-5.575883361768913665e-02
6.672712059571934973e-02
5.612044460358202036e-01
-1.197681848427297746e-01
-1.669314275217100574e-01
-1.262058478351892887e-01
2.050752459452664933e-02
-3.502677221925755147e-01
-1.475346076167995402e-01
-6.951536306684231309e-03
