-3.023567426244730405e-01
3.263853725766607261e-01
8.374829296424135539e-01
-6.003774539217117401e-02
-4.269145155100866895e-01
-1.417783560185008895e-01
4.479710851697579765e-01
4.254590484578047449e-01
-1.301455948195978374e-01
-6.270549880234930207e-01
7.331334900226171500e-03
-2.474011462929012750e-01
-3.231762088837863978e-02
-2.472201285225978096e-01
-2.179308772413060258e-01
3.507250470430894329e-01
5.062176491718727300e-01
-6.419002021839496919e-02
-1.559603912042365481e-01
4.704810341462931783e-02
-1.652538587732738651e-01
7.286766237435388094e-02
-1.511732790006786384e-02
-3.968340078695350437e-01
-1.779154400007050274e-01
2.610165542712413189e-01
-3.371308175341105606e-01
-8.167398251779436902e-02
1.268005440057171362e-01
1.924220928393709784e-01
-2.294693297239280561e-01
3.169758748458441078e-01
-3.277909389749674579e-02
2.249680481924953013e-01
-1.470137393662901970e-01
3.245911449823833950e-01
5.404339984805892755e-02
-6.233985382878311568e-03
1.498983106175774127e-01
-1.019915556824784082e-02
-2.263706688867666433e-02
-3.972201437179481709e-01
9.881612274792944683e-01
2.630729165059115804e-01
-3.782195748516756217e-01
4.152814504771789594e-01
5.984483242208903375e-01
-1.922838954091176666e-01
-1.949232640238514683e-02
1.337726935842490916e-01
8.779843956165723703e-03
3.741258425349026084e-01
2.828683941013299119e-01
2.223901418106893346e-01
-1.419943052959109497e-01
1.834109075082677731e-01
2.644533298926305953e-01
-5.143013854065368873e-02
3.161874973223326446e-01
1.700406139533230665e-01
5.232215026485850240e-01
-7.305371950984314300e-02
5.017389195428959558e-01
5.736782010615515404e-01
-7.451798498751376933e-03
9.611352384335742904e-01
3.043643914777580117e-01
3.241667996848425215e-01
1.701499896890408814e-01
6.826450159893111547e-01
-9.365198114570900956e-02
-4.096302406412144492e-01
2.669628527320476175e-01
-8.589122800988858997e-02
1.020147862360541585e-01
3.885673755671064100e-01
6.514607332804202289e-02
2.958412676599632696e-01
-3.643741685012914094e-02
-2.230749894842402326e-01
2.463794109434875312e-01
-5.884190691197687534e-02
-3.727070045860587655e-01
-3.000480445358352441e-02
-8.868784004573511404e-02
3.102463579179502440e-01
-5.097327496744480380e-01
-8.358025189541805344e-02
3.840653789754882586e-01
-1.657055189780863233e-02
2.064944965601324955e-01
8.009891510852358565e-02
8.371763428346327756e-04
-5.153461210239124179e-01
-4.186746998454080743e-02
4.564538878116020659e-01
-3.293268207543012527e-01
2.654935539991981064e-01
-8.634285982503223100e-03
3.159678608637196406e-01
3.103145579860972503e-01
-4.250120971513311474e-01
-7.031539810424488647e-03
-8.343272789454884986e-02
-3.979192383376965458e-01
8.510819211550459118e-02
4.135148135696475324e-01
2.872175289875347759e-01
3.883580782007977628e-01
-1.112660453059260562e-01
-2.322492467162917337e-02
3.104459559763844689e-01
-4.914344258902820367e-02
-4.163695461562423074e-03
-3.129308585830797296e-01
-1.125502198227745602e-02
-1.691647256644425446e-02
-4.916679586364411936e-01
3.805828691112268514e-01
1.381197992079085946e-01
-2.357962110765846886e-01
-2.093115002839543992e-01
2.295599873044699701e-01
4.400876536222327329e-01
2.246859618450347262e-01
-1.517520960074067171e-01
1.184333265401693175e-01
-2.754651512385914436e-01
4.066261690874914403e-01
-2.547565559594550111e-01
1.413366080564334992e-01
3.975852998301371288e-02
1.094928594986144116e-01
2.123662484619755764e-01
-1.350847192265407781e-01
-3.423428637434233202e-01
1.378210388823206990e-02
2.707018138259120396e-02
3.411664204000200429e-01
-5.314042758568944258e-01
-5.154844074455204872e-01
-1.334337034229937380e-01
8.203517166782692271e-02
-2.016275862535905350e-01
1.673937568266768705e-01
1.604564655011256058e-01
1.741407207511200261e-01
4.047290637321276363e-01
-2.208189188899928601e-01
1.346661066750538538e-01
5.211520437098802333e-02
1.327803969117038740e-01
-2.151438118989920378e-01
5.681935788051675068e-02
-3.989986805877736020e-01
-6.612658742283973323e-01
-2.320865955007702097e-01
-4.933355339540207440e-02
1.101733922325747461e-01
-6.365304595345705474e-02
2.130850441582921306e-01
-2.325484493756290461e-01
4.592746622859213979e-01
3.165002405821926712e-01
-3.622511994168896021e-01
2.018439331562193184e-01
-4.194446546897050432e-01
2.371296315084063244e-01
-3.638030627152460950e-01
4.143698432371754614e-01
2.811291717128583389e-01
1.849155385788159023e-01
-7.532479555538236504e-02
5.320346846615969794e-01
3.653337440730795582e-01
-2.516538873486764971e-01
-2.892952495785528488e-01
3.715580238145536063e-01
4.472185448280419778e-02
2.220705311921896963e-01
-5.911842635980134597e-01
-2.460795055864971326e-01
1.550278418977986683e-01
-1.859123003453126699e-01
-4.711401439373923972e-01
-1.390067451788291886e-01
-1.449763915433252004e-01
-2.702084878915551047e-01
1.554091539509123709e-01
-3.418664102886214140e-01
-2.484613286407118260e-02
4.317990846420904361e-01
-1.639310499419689704e-02
1.480426631539691062e-01
2.581617136067815843e-01
-2.645266777736126618e-01
-1.304800491679607155e-01
3.964809424994443776e-01
-4.454275345623931459e-01
-2.286628341293722722e-01
1.095839241785022955e-01
3.290672200437361750e-01
-7.650545548170686883e-02
3.194296334272097027e-01
1.619515885277107714e-01
-1.482924450242167624e-01
1.565270866482705581e-01
1.077954553200746318e-01
-4.048238500958940556e-01
-4.142028720867617642e-01
-2.017379748948690266e-02
-1.223879006739069103e-01
3.475099491318489053e-01
-2.413748590047258558e-01
8.884727029004342302e-01
2.330310519094579147e-01
3.815183923580802716e-01
1.115112579255470443e-01
-6.317965081489090862e-02
8.159731815139416311e-02
4.836870928245657897e-01
3.222892719745898971e-01
-3.756976719280327170e-01
-1.273700246757094867e-01
4.607253975109698585e-01
-5.244783606739430448e-01
2.519017517383301263e-01
1.117798991691950766e-01
5.390659198781113659e-01
-3.774611350153383449e-01
-2.434546251400753203e-01
7.015753267757990352e-02
-1.807311936836319965e-02
-2.517392257834570324e-01
4.665125681627344673e-02
2.156477617733940644e-01
2.147568518301804508e-01
-2.866197800709780474e-01
1.621175109149054494e-01
2.411056771727285997e-01
-4.949368962183811615e-01
4.435455845828006893e-01
-2.610877087013704356e-01
-1.228600179043737306e-01
5.585907655772854863e-01
-7.551988705057306461e-01
9.846778094172234722e-03
-2.116259494718167600e-01
1.550354274165185176e-01
1.913801373581383858e-01
1.558126092833403142e-01
5.650654786807441932e-01
-2.093465387553000434e-01
2.143960360457275727e-01
1.348966763096344501e-01
3.675175320622369179e-01
3.157706536193542746e-02
1.591353768222628362e-01
5.766731231852920830e-02
-2.394303960659705244e-01
2.060997788498391270e-01
3.508917075508001249e-01
-1.764614879513354551e-01
4.404011293743827493e-01
-7.563048343714336985e-01
