2.056225899915738731e-01
-1.583244722078856748e-01
-1.693574121490473983e-01
3.405919839845811259e-01
2.286614351388506217e-01
2.857739066546367002e-01
3.472165727904656385e-01
-1.801898455767368332e-02
2.102413611908358348e-01
7.325238110239100375e-02
3.143005636258841551e-01
-8.748731876074553049e-02
-2.891120974614330152e-01
1.864737326981589782e-01
-6.335652375871676789e-02
1.576296980788375116e-02
-2.740155316626476448e-02
1.846899662126720021e-01
1.425516301508239492e-01
6.262728797149250126e-02
-2.363811949054295813e-01
3.565334725843719577e-01
-3.474983277204874432e-01
8.856549883959098646e-02
-6.423285073540874190e-02
1.734053771004974986e-01
7.890532837198055427e-02
-4.019844503983818762e-01
-3.451531497196890230e-01
-2.144317289318465602e-01
-2.339694038424798214e-02
6.492277785018200909e-02
-5.824321279215692593e-02
1.352425255833405449e-01
4.754692200631391308e-01
1.187659215097029292e-01
-3.666046116448232195e-01
1.283550394726963237e-02
-1.740349285516475109e-01
-3.102979150651771767e-01
-2.966939633666366150e-01
-2.914607033612536258e-01
-5.393677297335634085e-02
3.345231629866105005e-01
-2.475157757532711611e-01
6.827314774084177751e-01
-1.101492845883020183e-01
-3.559823492788174448e-01
-2.069821376113419042e-01
9.970326043342409017e-02
3.396565684875337277e-01
5.263338637728564029e-01
-4.177155727005993913e-01
4.584205759148505810e-01
3.510375020316943151e-01
-4.207245902473103483e-01
2.146858308382270861e-02
-1.272541827409732207e-01
-3.663559316944239863e-02
-1.440743635459378336e-01
-4.545151645306079180e-01
-3.745367469093913715e-01
3.239841532249657791e-02
3.148077437081931440e-01
-1.222392905395141005e-01
5.031916761338924710e-02
-1.464018659461249761e-01
3.431902007405776556e-01
-2.464148694518344396e-01
-2.038619667927556445e-01
-1.394579868480088081e-01
3.024423490652056873e-02
5.649438113538061135e-01
3.707880560624650657e-01
-8.210530322212441501e-01
-3.849208949828629156e-01
2.342177235707677274e-01
3.398678528426904433e-01
-7.626858057251496570e-01
1.982493598164726811e-01
-4.697738307891596299e-01
-8.383965316417221758e-02
-3.719242531646999583e-01
6.911998049653080012e-02
-4.346463297124062986e-01
-6.899189484885426271e-02
-5.767800467604722314e-02
-1.829350974488332393e-01
6.594986438696115449e-01
6.487801473351567649e-01
3.276178911442717001e-01
2.486013753493596101e-01
-2.448950919728995479e-02
-1.951961948638087502e-02
1.666206745112079612e-01
1.996026647381648200e-01
4.939791610014878098e-01
2.446480036940366920e-01
-2.581258127927123502e-01
-1.344236357662034753e-01
1.215406295754832972e-01
-2.696857573263421459e-01
2.249656357254036509e-01
-2.420638321170264784e-01
-2.609158024358985972e-02
-9.905611150832799305e-02
1.158937865039197379e-01
1.676433532751972211e-01
6.227109833304292907e-01
4.894026040132213318e-01
-1.212219919160978376e-01
6.183577718149652069e-02
-2.134463663018188184e-01
-7.219624654574983980e-02
-2.431519917937302044e-01
-2.375927280434119160e-01
-2.279071855355125908e-01
7.012952390301212535e-01
2.914189800466636671e-01
4.827221685399838425e-01
6.249635664332327256e-02
-1.698746767770253907e-02
-1.085743837758173375e-01
3.304842861861709280e-01
7.172992730123363414e-02
-1.624767963313014651e-01
-6.528054758401986846e-02
5.217612580053641869e-02
-3.829685927842855775e-01
1.009611375168342345e-01
3.489810279511686986e-01
3.427502306029853174e-01
8.255824405683927225e-02
-5.903017957564686835e-01
3.388720175484505881e-01
-1.040721059638184537e-01
-2.940721124208174886e-01
-3.082565787077569119e-01
-1.392462097731297400e-02
-4.411345091357581905e-01
-2.015563289382240331e-01
2.584750058987246302e-01
2.651425584176812095e-02
2.430832747389962412e-01
-6.704585577836262578e-02
5.813204448492694659e-02
-1.697393930327655009e-01
-1.732344497903363367e-01
-1.260836113879893750e-01
1.806657030650683504e-01
4.306585046055878829e-02
1.712299446180700901e-01
8.697989926427208973e-02
1.578284271422970841e-01
2.892877951729408981e-01
1.022698049971464129e-01
2.136660728751912097e-01
-2.314992947105606602e-01
-1.478210155346720844e-02
-3.444458964054758487e-01
1.600028571896814633e-01
1.308179764685366009e-01
-2.563602451086799058e-02
-6.846793218055788333e-02
-2.471675655407934435e-01
-5.125602420100650036e-01
-6.316243214895973790e-02
1.788141376700395913e-01
2.525590678235216033e-02
3.198917518213386102e-01
-2.478270204936162957e-01
-3.828013439388753270e-01
2.655535547964371079e-01
-1.120173516997199914e-01
2.885440768150395185e-01
-1.644633088970371415e-01
2.923863399252982220e-01
-1.300818832518035872e-01
1.559178437340480727e-01
-1.234377903460724124e-01
-1.824472003306769063e-01
-4.397710017453594356e-01
-3.073807579879465207e-02
3.960425236558746953e-02
-1.408039218011731264e-01
-1.295312825155463532e-01
-2.549638849842496002e-01
-6.301755477524774440e-02
-5.429890634367868785e-01
1.090443819825926836e-01
3.817575236304176500e-01
2.763250334109272899e-01
5.298126826165870940e-01
-3.065952659714167861e-01
-3.164968020652237923e-01
4.746461979894588401e-01
-5.318943360399044362e-01
2.169648064277778510e-01
2.808029012975583605e-01
2.157560822022248359e-01
3.843865106279337751e-01
-1.335797051905411037e-01
3.062110171109115944e-02
-3.311545994591428427e-02
6.246419424208158322e-01
-6.761639147775391767e-02
2.667409839679760752e-01
3.107849587382783274e-01
-4.535024611263705485e-01
3.576495987767395746e-01
-2.512354229438065190e-01
-9.962742634956091303e-02
3.215065568954055819e-01
4.814166175845847606e-01
-1.108180809314529280e-01
7.619433649406270881e-02
-8.686656984902087902e-03
-8.383448084184531857e-02
-6.568194163852240919e-02
-2.502039235991846411e-01
-3.541782162158845781e-01
-2.110740221490286783e-01
-4.370292019209070372e-02
-1.876024414087148207e-01
-1.403184646818347314e-01
-3.663463884110666757e-02
-4.108426706695252756e-02
1.252407420580997355e-01
4.153576892217628602e-01
-2.426929823009785769e-01
2.882879185135835479e-02
-1.074207490774420209e-01
6.122906384067805519e-02
-6.202630386832845844e-01
5.407604136347354817e-02
1.131454339850428981e-01
1.119424385978008279e-01
9.558680662442958775e-02
1.796249876698781944e-01
6.598048409149929183e-01
7.366933968141192723e-02
5.716324559642194103e-01
-4.036882992818384697e-01
2.153372648149127350e-02
-4.415094922659293930e-01
-3.386961381057269210e-02
1.045028257308637937e-01
-4.806058300881671519e-01
2.889496823558421745e-01
2.758535407021047714e-01
7.343211207046159705e-01
3.567312352814977494e-01
3.465391059573506242e-03
-6.577011385271697153e-02
2.354621120989973670e-01
-1.106364551671143309e-01
-2.574793049905991227e-01
4.653987628002551058e-01
2.288122589054398734e-02
9.621622046737045297e-02
-5.506327289480444920e-01
-3.322210675990075468e-01
3.299599374364661081e-02
-2.772417661876545522e-02
-4.875397617628708935e-01
