2.003675869668852250e-01
-4.436796996093742007e-01
4.070245683448892593e-01
3.026206482856728941e-02
3.439002082023301932e-01
7.112083243161959611e-02
-1.413366975466444075e-01
5.387129819613442616e-02
3.923547851209892995e-02
3.518904974441064426e-01
4.426474214061285745e-02
2.532495805357077301e-01
8.680184887810313277e-02
-2.945921788963047627e-02
3.718441900634386621e-01
5.119086575912058512e-01
-6.013777556599990692e-01
-3.627814357235994436e-01
-1.382871198908604826e-01
-2.517733223518501262e-01
5.238810623427334612e-01
-1.894939706678591129e-01
2.290323141374205340e-01
-4.234033809737426379e-01
-1.209296017548425889e-01
-9.233473980291212468e-01
-9.437738680490422027e-02
3.214751510556701497e-01
-2.925676367507990538e-01
1.483944881904790680e-01
7.364135664030160844e-02
-1.475089320291332606e-01
-2.872393464587711387e-01
1.830256659101240913e-01
1.170697694750787443e-01
4.062700997464276376e-01
-1.199435078620893630e-01
-2.610392310510231129e-01
-1.145958802544964072e-01
-6.883757432347935301e-02
2.037230084522315965e-01
-4.623600274157113610e-01
-1.273856935974936044e-01
1.942846882108167639e-01
1.025544366809536950e-01
1.416358174715174334e-01
-2.680544953397630790e-03
-2.436601448341448733e-02
1.707855725528145407e-01
1.024696396549548971e-01
2.755621456569022909e-01
5.363077151092856404e-02
-3.636045870758880527e-01
-3.749796977185650415e-01
-1.101439528628538611e-01
1.463481317576162399e-01
-1.852234352476715140e-01
-2.464754069317918184e-01
2.937930382836043686e-01
6.784129281343270756e-02
-2.977050502804322041e-01
-1.225503680304892463e-02
-7.964544592161231229e-01
-4.415865068557802142e-01
1.237967091878663384e-01
2.397487030925638807e-01
-1.203812639157013226e-01
-4.024613334074484405e-01
4.789967097844002875e-01
-1.145702379596100218e-01
3.416786041184268208e-01
-9.639382830761632215e-02
-8.383329687857656864e-01
2.501136643804909854e-01
-2.860797904255884538e-01
1.962436522973403374e-01
-7.063208280147771356e-01
2.474071371796001395e-01
1.143732192577555928e-01
-2.456195017419701004e-02
9.419798849429103504e-02
-1.140285773516431511e-01
3.207212681396274384e-02
8.518700147410611379e-02
-7.350448432201070470e-02
1.409458291425088050e-01
3.050109743646594596e-01
-2.512542761631832988e-01
-2.740479001765760980e-02
3.148825823400770996e-01
-2.560318560142718636e-01
1.786394173961914356e-01
-1.387951112171093571e-01
1.393928358563191472e-01
-3.970257561965142568e-01
3.060536126216594210e-01
-3.398113431550254804e-01
6.082346876737388941e-01
4.818603709836160043e-01
-3.794426582998335351e-01
2.158949815898470181e-01
1.184757516949134504e-01
2.161686683973468859e-01
-4.562478058804680936e-01
-2.146900318500599980e-01
1.358648692046904305e-01
-2.225185040389638658e-01
2.702417246069408474e-01
6.363082145078462482e-01
-3.637245169204307293e-01
-1.342154552253536637e-01
-4.056658144746669858e-01
1.371611684574488288e-01
4.398785494476203373e-01
2.423052051213336333e-01
-1.662420668588506512e-01
5.165598702435950651e-01
5.333165146391325578e-02
-1.098535152368976114e-01
4.155689523494263682e-01
-8.452507687242818979e-02
5.547027368225931898e-02
3.377433159781948468e-01
3.690928226607201323e-02
-1.871248301212848630e-01
1.687012214550113742e-01
3.842281208666410985e-01
2.041320239592886790e-02
1.520662824131872037e-01
2.247721178211472409e-02
3.812899294248425774e-02
4.128864776956133742e-01
2.541029922173512756e-01
-3.656429190049810818e-01
4.534220141064956161e-02
5.388773482125103209e-01
2.305866180706502844e-01
2.636770220362064654e-01
2.436558748785715989e-01
1.138296690622333796e-01
-3.335959633063203533e-01
2.137317443399477657e-01
-2.796933593055165312e-01
4.070942651462146344e-02
-5.683582004670849341e-02
-1.244417348504271159e-01
-4.920770198250721816e-01
1.317895609085005804e-01
3.220591669164593607e-02
4.741725119344902817e-02
3.338490601287750215e-01
2.715449646552763052e-02
-1.949413908722833766e-01
1.839124463516166319e-01
1.267959683773885460e-01
7.089505488494700358e-02
-1.398005617946021517e-02
6.188260484761615166e-01
2.355816856174360041e-02
3.341683674885685962e-01
1.644907597725552562e-01
1.342375365269257020e-02
6.207681791402032412e-02
1.216890143012048509e-01
4.568381277084602177e-01
2.793326310068789398e-01
6.179748494064844083e-02
4.877778710450303423e-01
-4.083541810437247288e-01
-5.226944497723580441e-02
-6.531027474646783348e-02
-2.226474601498540928e-01
-3.619710129462073711e-01
1.854751717651035026e-01
1.222587546583407403e-01
7.128245264512662882e-02
-1.958069030961385321e-02
-4.794064799931422871e-01
-1.580347177415194343e-02
-4.674365627146747637e-01
2.869122020971718312e-01
-1.142671667720891182e-01
-3.429879823329112787e-01
-9.225723950964843934e-02
-1.742100885591494341e-01
-7.726434779067374581e-02
2.454510030117399710e-01
-5.553196863364293079e-02
1.151113229617551081e-01
-2.807833783864170929e-01
3.260405074065927389e-01
-1.755399944980962079e-02
-7.295093738531420735e-01
-2.636655178818393952e-01
3.333954336131564333e-02
2.448111526258154313e-01
2.833271663135450980e-01
9.333856529054010420e-02
-3.692798646779469340e-01
2.953980933328724245e-01
1.570891819481189666e-01
-4.222372794843239352e-01
-3.340272706388340840e-01
1.840662294999180493e-01
-1.844290658263646465e-01
3.991774256325869574e-01
-4.206539652867639645e-01
2.887041738102356092e-01
-3.150000897927298094e-01
3.883613463374741004e-01
-9.388240121682651929e-02
9.880077720983303224e-02
-2.556549518897344164e-01
3.656144102218788355e-02
-3.577792238771549393e-01
-4.236241813041524695e-01
-2.344696287891027964e-01
6.216022081130879312e-02
-6.301236976261712641e-01
-1.216394130335772539e-02
4.419239497411737716e-01
5.310418303413391161e-01
2.352261696580727757e-01
4.183011856869081613e-01
2.327647564138027054e-03
4.199181138838955496e-01
1.950312829657052660e-01
-5.773890987334541480e-02
2.759378056157668624e-01
-2.189124307724687676e-02
-7.597116276011239844e-01
-3.207881651428451386e-01
2.104070038482405980e-01
-3.466292430983833883e-01
-1.873067947017880153e-01
1.631414418546556500e-01
-3.484760676264593293e-01
-1.666508118884187928e-01
2.675588921476207416e-01
-9.693294144539396640e-02
-1.915173205251555766e-01
-4.001548378000697737e-01
-1.072698306849756422e-01
-5.185296472955381458e-02
8.850178749656401056e-02
-2.301807533554103280e-01
1.749527327584526892e-01
1.201044395215467575e-01
-3.674144628052284367e-01
-1.974093570383843865e-01
-2.013443690974868749e-01
6.527021890252742153e-01
1.971306524564191975e-01
2.643730090715707415e-01
-1.543891570699177651e-01
-6.138295831146782511e-02
3.394945176188308295e-02
4.608161097764447711e-01
7.430425756914588176e-02
-8.224043914095485741e-02
3.814494542805680899e-01
-1.364484341338003115e-01
-1.181770908261570163e-01
6.719541533759687546e-01
-3.048100836197979446e-01
