1.332074652742308019e-01
1.372917990274574174e-01
5.426089927068459273e-01
3.260646536334092099e-02
2.723475165943750609e-01
-1.425932221769275476e-01
-1.755013790029472387e-01
-2.788945211245647537e-01
-3.670809125459542077e-01
4.508463468763711512e-01
2.705593360857693266e-02
2.128424068729361240e-01
2.736218163817825677e-01
-1.238248903458092909e-01
4.096129347800174236e-01
4.271389429858659659e-01
-6.607614932596901358e-01
-2.423286904525567276e-01
-3.787855574720708773e-01
-2.943288800169092112e-01
4.357372258237661722e-01
-2.665721355740219289e-01
9.318129192334728694e-02
-4.627380124175856646e-01
-1.199962767264727559e-01
2.846612881298810627e-01
-1.009005594578618326e-01
2.369135037928954968e-01
3.279662394682494320e-01
1.593891595919487147e-01
4.070689826317260840e-01
-6.401990002761523413e-02
-3.849987073066086229e-01
-3.313679423947588076e-02
4.652058057442387540e-02
4.693963884489978367e-01
1.847895694642006370e-01
-8.600689339284778301e-02
-6.572947998026497096e-01
3.945640042939004277e-01
2.904733753961911968e-02
-4.560373542994261009e-01
-1.933157633976916867e-01
2.638830835716734491e-01
4.724939177181479433e-02
7.459762546141913975e-02
5.051066192931249477e-01
-7.794289357512208805e-02
1.783123818984536646e-01
-4.406072294793714761e-01
2.397936254309374626e-01
-1.629306334989319774e-02
-4.230665259029620651e-01
-3.774898936903345326e-01
-4.819027507436941804e-02
1.746902319963835881e-01
-1.166181202394242777e-01
-2.201521855947703443e-01
4.391418210201589872e-03
5.218272060187079814e-02
-1.721240933798633410e-01
6.304415758106172163e-01
-1.815003768702005971e-01
-4.178264683240886512e-01
4.414354084239158205e-02
3.538842424354099458e-01
-2.259828404211960406e-01
-4.625570318837148864e-01
5.321913123290464842e-01
-2.958955589833168753e-01
4.753286946540383751e-01
-1.079631230809137837e-01
-8.806352076402088613e-01
3.959770008740397529e-01
-1.680705758115302317e-01
2.801025135075892458e-01
-5.647636931400367155e-01
1.140190428808966067e-01
3.850843540067420967e-02
1.809532521946372319e-01
6.546055158354197046e-02
-2.212581239166237501e-01
6.150888373717244839e-02
1.374172020663652627e-01
-1.120871921657197734e-01
1.620239788001782422e-01
-3.840138216969614104e-01
-1.458968237445223415e-01
-2.493719626309454096e-04
4.279798429149737071e-01
-2.986860959799421122e-01
1.586799547291412316e-01
-1.883897567949572027e-01
1.871063549082039590e-01
-3.532036168313572588e-01
-2.545762109568102116e-01
-1.740822255390117312e-01
6.527730168839996905e-01
4.570574139280122461e-01
-1.594923940215924041e-01
-6.456093582198502157e-01
3.898881983467825108e-02
2.444624673751396582e-01
-3.686586010154332960e-01
-5.817468326493478725e-02
6.263857991984525531e-02
-1.435224908643338015e-01
3.557634533134995114e-01
6.773820593305061033e-01
-3.718051308021292356e-01
-1.334926754084968248e-01
-6.457063924170756142e-01
1.924924441448381263e-01
2.352623117363759897e-01
2.536342059286886275e-01
-3.413181863608353295e-01
4.468046857250679849e-01
2.986343328271039155e-02
-9.665512978700002700e-02
4.809189589917080010e-01
-2.287681763710195104e-01
-4.393335183644478947e-01
2.764567492246403080e-01
-1.445252581716518214e-01
-9.961649729356883420e-02
1.617521420556994882e-01
3.936089284723277570e-01
1.343342075992272067e-01
-8.086457054629668517e-02
8.607564344498322417e-02
2.102382065429855285e-01
5.221729693919031634e-01
4.191454954036246683e-01
1.043105393551024690e-01
1.240753511726286618e-01
7.308824554028878762e-01
-1.411000287298592171e-01
2.253346468606318986e-01
1.965360196013549443e-01
3.801247273985701725e-01
5.594184324489835936e-01
1.299156081191503720e-01
1.058920420355369124e-01
-7.034634796240196719e-03
-2.951084384318852782e-02
4.391132081581145680e-02
-5.560718089596170532e-01
8.359563902647035305e-02
4.981685212392125695e-01
-2.701747014581846323e-02
3.654872707697879308e-01
-1.182280950453452467e-01
4.172440801633712226e-01
2.145861942970635206e-01
1.462004912472373019e-01
-3.663329830313578617e-01
-4.484781525615016973e-03
-3.708510837596011855e-01
5.619288448819093756e-02
2.031194570736908900e-01
1.172907197958675540e-01
-1.453863747133148088e-02
-3.480490046508227797e-02
1.573966392433287509e-01
3.361786331433810338e-01
3.617260418333226868e-01
1.075307795064744665e-01
5.400743511411678632e-01
8.212666936027975817e-01
-1.695713916610918914e-01
-9.056791381698839349e-02
-1.911527220852162756e-01
-3.681261560402401822e-01
7.045344596007056814e-02
-1.077583398000022674e-01
-1.002195005013693102e-02
-4.665905050064108467e-02
3.340178103299036860e-01
9.870611215976765607e-02
-5.537571997792591905e-01
1.635470609397910169e-01
-2.932536757696926899e-02
-1.415431617387081023e-02
-4.754624362342878552e-01
-2.121587648389367531e-01
-1.382143690399184610e-01
3.294698099589676854e-01
-7.579057667937606768e-02
1.246325178259595767e-01
-4.304585522056367242e-01
5.557623127898152493e-01
-1.402998967934257143e-02
-7.415726537972886501e-01
-1.806626656519225993e-01
1.638924468822246516e-01
8.275761982197410438e-01
-4.529500704744442441e-01
1.079182638968943786e-01
-4.242854484046894026e-01
3.089601617015983459e-01
1.466310825011101771e-01
1.861341389420168302e-01
-5.002365160191049043e-01
1.082723542627967162e-01
-1.499299077938840985e-01
3.043541137751074599e-01
-4.308355992044657912e-01
2.901631851485509950e-01
-1.874531274803788172e-01
5.677827006305272706e-01
-1.383728665144864090e-01
2.017719447504082719e-01
-2.816759847834524044e-01
2.165020322157260313e-01
9.491991952671142985e-02
-3.522469951357353191e-01
-2.854000092292499624e-01
7.779383851440931086e-02
-6.896469046329821717e-01
-6.976771717846870502e-02
3.042992865957894755e-01
3.597232953662156674e-01
3.550227838671571878e-01
4.333705669821431572e-01
-1.553423094787216574e-02
-5.780108089375575187e-01
3.224395194705474976e-01
-6.639960579853654288e-02
2.298217699663099856e-01
-5.470668162664896889e-03
-9.075759997187712314e-01
-3.194318661164557982e-01
3.020800106312507838e-01
-3.092507120332924075e-01
-9.920267935298586748e-01
-1.036553324816424787e-01
-4.442991748860691814e-01
-2.638554852445562093e-01
3.238929441596804515e-01
-7.709375942133150916e-02
3.933369908605151982e-02
-3.514934823481229431e-01
-1.979150154156125163e-01
-3.001886941581400833e-02
2.033901111375728266e-01
-1.373693216542637985e-01
2.377791346228895764e-01
7.359681721150551637e-02
-2.957574334282314088e-01
3.049477315353308349e-01
-8.638983835186037075e-02
5.980730191463538015e-01
1.381021942649383050e-01
2.180089259353367170e-01
-3.599025092359427885e-02
-2.668744480623358450e-01
-5.303103629097030702e-02
5.569371004909239309e-01
-3.239307685198668241e-02
-1.008920890274198068e-02
-3.346343285284198443e-01
-2.799731393407346447e-01
2.703343607006535310e-01
5.062312276204771200e-01
-4.606500258753198351e-01
