-5.075083267137590060e-01
-1.000000000000000000e+00
-1.000000000000000000e+00
-1.000000000000000000e+00
-1.095724060968583657e-03
2.375969144870030414e-01
-8.165949396836014174e-01
-7.580195273625526253e-01
-7.907157291127485665e-01
2.495393610637678949e-01
5.526789329581210941e-01
9.454557804134540167e-01
-3.547770755670884846e-01
3.463972984121634902e-01
-1.000000000000000000e+00
-9.408452741392351326e-01
-6.498942369785025708e-01
-1.000000000000000000e+00
4.162174355013456006e-01
-9.313805980431325571e-01
-4.650091346791003222e-01
1.000000000000000000e+00
4.301766222932908446e-01
4.366131160253531318e-01
1.000000000000000000e+00
-4.045566687546851559e-01
3.983258244712970519e-01
-1.000000000000000000e+00
7.428504431595825408e-02
-4.299608152229306146e-01
-1.000000000000000000e+00
1.000000000000000000e+00
3.167488753813314517e-01
3.548198319166464554e-01
4.912442146734498638e-01
-8.024355149268567189e-01
7.666464142639053958e-02
-1.000000000000000000e+00
-2.976303778311901183e-01
-8.669506783841754993e-01
-8.971971012952182356e-01
-1.000000000000000000e+00
-1.000000000000000000e+00
-7.611653520739938283e-01
6.698811544619565073e-01
-1.000000000000000000e+00
2.576871898255883586e-02
-1.000000000000000000e+00
5.792838104496512708e-01
-4.793230505655551310e-01
-1.475377669073492937e-01
-1.300869236855913269e-01
-7.434752426620405696e-01
-4.698975626758154500e-01
1.000000000000000000e+00
-1.000000000000000000e+00
8.308181516451416115e-01
1.357692953029095984e-01
-6.930149053488630084e-01
-1.000000000000000000e+00
-7.169972359770541148e-01
-1.000000000000000000e+00
1.330047075468936413e-01
-9.398275191041958188e-01
5.403359365774527134e-01
1.022425882041515521e-01
1.000000000000000000e+00
4.612732598330487876e-02
1.000000000000000000e+00
-5.627013852745057498e-01
7.577764576300525246e-01
2.286699360080655247e-02
-2.856513548097429078e-01
1.000000000000000000e+00
-1.000000000000000000e+00
-9.055483490075123543e-01
6.467655184524900847e-01
8.862484981662508421e-01
-6.933172840164942841e-01
6.565091308043220497e-01
-7.475194576374775135e-01
2.128400331866291961e-01
1.606955404840032520e-01
-7.443244899056644659e-01
-1.000000000000000000e+00
-8.212171361149918081e-01
-5.129256417699673554e-02
1.000000000000000000e+00
-3.971720593516576692e-01
2.281754778639814019e-01
-8.199828416841677958e-01
1.000000000000000000e+00
-1.000000000000000000e+00
3.249691465991949579e-01
-6.955171714976486896e-01
-1.300422415527562603e-01
-3.886007437177484980e-01
1.349302402323085959e-01
1.000000000000000000e+00
-8.566652794750075905e-01
-1.000000000000000000e+00
7.332046189468410802e-01
1.000000000000000000e+00
-1.778295099150558611e-01
-4.993789119684488576e-02
-3.473180036738026666e-01
7.553226014148242129e-01
-8.478456689681671543e-01
4.624376561213772163e-02
-4.433899983338583928e-01
-1.000000000000000000e+00
1.000000000000000000e+00
-1.641886705892171561e-01
-1.000000000000000000e+00
8.936128004816573656e-02
-8.255254543979375637e-01
-2.556790774062953631e-01
-2.024313135441540012e-01
1.000000000000000000e+00
-1.132218340279525642e-01
1.000000000000000000e+00
-1.000000000000000000e+00
-9.055049187774391051e-01
6.173228990057504778e-02
6.931488686079760875e-01
-7.915670014429876389e-02
2.323436754699743645e-01
-9.329779418462549323e-01
-3.929684214282567201e-01
1.000000000000000000e+00
-1.000000000000000000e+00
5.524003007165612100e-01
2.317410205586541427e-01
-8.301615735132252816e-01
1.744074186628380430e-02
1.802206451618654781e-01
1.000000000000000000e+00
4.475848213095701134e-01
-1.894698825976130485e-01
-8.851807101576413261e-01
4.898628530803305625e-01
-1.000000000000000000e+00
1.000000000000000000e+00
-4.166362336155786661e-01
-3.565963869090902350e-01
1.326536686894048134e-01
8.215148100412186238e-01
1.000000000000000000e+00
6.749770587403889355e-01
-8.500518733733779531e-01
8.196639988903571261e-01
5.571903314861916812e-01
-5.966521404273905649e-01
-1.000000000000000000e+00
-6.509540815692713700e-01
-2.304823352103224088e-01
7.323725957689717347e-01
1.000000000000000000e+00
5.571986226732656977e-01
1.000000000000000000e+00
-4.234242994229200918e-01
-7.874120838934708377e-01
1.000000000000000000e+00
1.389807879704620663e-01
-8.472523354972587573e-01
-6.744184493666928182e-01
1.978599583377445292e-01
2.812525241164300915e-01
8.938957164100274078e-01
1.000000000000000000e+00
-1.473096087460187276e-01
-7.685358088199795157e-01
1.000000000000000000e+00
7.414364633892307488e-01
-4.764111593159336411e-01
-3.788203391299661549e-01
6.295234121438768593e-01
1.000000000000000000e+00
1.000000000000000000e+00
-1.000000000000000000e+00
-8.662523246671608446e-01
-1.000000000000000000e+00
9.508505860277105537e-01
1.857401193949170803e-01
1.495149175158067001e-01
5.855215400854265617e-01
-3.985303664760447839e-01
-9.753064522854089091e-01
-3.288817795559307866e-01
6.896471526812575359e-02
-4.751170321616549064e-02
-5.095044766733725083e-02
-1.000000000000000000e+00
-6.087424228150033478e-01
8.923839708740399779e-01
1.000000000000000000e+00
-3.412550666573063163e-01
3.065678742016378910e-01
1.708182459035970657e-01
-1.000000000000000000e+00
-1.000000000000000000e+00
-1.000000000000000000e+00
4.414984719755700726e-01
3.215283365075710109e-01
-1.000000000000000000e+00
1.000000000000000000e+00
4.045958193927534641e-02
2.661328089221832657e-02
-5.481356890207476074e-01
4.326698197948837255e-01
7.652024428441523973e-01
-2.821073400633573591e-01
3.297296532463826479e-01
1.000000000000000000e+00
-8.098787145494334982e-04
4.643628229807452712e-01
9.929532480214827705e-01
-2.231636093102217777e-01
-1.000000000000000000e+00
-8.812480461461623671e-01
-5.950700465384058946e-01
-3.311206841360097020e-01
6.602910224649560789e-01
3.343454389154150719e-01
-9.452762778433845270e-01
3.514882526735418899e-02
1.000000000000000000e+00
5.320066229358563215e-01
1.120468666966110693e-01
-5.096409521017615241e-01
3.454991467768190883e-01
4.630412613628629992e-01
-7.065134508489584464e-01
3.918902003803071410e-01
-1.000000000000000000e+00
-7.173478325198399119e-01
-2.311649342436745691e-01
5.508197046392486751e-01
1.000000000000000000e+00
-3.403646751410887572e-01
8.487574137822223586e-01
1.000000000000000000e+00
1.000000000000000000e+00
-3.618591620664379782e-01
7.677352542466486796e-03
-8.966417492186903315e-01
-7.555886384039658399e-01
4.983281503698638870e-01
2.170951695908384105e-01
-7.682641008864746768e-01
-2.084877131423533703e-01
-8.690078196613177930e-01
2.615830220226646463e-01
-4.196029718267371145e-01
4.188075019268935328e-01
-1.000000000000000000e+00
8.739713661520808197e-01
-1.000000000000000000e+00
4.243806147207720425e-01
2.870501590821783466e-02
1.000000000000000000e+00
-7.555426233114249657e-01
6.478306156209523436e-02
1.409486379106096310e-01
-6.238769854693005934e-01
