-6.797990308453828734e-03
-1.938729121358203356e-01
-3.998411788259824684e-01
-2.889526923063068797e-01
6.254799045073303199e-02
-2.365205845545781116e-01
-1.193519041417661075e-01
-1.039464084346534145e-01
-3.022417493016385515e-01
-3.784991426716611262e-01
-2.646695130454062017e-01
-6.457909223831223011e-01
-1.335998595418508850e-01
-2.948681330275070289e-01
-2.307832238789541204e-02
1.417858620188665042e-01
2.227701181543771669e-01
-5.903437804595847993e-01
3.042235678352374351e-02
5.679369553839129503e-02
-4.852468211387569313e-02
-1.469806500345949840e-01
-7.264089051476697867e-02
-4.023566020296448498e-02
-5.289946747932803284e-01
-4.542804276660414864e-01
1.395682379758715341e-01
-4.381591097877100133e-02
2.458287161307043667e-01
7.797442382961000673e-01
1.693970131937687362e-01
1.052614969681776175e-01
-2.227288953184705100e-01
5.029196838888019272e-01
-3.478445406781481286e-01
4.359871059833403395e-02
-3.313922357063951440e-01
-2.982985597565495084e-01
-2.026988166157646931e-01
1.219337050594756777e-01
-2.401323596641156688e-01
-4.755073160941445387e-01
-5.415106145434721574e-01
-5.982696511164720121e-01
-2.577140288033645255e-01
1.932119314194939708e-01
1.305647482930148151e-01
-1.547948423450473676e-01
-2.563967234348712987e-01
-2.791532215466637767e-01
2.830980103941925161e-02
-1.073183711051382827e-01
-4.255909514117792170e-02
-6.468744897655852588e-01
-4.682896566444325059e-01
-1.331162458186557207e-01
1.000000000000000000e+00
-3.923453871583499342e-01
3.518872842563840475e-01
1.761828303140977603e-01
-1.979417566064904654e-01
3.778864244453713495e-01
-5.603417906475833404e-02
-5.077851577034742103e-01
-1.180305213708868484e-01
4.435047731302085294e-01
-1.025775742351121844e-01
-3.483646251084793755e-01
1.892835450435930156e-01
7.100495664398963624e-01
-4.168423228318196005e-01
8.806231616227459813e-02
2.515775107693873913e-01
-2.631517055379571368e-01
1.887666393497809680e-01
2.205646203930961002e-01
4.306454810294308433e-01
-3.281352251105356665e-01
2.313173374104198626e-02
2.837135359417433111e-01
-2.726038286595380278e-01
-2.365017415724353367e-01
-1.198288903218649032e-01
-3.435712537068082995e-01
4.229206783036689732e-01
6.618601921297405377e-02
-2.963413665103543093e-01
-1.509459260688364723e-01
-8.995420382136416482e-01
2.017730183360424284e-02
-3.517509430126731784e-01
4.720473617778972453e-01
1.456352365800468174e-01
3.114953630107775706e-01
4.739521112690139870e-01
7.414535342521599848e-02
1.000000000000000000e+00
1.387938162356300298e-03
2.082930198894181739e-01
-1.900681181214684823e-01
1.583197333494969772e-01
5.651886245636162931e-01
7.746856718893152527e-02
-5.098331561221566832e-02
-6.145633680466638937e-01
-2.750577718354202950e-01
2.278601367950035261e-01
-1.571142768870809336e-01
-1.376803314023524460e-01
-3.827625670703070915e-01
-1.015820558354215142e-01
-2.502753934815694636e-01
-3.146122746676910387e-01
1.987491028349947786e-01
8.856446707496667958e-02
2.989466078492588608e-01
-1.322922024533579495e-02
3.786042136823534188e-01
-1.542705166140605488e-01
1.603002483930403288e-01
-1.662667107274825584e-01
3.388137875746572991e-01
1.414006634025344877e-01
-3.088783063248220495e-01
1.292886521469079758e-03
-2.169176104349769818e-01
-3.713208288742126939e-01
-6.072236384323689284e-01
-8.963079663389014740e-02
3.040619610273270768e-01
1.702698763757549416e-01
3.515559117527422006e-01
-3.549917927120641581e-01
9.954841639183473201e-02
7.627031052460550575e-02
2.336848303231338353e-01
6.426267220075487785e-01
3.992054189342023052e-01
-2.616051185168780657e-01
-4.296219827673457281e-02
2.890930520165476691e-01
9.280793720486330001e-02
6.643362121754112747e-03
-2.029842426162628555e-02
-5.584552684142634060e-01
5.474715930898732541e-01
3.249050849149140996e-01
-2.873019503090076809e-02
-4.203370150105905090e-01
5.047857304558348579e-01
-1.350835922927636767e-01
-3.391082514079025723e-01
-3.923588301473174278e-01
4.834692401203587453e-01
-6.350016628687407128e-01
1.184108959324267074e-01
1.496154908094806391e-01
5.868757047605892563e-01
3.329101789647861409e-01
4.666594607144954748e-02
9.555267872544556118e-01
6.558550032477819536e-02
2.141727673421550127e-01
-2.259818163844073968e-02
1.396792142384957469e-01
7.796792210737364670e-02
-3.144559506218247424e-01
-5.716668877235895341e-01
6.468852128777174970e-01
-1.992662562611570709e-01
4.300375464846196982e-02
-2.580548918149897508e-01
-8.324547005937301680e-01
-2.784502635772259094e-01
-1.095806845371061905e-01
-1.031660830661326744e-02
6.488805024335615734e-02
-8.523935641233687521e-02
3.883413814408601811e-03
4.681164340187267681e-01
2.965802682684632458e-02
-2.494521047094642452e-01
-3.037634622716031685e-01
-1.924709889966792070e-02
-2.004373327548034933e-01
-7.813121826861951780e-02
2.496080890937749097e-01
-4.009267678856855144e-02
-2.648522603247722290e-02
5.406847673625792688e-02
-1.459114841413681474e-01
4.804878733705159055e-01
-2.236541571041175680e-01
2.414572845649563815e-02
-2.497118755703310877e-01
5.485826003643556881e-03
-8.150278217718933682e-01
-8.738855624627007990e-02
-4.974598880259014089e-01
-7.781388921718734863e-01
-5.207759262468042438e-01
6.638802190096321221e-02
3.256911695817764074e-01
-4.363864893823605762e-01
1.007107983954458469e-01
9.795564749508745006e-02
-2.089119632087634015e-01
-8.604649605605327323e-02
-4.283101960579276113e-02
3.105392211490570764e-02
6.748727695777062552e-01
2.560419876410393591e-01
-2.058961082813594301e-02
-4.813299053880207290e-02
-3.338220637793294920e-01
-5.325205418293152970e-01
1.219378035927047577e-01
3.056292377749734168e-01
5.982643810038424936e-01
5.206689947304070643e-01
5.009749506121671109e-02
2.113019739547752629e-01
1.735116139112956035e-01
4.264667892214981104e-01
3.024694249736350482e-01
1.346853333191093682e-01
-7.187596662133746150e-01
4.693146778510980111e-02
1.600525980813553573e-01
-7.088046995066002443e-03
-2.005093232480726351e-01
4.397442815154094520e-01
1.026630571148131887e-01
4.216142849058675535e-01
3.294209488974385591e-01
3.156067758633281373e-01
-2.575273717385801464e-01
-3.494337653799788335e-01
-8.018978258523597191e-02
1.054069786716450435e-01
-4.459392789947611568e-01
1.132071026221951326e-01
-6.329198850121198205e-02
-3.086452560254042132e-01
-4.530664203010109636e-01
-2.913050187520347389e-01
-5.740575636482291300e-01
5.641063816091845817e-01
1.040717172568465798e-02
-5.122868046721852364e-01
-8.721296047553145359e-02
-1.470370917072269523e-01
3.121924868130552810e-01
-1.623469063746890706e-01
1.859976055267658912e-01
5.347426153800055593e-02
4.565031353680643056e-02
-2.814808082228305586e-01
6.013403709131522890e-01
-3.727131431252298510e-01
-5.202539106155715798e-01
-3.239237663759414465e-02
-1.137398924405869233e-01
2.297907200219129753e-01
-1.078461539660381940e-01
