3.251786729231634365e-01
-3.904170798896960393e-01
1.645132615259239373e-01
2.537900567996202450e-01
1.624458842342586112e-02
-1.743951387784566653e-01
-6.770693793103521596e-01
-1.132451057291773422e-01
6.598743429381086212e-02
2.886742256781095750e-01
6.705439772649579577e-01
2.209643459321998238e-01
1.108771977903214440e-01
-9.364403159413842159e-02
1.030817994288721201e-01
1.393154309417158655e-02
9.235550354784635707e-02
1.984376426051641107e-01
-1.400994047921861607e-01
-6.900939222814583829e-01
6.580184868940314180e-02
5.010868973499477130e-01
-3.586878182703774343e-01
-2.749269523434453855e-01
-6.599745480851301749e-02
3.363950246254931442e-01
-3.615099778900246474e-01
4.911744138585770747e-01
-3.231138412245739278e-01
4.823072156059081969e-04
5.556456833016806263e-01
1.402452253499550661e-01
-3.178975060884357551e-01
3.171563697863958864e-01
4.418536280966991470e-01
-3.070148607894762627e-01
2.644757913440709540e-01
-5.111043775099038955e-01
-5.145327231539518209e-01
4.469002935208574168e-01
-4.587752295583271134e-01
1.179326887936801016e-01
6.220373508898821568e-02
1.289934372151861353e-01
2.385847806730803933e-01
1.658070750031106488e-01
-5.601967953991376925e-01
-5.815803347288869274e-01
-3.207176111649134298e-01
-3.280957033294601422e-01
-1.904947345784805124e-01
8.239565412673827138e-02
8.425210786379684277e-03
4.257407526590617497e-01
-3.985007988715636995e-01
-3.719623466565688541e-02
-6.955131539644071603e-02
-6.650585919795850565e-01
-5.868577787348780439e-02
4.331956594854031728e-01
3.365490939329398440e-02
-8.738480592883991760e-02
-4.616284377255851501e-01
-7.944177510414160981e-01
-2.014084126705189826e-01
-1.145672725308497508e-01
-4.460280186027575089e-02
-5.600498944273318846e-01
1.054180136622081404e-01
3.829488925476322563e-03
2.146321177560404914e-01
-5.758683450756878208e-02
-3.723824267107780916e-02
7.896753295337288758e-02
-8.222431911862589093e-02
-1.608664943085166277e-01
1.903333979592257141e-01
3.587734462407848324e-01
-1.824156888909596042e-01
3.952558708476042737e-01
-2.055445182329744547e-01
3.027441946278158214e-01
-1.953392124235456273e-02
-6.556071204784380546e-02
-5.461816776684496055e-01
3.486648526336100784e-01
3.632839835904824177e-01
-3.412701121573315233e-02
-1.923499629456862370e-01
3.021268037860903588e-01
-1.608799504307384387e-01
-3.180948286903169109e-01
-2.259162461449571169e-01
-1.588840414796345302e-01
3.605445100500979105e-01
-2.625369391367375349e-01
2.945614973198622533e-01
5.138188498698591233e-02
1.261149474624674582e-01
1.886031145404467591e-01
1.274967196635473088e-01
-1.012664896962234828e-01
-4.341250188064686988e-01
-3.295903316103597769e-01
-3.434692211456198963e-01
-5.055545322255957513e-02
3.226570737185694565e-02
7.929383441120835263e-02
-2.006855223472714667e-01
-3.277390631317141367e-01
-4.956469761468503821e-01
4.545411200222559955e-01
-4.722746211612874889e-01
2.526511225746295719e-01
-9.076425710890283216e-03
2.845441244644854595e-01
-2.517694972791948427e-01
-2.300660890656373251e-03
2.280318914347538306e-01
3.052033135981120915e-01
-1.687644013476023996e-01
5.268526802150158561e-01
-3.888279514563550143e-01
2.241725778015171699e-01
-9.361416988780149606e-02
-8.048010785006146084e-02
-5.883380916714596454e-02
-3.766567167038252506e-02
-7.195369086537625747e-02
1.509044449007462263e-01
-6.897547478408697641e-01
2.203081755073584835e-01
-1.281130868142262846e-01
8.231348211278403937e-02
-6.976981514487398672e-02
3.039823925388209225e-01
-3.142107941724419651e-01
-3.631383660732571961e-02
6.909236095218249107e-02
3.374256074052987553e-01
-2.311451416185363039e-01
4.834301802775727852e-01
1.380068404728550802e-01
6.859475303545605612e-03
7.916224432254125032e-02
6.286812201533758561e-03
-3.563259301683204261e-01
-9.169240779828333188e-02
-1.120939662712934909e-01
-4.402206071223153105e-01
-2.301109253154175471e-01
-1.605757152340686056e-01
1.791486169707740828e-01
4.197086860470501946e-01
-1.382486399735184390e-01
2.517983185550237354e-02
1.745756366115893687e-01
-1.622658362300826163e-01
1.850190710821722137e-02
3.670022572893812396e-01
3.000362051889071124e-01
-1.024563344331294451e-01
5.742194359447173602e-01
7.923704413887391884e-02
-2.752242506211569073e-01
3.420988992485239910e-01
-4.622221189398175722e-01
2.165127988718344165e-01
4.832400894780045641e-01
-1.889547762530639774e-01
1.853236277735553494e-01
-4.754880358691319919e-02
8.855803400778188006e-02
4.820624734823520940e-01
-3.527348154168425953e-01
1.916945278427591992e-01
-3.107425862091428570e-01
1.404423043421327844e-01
-6.206043054216670019e-01
-1.122569699829243789e-01
-4.382203591035827017e-01
-5.819215254396845616e-01
1.877852856257897218e-01
-1.588152960505712918e-01
1.280663017859095809e-01
8.634458841999072265e-03
-3.493169566903290280e-01
1.172481048850667618e-01
-8.068641150945442264e-02
1.222447546855282875e-02
2.388159065943289486e-02
-3.045229923223768398e-01
4.726338504083384129e-02
-1.676995567707044998e-01
-7.656083634820827488e-02
-4.499011635996418290e-01
-4.790276513861100316e-01
3.482710544697700805e-01
2.690407038133379447e-01
9.605700602656878917e-02
-1.291856306429690071e-01
1.207798594443572626e-01
1.579990341570202961e-01
7.981413321891854540e-02
-3.619260380201191896e-01
2.701674434432467242e-01
8.048557989971181215e-01
1.707199311166005817e-01
-1.948369237687212763e-02
5.966362425560970545e-02
-3.464187331018093174e-01
4.434755596326527827e-01
-2.735089089994439671e-01
-9.477169089026818427e-02
-1.721872440981642716e-01
4.350153278118634725e-01
-4.604782935417226497e-01
-3.062285547859546764e-01
3.507501884581923357e-01
3.749897309644189547e-01
1.793417878693071565e-01
-3.748788103580347197e-01
2.441249803754243775e-01
-5.953450850937972438e-01
7.410760621334732123e-01
3.945952580028650458e-01
3.383867392128387941e-01
-1.532497268792003542e-01
2.298306478901077643e-01
4.398348105192669832e-01
-1.148219140544539663e-01
1.112599607956552689e-01
3.881421346394751670e-01
-2.349594291812177188e-02
-3.913837613365611090e-01
2.405934444613901449e-02
-2.348464371322880329e-01
2.430215462762421452e-01
-9.584164748845588888e-02
-8.039784502495957164e-02
3.020893623721843026e-03
3.609771400497073235e-01
2.597172480693089591e-01
4.147289407262226280e-01
4.090043824884177504e-01
-9.908352905339680439e-02
-4.984212983347040965e-02
-2.751788025265720222e-02
-6.268968633187763095e-02
-2.952687675869270501e-01
-4.689422073675161839e-03
4.959163526942979988e-02
4.355369977325206365e-01
-4.946988313270515025e-01
-4.884996584322565671e-01
5.744463128906976968e-01
-2.233865685582048510e-01
2.972060847646984527e-01
-6.388533610606617064e-02
-2.607249575965904231e-01
2.711173519837031809e-01
4.416028228798005717e-01
3.632619859086295699e-01
-6.543995765861720937e-02
2.504894518037565909e-01
