4.265896377975015447e-02
-2.406216906824595325e-01
-5.854436519640304759e-01
-1.044147155716344672e-01
2.254787059402956206e-01
-4.994790479855894250e-02
3.525663300940105049e-01
1.528985593228687767e-01
-7.751747116996783593e-02
1.625762635004042098e-02
-2.876916870547570615e-01
-3.676429686687410214e-01
4.517750895623130480e-01
-3.401696778672335109e-01
1.572899963045221727e-01
1.101431789724893751e-01
3.909527385988660342e-01
5.069902998687028095e-01
2.542220942936346262e-01
-1.407477009901832998e-01
-7.235256173498477716e-01
-6.523872763389113594e-01
1.115429635243457042e-02
2.738926027665817831e-01
2.797707138828264828e-01
-2.585037742008354233e-01
5.984573234896457816e-02
-1.738406987760385547e-01
6.508804553342520394e-02
-2.159423108479631703e-01
4.140828717158657191e-01
4.615518764030071552e-01
3.355682774326808060e-01
-4.006946726052987851e-01
4.804752238410934378e-02
5.088481857736302238e-01
4.522600170488985660e-01
1.350230554978297526e-01
1.390141052371171304e-01
7.797586657765028656e-03
3.966413770242999126e-01
-4.002726952787968306e-01
-2.029278246114652184e-01
6.335933522077538682e-02
8.429535223871795768e-01
-1.784916321281522777e-01
-5.885946480129307379e-02
2.881908150112369102e-02
7.842066243724423735e-01
4.154011183591363454e-01
3.710688051457741721e-01
7.627971042207944141e-02
5.978711238563765018e-02
2.286178726401665584e-01
-3.336633432080562955e-02
-3.538547786333720579e-01
2.158669909316000834e-01
1.423715412431965921e-01
-2.934859201555337638e-01
7.091144269569331360e-02
-2.840229848463987072e-01
5.582613062728760678e-01
1.947755028506711339e-01
-2.191788235860634149e-01
-2.626735533584191318e-01
3.391694157383846053e-01
-3.051575638720130379e-01
1.826257935297438129e-01
-4.467702366749375098e-02
3.081524649166058061e-01
3.866335162659636504e-01
-1.497137449742726445e-01
1.601480375124263167e-02
-6.279484177384971055e-02
-3.233654770632744535e-01
-3.440397396865240154e-01
7.681440249849859347e-02
2.106526732102173560e-01
-4.491706968880750384e-01
3.925335645375421234e-01
-1.012629073191530088e-01
-3.724791178257042534e-01
-2.288733716737145207e-01
2.493486559650005818e-02
1.110072147046692465e-01
4.211943116997693415e-01
2.466116442647488527e-01
5.406161909150079131e-02
3.746051796676554968e-01
3.380464108330941686e-01
4.304754949546942822e-01
1.103511125495380413e-01
4.050837776955250602e-01
-1.499219509483411539e-01
-1.159753152027745565e-01
-1.965559389427029222e-02
3.323358977467518183e-01
2.194278943794238101e-01
1.868421039100461034e-01
-3.309469345538525453e-01
1.164989490552365697e-01
3.379997130962137386e-01
5.168092644937222202e-01
-1.998729452313076638e-01
3.316660655369024768e-02
-1.820086861978948145e-01
-6.318603740840388339e-01
5.864726567188449646e-01
-1.254515185535222122e-01
4.651895834090912785e-01
-3.287366607375126759e-01
3.927998384032058699e-01
9.944673700999560884e-02
-2.074430071333509817e-01
5.588381733308842580e-01
1.610191724388303769e-01
2.410347947277093339e-01
6.248819666688448793e-02
-7.601460016616241877e-02
-2.416602935537486285e-01
1.856387680959443315e-02
1.385683910739245461e-01
-2.901316636978232832e-01
2.837832108572554968e-01
2.794598667216000587e-01
3.494288924076266456e-02
-4.883652113917892092e-04
-1.505488591326402115e-01
3.058301432440591050e-01
6.110676441425573202e-01
-1.641108970492551611e-01
-1.580708473132219627e-01
-1.166188133228985707e-01
-7.706588131916737583e-02
3.209166290856657611e-01
-3.430161240837653058e-01
-3.345042853422465767e-01
-3.162095642642743787e-01
4.001701533319817344e-02
-1.115377665170370208e-01
-4.334157135485898205e-01
-4.605218813428434421e-01
3.843225877453826378e-02
-1.456773131211815953e-01
-1.396181509461592030e-01
-4.372882777394452303e-01
8.385529322221338400e-02
-1.579208584527712345e-01
-5.708766506211059300e-01
-1.446663713891480907e-01
-4.637333886707017960e-01
1.695812363124006850e-01
7.584610122392428100e-02
4.229969340272131673e-01
-1.781381425685486797e-01
-9.766806153668609880e-02
-5.999976313370616321e-01
9.325223701062317072e-02
4.575440616430463958e-01
6.576075824270706249e-01
1.493840333474399373e-01
4.772275453365004694e-02
-1.177123425219784442e-01
-1.917298579343538201e-01
-4.982756005872603366e-01
-1.557035611570780353e-01
1.903138743720434733e-01
2.149395617880642539e-01
-1.741763997508481709e-01
9.795793185293252825e-02
2.085265213534963358e-01
2.400823276841405340e-01
2.748755963220147480e-01
-2.192323140259989922e-01
6.413635616716853449e-02
1.040952614162201778e-01
3.707004915216935981e-01
-4.256711543309786294e-01
-2.001978953410453108e-02
4.518518465376254456e-01
5.774527954462786994e-01
-3.134187165067005565e-01
-3.842359911102411485e-01
5.471753472358312775e-01
-3.625614771490879434e-02
-4.170604481046270018e-01
2.449245247565794426e-01
-3.071345485047486390e-01
1.145574269450873664e-02
-2.351340093485198290e-01
-1.267652596061310533e-01
6.493906220392496598e-02
1.537289600991984667e-02
-1.707164706468782545e-01
1.341426762965050312e-01
-1.059526849020654832e-01
4.156536240047291331e-02
3.420060760735366689e-01
-5.188180491014504625e-01
-2.536413470084726840e-01
-4.600556277574621156e-01
3.333906842487613376e-01
-1.010797099243744696e-01
2.360960321619923197e-01
1.076351814923838940e-01
3.172815723043994063e-01
-2.549897535416406069e-01
3.457736345325633232e-01
-9.285296261886803737e-02
-2.053857049508814037e-01
7.666737799500735751e-01
-1.505271492099199415e-01
-1.398404353066107775e-01
-2.918090692929674046e-01
4.905141182642569486e-01
1.328488438859867504e-01
-7.390489839729263988e-02
1.234112607825318675e-01
-2.488502465310011777e-02
-1.663917998264954068e-01
-4.895814183266757325e-01
-3.351284755673631932e-01
-9.116863034416995692e-02
3.181208798060627951e-02
-8.509888548127213237e-02
2.029254078259385696e-01
-1.715553558483031427e-01
-1.737545061450614658e-01
-1.274321677956104237e-01
3.476536998888773988e-01
6.539400752008145412e-02
-2.798632290858894534e-01
2.197943689595235617e-01
9.012286123494890611e-02
1.824891017310636410e-01
-1.989720761525252957e-01
-1.035424479867675870e-02
3.577190658108236887e-01
8.893106737782111026e-02
2.666718442335384576e-01
-1.441281113425647332e-02
-1.336029170392747378e-01
-2.087198739652375012e-01
-7.383637658926819891e-02
-2.706774480344355527e-01
-1.586995151172920504e-01
-4.007133134535608154e-01
-1.915760408544312510e-01
-3.912625364150314478e-01
1.865304917561335929e-01
-1.235365426604849437e-01
7.249465316581318874e-02
3.201303271049896759e-01
-4.795484643376503042e-01
1.016399649595284560e-01
-4.131829584643513242e-01
4.963209174614340857e-01
-6.507548674668109934e-01
1.088227143296499611e-01
2.458622026597752919e-01
-2.117803303316657115e-01
2.427580431993266730e-01
-6.890776701719084629e-01
-1.079172064566224498e-01
2.256834120381656650e-01
