-2.348013736602417856e-01
2.598862148665199712e-01
1.033152467473231889e-01
5.270279680757234964e-01
-2.993144121016054759e-01
3.356913255155279385e-01
-1.978331632330037892e-01
3.169526765567390880e-01
-1.138178768835285959e-01
-1.760796970039740228e-01
2.734014635120007863e-01
-1.841655534087952573e-01
-4.306217432742288076e-01
3.734450367467882503e-01
-4.551216225808101257e-01
3.130616563230504412e-01
-1.063361199124932821e-01
-1.564160555921947637e-01
6.103927370655927165e-01
1.059027358872467600e-01
5.458446484465296483e-02
3.943238490947107988e-01
-6.906947411238041623e-02
-5.388137380064830229e-01
-2.854853112993050931e-02
-5.330588590283095174e-01
4.339873393591039408e-01
1.426765149014401490e-01
6.330084714246346500e-02
-2.210082860189000950e-02
1.556117146927022202e-02
1.983468411569293266e-01
-3.425052235947288470e-01
-1.747085171642584478e-01
1.267431579374080353e-01
4.069764325896579882e-01
5.890510840520400519e-03
2.701830622500845935e-01
5.007958567799838390e-01
4.950483001960955809e-01
-2.067086323255027669e-01
6.583165168177135262e-02
-5.718088676001054083e-02
1.680411987828567821e-01
2.356278307562696961e-01
4.140621432271011648e-01
5.866515380006145364e-01
5.129578544084349989e-01
-4.503968632104056735e-01
-1.180569565342812766e-01
-3.229184863362439817e-01
5.677418817308377275e-02
-3.127567949778386480e-01
2.136247899618800294e-01
2.717836217426488621e-01
8.722356667018271725e-02
-4.605441468539305805e-01
6.030945038892410182e-01
2.811485014152894091e-01
2.749256013740371540e-01
-3.652426479272680715e-01
3.007435699750684033e-01
6.395555457158831614e-02
3.721759249486659982e-02
-1.715064403834105911e-02
2.683088988145697629e-01
1.288845989330287822e-01
-5.418767777558313598e-02
4.203195898117781937e-01
1.155975341929146583e-01
1.211412588243490213e-01
-3.348653601799931323e-01
3.433932982781689319e-02
5.130819387006556598e-01
2.664385288769728355e-01
-2.286911667761177495e-03
4.865494493398713760e-01
1.820170036455095175e-01
-3.377161087491530739e-02
2.431017107998219903e-03
-1.244421176443070015e-01
-3.390669186277797120e-01
-1.257344964946388033e-01
3.488325915902097951e-01
-3.004590178791512536e-02
3.427955458869435534e-01
-1.641539278471348118e-01
-2.320058746438264097e-01
2.135222263864184622e-01
3.397831294577041139e-01
3.717656542359331628e-01
-1.467549974557360581e-01
2.862453628282419366e-02
2.076091262891133771e-01
1.758399514917526330e-01
2.705707530829384311e-01
-1.991588866997050233e-01
2.183679130815247560e-01
1.236101660927080015e-01
-9.192591616132026466e-01
-8.924265955849471910e-01
-4.288531845252381847e-01
-3.763840925253807840e-02
-9.098296102089623028e-02
2.126552500111918986e-01
1.894537106771190249e-01
9.005606249698894228e-02
1.526427125158553652e-02
-5.172586313750828779e-01
-3.876304961438957197e-01
3.857982306579936238e-01
3.175298424102356298e-01
6.450198232740615711e-02
3.312022025597633479e-01
4.023739057301856659e-01
1.963412620242809270e-01
-3.885707801004337214e-01
6.313246285458917750e-02
-9.552557462300643662e-03
-1.408918409130155702e-01
-5.468966932216499099e-01
2.323468051898413822e-01
-1.928522885888125371e-01
-8.546909821246675976e-02
-1.021393403298408720e-01
-2.374534373546918209e-01
8.552541183238568934e-01
-2.369126109954005355e-01
-2.960163285891755178e-03
-1.265046817540070034e-01
-9.498368060072462371e-02
3.045003867595336144e-01
-2.623893095204941558e-02
-4.959901429581593801e-02
2.131797270107980424e-01
2.962546751934164724e-01
1.521994585810199641e-01
-4.495360637177435725e-01
6.786117385596444895e-02
2.643149455062940856e-01
4.638757673056752573e-01
4.046677726775816525e-02
8.983196309587780648e-02
8.300968387142518279e-03
-4.649307182669993460e-02
-8.052556707395719382e-02
-2.550395304251297790e-01
5.635956779684415247e-03
-4.951104174635408972e-01
1.393305080311613431e-01
3.922351303018665331e-02
2.819427548716702536e-01
7.041003035815215361e-01
-3.541200193069805047e-01
-2.214865074534159983e-03
-5.975820004473576530e-01
-1.753674201732304261e-01
5.954010776107864222e-01
-3.370344567430939575e-01
-4.938460790467151806e-01
-5.803681060210726939e-01
1.344306707300117198e-01
-4.122169342897294420e-01
4.591052049205969765e-01
-1.711679872149461379e-01
-5.361925875331369218e-01
1.729220883077138005e-01
5.282398833006231031e-01
-1.426425993670258907e-01
3.414572472924938262e-01
-3.994478863025260895e-01
2.223685141021491951e-01
4.301488492762170490e-01
-3.589035216284799934e-03
-4.145211916105156491e-01
1.905993888961367844e-01
4.210410904024575185e-01
-1.698596303395315948e-02
-7.153009863544071423e-02
-1.745654377017401837e-01
-2.889633869687694978e-01
5.715049793896193053e-02
-3.643659453800290327e-01
6.366563936929378609e-02
-6.902805022243158062e-01
-4.443660615184460982e-01
-3.534881264241331311e-01
6.236313488496936230e-01
2.044858146191366743e-01
-2.807351977979979235e-02
1.539913044151440258e-01
1.902698536624836401e-01
5.374212136004431484e-01
2.218915125074866213e-01
-3.925514733476078155e-01
-4.569120920827435817e-01
-4.185349649127466098e-01
-2.622760899823197711e-01
9.143033441142120465e-02
-5.169400976773442791e-01
3.907611688186972687e-01
8.740482443666523771e-02
7.145966489007982148e-02
-2.628686864927780031e-01
3.426347725667866495e-01
-3.025544860062185926e-01
4.290637670268245690e-02
2.992906027370699842e-02
-2.243237863269607196e-03
-2.613904998865782536e-01
-3.594105246707526291e-01
4.701421553400727538e-01
2.361519558368654556e-02
3.498354638846281617e-01
-2.409927165142088448e-02
-4.555102097436384834e-01
7.157248088260640406e-01
4.445012839411654482e-01
1.986527400747889818e-02
-4.863528861647739565e-01
-1.797962887552916333e-01
5.738293913657676049e-01
-9.619319460970997271e-02
-1.027707220131478527e-01
5.221606233687834386e-01
-1.982603687820372884e-01
-5.925837203713196083e-02
3.256881693250658627e-02
-8.958713580951384314e-02
6.234957660604948382e-01
-4.205579111379996182e-01
3.560927044218366033e-01
-2.949686734072952121e-01
2.877859323713906001e-02
-5.632316684920579686e-01
-2.028772684244022073e-02
2.099378920910976720e-01
-1.997524155769404841e-01
2.760845002913503432e-01
1.664210575368908207e-01
-2.267459145149413324e-01
-1.810376573293743380e-02
2.185230447853364899e-01
6.541805699923967099e-01
7.066952209147031767e-03
4.897044334144975974e-01
1.532583699565986390e-01
3.541035451616182383e-01
-2.285303690314970937e-01
-1.788077903891298337e-01
-3.919574778190275111e-01
-4.156150934139417052e-01
-1.426560538725753918e-02
1.230050321243755518e-01
-1.152259097885587197e-01
-2.772089329020493431e-01
-7.539627808501899245e-03
5.411826084067138387e-01
-2.978085585870769714e-02
1.247678793238150320e-02
-1.547911073047480469e-02
-6.069989311985720670e-01
2.815552805587460683e-01
-2.007414366648333226e-01
5.913913075697935229e-01
