-3.669977130146012123e-01
-1.283005912438951734e-01
3.429974980683242469e-01
1.524818571211600804e-01
-5.999890809570678635e-03
5.399379912510846730e-02
3.399572086737918941e-02
-2.939210977738871966e-01
-3.071747325222862202e-02
-1.886468111222934785e-01
3.759872718129664837e-01
2.213270847966382071e-01
-1.349891192441189380e-01
-2.457616560504940206e-01
3.688221596845768224e-01
1.040401225506113053e-01
1.100888390821493507e-01
2.660242373273520311e-01
-2.151403077308898237e-01
-1.070797656641664930e-01
1.007342792663883935e-01
-2.569438329627867224e-01
-7.695108727663603834e-03
6.877216858159142243e-02
1.965677157512478179e-01
6.541127230258718395e-02
3.707376810473966278e-01
7.958548594506623108e-02
-1.580285910465412669e-01
-2.643784949432665954e-01
-3.050815363192114216e-01
7.518401177590784690e-02
-5.035743613486544090e-01
-2.309373715200442045e-01
4.965558451246546712e-01
3.600495960433315878e-01
2.372146273791724824e-01
3.788829651207849536e-01
-8.225569684847043872e-01
2.668521970329555959e-01
2.328849225679122670e-01
-2.364254242850575283e-01
-8.855438643958543632e-02
8.211800914681005592e-01
-4.404665862423540190e-01
1.612609221717935595e-02
-6.107874351066675672e-02
-3.286952096896834652e-01
1.627133939613460423e-01
-1.148758399578040101e-01
-1.749307421898292358e-01
-9.133357786706848558e-02
2.975476685820420131e-01
-2.465400486961558946e-01
9.238108010508838674e-02
2.890051398614922329e-01
1.924431051470029408e-01
1.261560558522304976e-01
-4.376505626019974726e-01
-1.687428029413486907e-01
1.162563571981489324e-01
-4.064064291533158596e-02
-2.755939088951174232e-01
-5.176946625145942282e-02
3.830523416235030038e-02
-8.187274163030755503e-02
-3.804545377457018568e-02
-1.836385187889864601e-01
1.720818231754111804e-01
-8.728943786192151777e-02
-3.056671689270791525e-02
-6.823969184592824089e-01
-1.752315105950486840e-01
1.906691426870044392e-01
-4.309793823284877590e-01
1.116737324184141067e-01
-3.524181160120230527e-01
-4.859716307101774602e-02
-1.432517962652796462e-01
4.907821697012799272e-02
9.296454938191527351e-01
1.403586672053763473e-01
-3.097811181868290742e-01
4.123880373987521414e-02
5.179920991853503853e-01
-9.640101082652596798e-02
2.043492998354353163e-01
1.464729957590782949e-01
5.255808421649597051e-01
-1.214006304849478413e-01
-4.824735003646413722e-01
9.031243386526451034e-03
6.173463376276937531e-01
5.009345234637947730e-02
-2.797263987926293938e-01
2.025193044821252952e-01
8.002420557896879061e-02
2.362982883094136843e-01
-2.447393242410481617e-01
-8.422013277863862890e-02
-9.740045160614281550e-03
7.837624145112849494e-02
-5.573195442080286499e-01
1.909355949700784760e-01
-2.914779305026031220e-01
5.886500023185792935e-02
-4.485698047106362329e-01
3.693927956324430384e-01
-3.283295475587451606e-01
-6.666990836229066408e-01
5.548745978070679374e-01
1.838124777398058296e-01
2.041210957039991947e-02
-6.585321253168301414e-01
-1.556810855808700433e-01
1.331939305063723766e-01
-7.222216556549243549e-02
8.199295302621389947e-02
2.915951854175800051e-01
-3.500867266570933944e-01
-1.637722183391809860e-02
-3.120241923905427150e-03
7.751703350174246610e-02
9.260652863331339524e-02
-2.064857072178264419e-01
6.302000491656048475e-02
-7.541105186831007501e-01
4.111037133168115587e-01
5.267512989593033101e-02
3.521648300401792470e-02
3.409075143180973627e-02
-4.021563940603136572e-02
2.173085688373051216e-01
-5.993215279031212372e-02
2.208153965380520445e-01
-6.851764186984170557e-01
4.100458205683682467e-01
1.478417610484503431e-01
3.829922951040636292e-01
-2.205431595791188526e-01
1.648560024561581128e-01
5.445989152287683543e-01
3.676195565497193951e-01
-2.736570373433301340e-01
-2.279458939055826472e-01
-1.780641439291699712e-01
1.964544759991439932e-02
1.202058449905276938e-01
4.472328027247138849e-01
2.722199070122580666e-01
-1.357901280997074744e-01
-1.790701974994344525e-01
2.264225503362272685e-01
4.224332214884232717e-01
-2.287932147420425610e-01
8.209818959175428643e-02
1.088093842030589398e-01
1.141629546731454115e-01
-2.580482869033464133e-01
-7.126054301420922665e-02
-3.854528607773884397e-01
4.279765108158533060e-01
-6.187910013454305247e-01
2.639163487993548274e-01
-8.158249516254498235e-02
2.519479483836531974e-01
1.432608806054061490e-01
1.238586576594740002e-01
-4.440396386267631695e-02
2.475550810895024711e-01
-5.965055694690176713e-01
-7.263725521343200771e-03
5.833928679479012669e-02
3.565310766649232299e-01
-1.427538333193825726e-01
-2.599044034387852364e-01
1.605546566254574814e-01
3.938843519124188286e-01
-3.332837417882373310e-01
2.913112876897260284e-01
-3.140476622699488463e-01
3.341641534712991302e-01
4.694057471418308092e-01
1.972491684020326042e-01
-6.852438779091315491e-01
-1.428743188894156524e-01
-2.954868565576157513e-01
7.276544662902620364e-02
2.855559477823041981e-01
-4.668025452891297333e-01
1.043172660246212691e-01
-3.990548202120664523e-01
-1.380726278261792672e-01
-9.729408487186849697e-02
2.461684424034857044e-01
-1.387147757327457653e-01
-3.119782213829168649e-01
3.295621872510269279e-01
-1.958258536489831392e-01
-1.976975990173439057e-01
-2.846188233584645011e-01
-2.178983759772988860e-01
1.241606344083542868e-01
4.760749316632875150e-01
5.969217988866790808e-02
-8.582784220613254300e-02
2.954924225965063767e-01
-2.181243191140386228e-01
-3.769603198032832614e-01
6.026009902905306651e-03
9.532494895821136405e-02
-1.923941314264752123e-01
5.870471906858062972e-02
1.731668854232776000e-01
-1.256912902900063911e-01
2.410441243247445353e-01
6.752491111247516109e-01
-7.579430301665444070e-01
-3.707279806780761078e-02
5.376969665697900469e-01
-5.945787005427816130e-01
4.084006943670474565e-01
1.199731679076065094e-01
9.335848395185411541e-02
-7.021742978136803481e-01
-4.747391075575373987e-01
2.479064270515110302e-01
-1.755523121944114195e-01
4.155096477071056893e-01
-3.701525419176900922e-01
-1.002787698602878586e-01
-5.952479782613689929e-02
1.771690655642674805e-01
6.307995755959791562e-03
-4.123258372212688094e-01
-1.593524190660204343e-01
2.289618989540791461e-01
-4.116395375395212608e-01
2.717267143562176468e-01
1.829320634554118530e-01
-6.438438149589331694e-02
-5.100173038815363213e-01
1.846006685473563502e-01
1.318401589545731833e-01
-9.700890896851391276e-02
-1.412238152158697968e-01
-2.878443650836756129e-01
-2.758090699018893588e-01
2.415618694920396436e-01
2.074339303035700466e-01
-6.835323189651265618e-02
-7.610679320355365207e-02
7.755419514313286466e-01
-1.689514888370211021e-01
-7.171974657430517375e-02
3.366794878805420832e-01
2.898948175677096284e-01
-3.497794408835402935e-01
6.875852106310730294e-01
4.769100096060027022e-02
1.468205421829101298e-01
1.007970803972807125e-02
-9.307011034700027330e-02
-4.748595828023337989e-02
-3.061297281407041604e-01
