-8.484409052237751325e-02
7.172882380337874952e-02
-3.771143513192914964e-02
1.071704616337476046e-01
1.144539096216194013e-02
2.007937875707180297e-01
-1.205762314050703998e-01
1.935870533295848961e-01
-1.557922411375783078e-01
-3.599614763025363873e-01
2.624850436221753402e-01
1.116086902095504430e-01
1.283521378907709065e-01
-8.469370222846129836e-01
-5.160073408520610139e-01
1.330347630451769909e-02
-1.571414065471307409e-01
2.967172765232582998e-01
3.282437415514415091e-02
-1.603760940877094199e-01
1.994772525907818062e-01
2.049399440109769127e-02
-1.071565646878291783e-01
3.846756205821649094e-02
-2.119291194619574992e-01
-4.561030072460336982e-01
-2.035873643495878793e-01
-1.332298900546287912e-01
1.238926425475853910e-01
4.542155646899064259e-01
1.346067670979692044e-01
1.341291181833001167e-01
-2.486681391019904541e-01
3.957550092268814490e-01
-1.963160197228367709e-01
1.195073245375217197e-01
-4.418253014703403259e-01
2.507518405249403726e-02
-8.784762007786853233e-02
2.664805938150065223e-02
-4.333169399484015361e-01
-5.484586634139777539e-01
1.195438980661946843e-01
-5.156926484818589174e-01
-3.541499654813510256e-01
5.255999534025122821e-02
2.179279050752067071e-01
2.218598834489032001e-01
2.392342858249421611e-01
-2.737136803861314749e-01
3.795026836802300463e-01
-3.571796642054656523e-01
-1.803594527003229975e-01
3.973438013424096527e-01
4.711848349320151702e-02
-8.608803661152443498e-03
-5.348044590968292766e-02
-3.029174674856999205e-01
1.012024732039736863e-01
2.188849257628531497e-01
2.762830375461675092e-02
2.737841018807036231e-01
-1.427767613446311035e-01
4.007414877715184121e-01
-1.743708895590224683e-01
-1.123588493575998076e-01
-1.205158912977092184e-01
-3.338767140261567623e-01
3.827822541852046179e-01
7.705820644159661059e-01
-2.497501195112167838e-01
-1.408205842251535889e-01
4.205500040792643501e-01
-1.580380498125656674e-01
1.620094615596067572e-02
3.034022015846157827e-01
1.626929612010662163e-01
-2.386087267933649225e-01
-1.524615271608870670e-01
2.177352196029123665e-01
4.158112036188169047e-03
-2.619268188539339293e-01
-3.502876013792192711e-01
4.312620773678845776e-01
5.127145665080455883e-01
-2.595954537770323034e-02
3.896124946989536486e-01
-2.034372630594299958e-01
-3.909401535195514144e-01
-1.206733173150043720e-02
1.782672733442506319e-01
-3.804631012658566402e-01
4.821095304162246742e-01
4.268731276209846714e-01
-4.654483163464402939e-01
1.754663284197089876e-02
9.791761838505719240e-01
-6.135686409793295049e-02
-4.065600301800302574e-02
3.196631111681433879e-01
1.086089647051323021e-01
-2.246916144875313326e-01
3.746196619050099624e-02
2.237794060314745592e-01
-1.485235359397181210e-01
-2.400781831523620402e-01
-8.322899880191687860e-02
-2.531191138484217840e-01
-6.664656496011107933e-02
-1.829135146835654258e-01
-3.399242464548064002e-01
-1.400051790335490008e-02
-4.396107978276309058e-02
-4.889346083336281179e-01
1.686684928303097408e-01
4.537026006820931712e-01
3.721362813717402629e-01
1.270039959022806753e-01
1.236275700266302180e-01
2.885878385271498092e-01
-6.616633556587675491e-03
2.888629534458974669e-03
-3.867159206442322139e-02
-1.405117118632375761e-01
6.110506528417937178e-01
-3.780354288454607081e-02
-4.423946223564335645e-01
-6.549135299591843928e-01
-1.284106892675976885e-01
1.623836780478736530e-01
1.365030058119935941e-01
3.504225184353409461e-01
-2.367109709968333031e-01
-7.916344211357430327e-02
-4.768660169501473534e-02
4.265731253818242363e-01
-4.913338032723607030e-01
9.866175438460686453e-02
-6.666623244980110496e-02
-6.388380849648336302e-01
7.484901452603716365e-02
-2.372489441006271904e-01
1.655604949111742497e-01
-3.098125496825073211e-01
-3.943262122919370949e-01
-5.121979696713546693e-01
2.459375798383281464e-01
-1.436919958169473877e-01
-1.813649188554893876e-01
7.096518562378002770e-02
5.200459346045835929e-01
-1.854636049050412683e-01
-1.646170118395070547e-01
4.501415787688444192e-01
2.262850809805487251e-01
8.898985413613617890e-02
-7.349806032768027575e-02
5.252671779751661996e-01
-3.380333473200735073e-01
1.148695889297196571e-01
9.698295578935752781e-01
3.157877358750110774e-01
-1.188695471722201052e-01
1.450990414454965682e-01
1.262008942923509291e-01
-6.184757672663945133e-02
-4.525636332125044237e-01
-6.416947234046401771e-01
8.686790084660818145e-01
-1.952977695854977158e-01
2.104943056457659334e-01
-1.509519760951777423e-01
1.205605024697092992e-01
-4.042259841086860428e-01
-1.796806712603861711e-01
5.906480889127946332e-01
-3.412474307857851774e-02
3.546376478466288229e-01
1.780549817587063766e-01
1.288890772703575605e-02
-2.962468827377547353e-01
6.578477939725860812e-01
-2.066934247456706508e-01
1.001078712242757518e-01
4.216765201469547253e-01
1.215314319047329228e-01
6.590428243698799593e-02
3.046138547148337095e-01
-8.261532076130340130e-03
4.124767586565483701e-01
-3.205623397446258349e-01
6.929430312086309884e-02
-9.516436984666587495e-03
1.173180446315257863e-01
-2.164436849451053801e-01
4.083980670049471295e-01
-1.120876378882486868e-01
-5.018485310607124772e-01
8.835006360926860036e-02
-9.285521696045059836e-02
-4.395088393076027056e-01
-1.534220790670620949e-01
1.690477950040681909e-01
-5.209788369761091109e-02
3.273507129487013279e-02
-2.798383461298333263e-01
2.356104076649059853e-04
-8.181319308916041866e-01
-7.174612598530578644e-01
-1.073027958256669440e-01
5.382204023174294027e-01
2.346288627789944181e-01
3.553966978395915466e-01
4.429021124636616236e-01
-7.165320839206181791e-01
-3.583325091275438301e-01
-9.280574109788405912e-02
3.597516968463748133e-01
-5.151044470573039324e-02
1.184927013709707322e-01
6.789142322026166243e-02
-5.918072137655690235e-02
-1.752916094019200954e-02
-2.090647568057706629e-01
-7.216202025675041987e-02
-1.476753222318600567e-01
-7.842747827103726532e-01
6.838982351171683793e-02
-2.121129359557668292e-01
-1.390574568160136415e-01
1.547185870361330318e-01
3.601797693763451602e-01
3.284189125095732242e-01
5.010159434103780285e-01
3.169656610578150402e-03
-6.079754816752276636e-02
-8.832553926164696256e-02
-3.154354257098639924e-01
2.356636533084894014e-01
-2.265355318322472278e-01
-2.432820073944982897e-01
5.637561029194695927e-02
-1.353704893155614764e-01
-5.397395298812880382e-01
-5.758626587152120280e-01
1.082065195409309122e-01
-6.696861126130702058e-01
-6.951627866385032273e-02
-2.936152159134935435e-01
-1.057116833237064513e-01
-7.428386737445986931e-02
2.090771035866515470e-01
3.117156111674648789e-01
1.239404927931768083e-02
8.141893304964968880e-01
-3.172828744805032408e-01
1.073455258367124743e-01
-2.172772799250309306e-01
3.914710766795502783e-01
-2.207081796321818945e-01
-6.501300874956510434e-01
-5.642061486837934847e-02
2.158060754277014992e-01
1.422592873737647257e-01
3.087489209045093247e-02
