1.901972299144801259e-01
-1.151225025277904934e-01
-1.735484171408613885e-01
1.837748951252128893e-01
-5.728822555981138986e-01
-6.360690678162803091e-02
4.743785775111928338e-01
4.435759059062516774e-01
-2.555744345022427089e-01
9.020521706618225832e-02
2.953990120215415627e-01
-6.598483247541355942e-03
-4.653709981604115531e-01
-2.196885939125542420e-01
3.911751436917089708e-01
8.022756836245847900e-01
2.052072338183492106e-01
-3.442582944128695366e-01
6.596612070562316021e-02
4.215938029144466470e-01
-1.168935052450850165e-01
-3.840529270973644937e-01
5.385394962533613938e-01
1.214888646436134423e-01
1.990858321357355798e-01
-7.615027085750998570e-02
1.266188176616680483e-01
-8.472240271176270654e-02
-1.667987191163585181e-01
1.330485081971285455e-01
-4.394381432189915504e-01
1.440269352318312296e-02
-1.770854552267687454e-01
1.161596786370678314e-01
2.678259059619134824e-02
-4.285382567753877603e-01
-2.794101081203732573e-01
-1.291459741795521754e-01
-4.777330241418559775e-01
-3.138023623539475948e-01
3.818056768345259866e-01
-1.448956137080784079e-01
1.299686774453155946e-01
-2.518881194393006173e-01
-9.872457794927909369e-02
-1.542694955762376890e-02
-1.786155822410698535e-01
1.014185538624029770e-01
2.148396399456539985e-01
-4.433694299211144996e-01
1.075290877876004941e-01
1.212527586372556809e-01
2.132917880343236650e-01
6.008516695355035075e-01
-2.634613987979476102e-01
-2.718791180480852401e-02
-1.783883997705935087e-01
-2.447230798018707743e-01
2.483165770130734140e-01
-4.090179351217873571e-01
-4.271463204516707385e-02
5.071070954572052258e-01
5.133984634631064692e-01
-1.262847475923944973e-02
2.118582677731245187e-02
-1.397738228493222434e-01
-9.507602516947299964e-02
2.874235787989483648e-01
-1.064742571987136455e-01
-3.337107461781319562e-01
5.157176873074157397e-01
7.973943872332328597e-03
5.991076846441001358e-01
5.077950388747870525e-01
-1.541851043847470293e-01
4.143512425549575884e-01
2.042596663928385459e-01
-2.025075880597842770e-01
-1.984621421587132450e-01
-1.208485226332815937e-01
-3.399793156547804562e-01
-5.977743696564750964e-03
-1.381529492301794837e-01
1.734855557216947730e-01
-2.815213763463952357e-01
-8.082405719832291835e-01
3.086081703059084802e-01
4.704881361930180472e-01
4.494811907219282976e-02
2.659225651479241170e-01
2.971215529136967543e-02
6.584344474044822280e-03
2.842508289023277235e-01
5.110464725090746452e-01
8.639486385317901584e-02
2.007926481877147784e-01
2.704599165563036367e-01
2.313739522962766915e-02
-6.649736806331782435e-02
1.264633333783044544e-01
-2.791934795071892572e-01
1.124097105125191343e-01
2.355363652857658807e-01
-1.338458485666380593e-01
-4.756719871771465935e-01
-1.198721527041267387e-01
-2.369752341359476766e-01
-1.165528896835846123e-01
-5.837900919409624301e-01
-2.331997267255723344e-03
7.467335278238193541e-02
-7.869144941811481719e-02
3.945623362498887898e-01
6.063856993892356995e-01
-2.371813960001364630e-01
-4.884011264696536125e-01
1.941144965323635396e-01
2.862111841744107155e-01
-1.250663476008582187e-01
-1.744840223188538764e-01
2.057802482588190762e-01
-4.734668664139489724e-01
-7.308898198694938064e-02
-3.092769809773508460e-01
5.636544682664220707e-01
1.560278612568782863e-01
-4.791207028515123700e-01
5.034566634920043526e-01
3.499389426634538225e-01
1.156437186533430667e-01
-4.269993761220919337e-01
-1.441060907312078920e-01
-3.865991722104261119e-01
1.759141865500739588e-01
4.408120935552550246e-01
9.223889928368243785e-02
-1.131020922064260303e-01
-1.035498504427376579e-02
4.270589447968214381e-01
-4.694539534577942819e-01
-1.324233720405538772e-01
1.010692916264966101e-01
-4.343901277565842545e-02
-2.239072656036850129e-01
-6.151227709178765102e-02
3.848967583702841977e-01
1.216638302845351460e-01
-2.444608239179594800e-01
3.034891022456785020e-02
4.553678086780393874e-01
-2.401355142685299981e-01
-5.219581244132088793e-01
-4.380780269614645839e-01
3.360607001860909659e-01
-7.438564078242024258e-02
-2.818795753358201497e-02
-1.928056189177370650e-01
3.616418486788208209e-01
1.460592251262695096e-01
1.503241518441669755e-02
-2.610854392452923722e-01
1.552805455061072593e-01
1.869405054589275417e-01
-1.465434450084428797e-01
-5.563132082263888556e-01
-8.169590211741467600e-02
1.029870811346436654e-01
-1.509711945068381023e-01
-8.379001971049113151e-03
-3.137391589486200616e-02
-3.625732430733171752e-01
-6.746871466624576597e-01
-1.126268808751326039e-02
-2.654312585345637576e-02
2.789169541930485718e-01
-1.432209835212820137e-01
4.992813411954310499e-01
-1.419733527563966646e-01
-1.435992890856063048e-03
3.784559991608579810e-01
9.507908490888811182e-02
-1.657533058408080517e-01
4.541756823476875149e-01
4.866478163872193230e-01
-4.084774184181561574e-01
-8.889416913350481342e-02
-1.607797283890459727e-01
4.855812121832902423e-02
5.135232707678759612e-01
2.239691045857997997e-01
2.044372488845938862e-01
-4.870643808888128756e-01
9.066535467213585608e-01
1.559885707396990173e-01
-5.383994531222684454e-01
1.937956254099493791e-01
1.343493942998222335e-01
4.664725520867151615e-02
2.791330740862167370e-01
1.527598068149077504e-02
-4.808521022265663247e-01
2.104190716257356084e-02
-1.743712787260322528e-01
1.451762950101572192e-01
-4.323116220900723172e-02
1.562550553378198037e-01
-3.239798585962087585e-01
-6.657795621042685852e-01
1.283882360685619506e-01
6.328768441627251329e-02
3.195438394187767872e-01
1.890651646948321163e-01
-1.655081461713885371e-01
-1.837770400441809671e-01
-1.157307908479871528e-01
2.080333580623162926e-01
1.271240354200681155e-01
4.238947383595582652e-01
2.927650497307378030e-01
-1.614119380678052385e-01
3.238285105080520587e-01
2.092809912484007162e-01
4.953165281450818136e-01
3.015783720308294891e-01
4.270654970362961489e-01
-1.981311326118607719e-01
4.741224455536690585e-01
-4.317337111706355535e-02
8.338920104784030007e-01
1.369685455316956360e-02
-2.434216936550582036e-02
2.826329367587026020e-01
3.744557022737244473e-02
5.129475970854460165e-01
8.871490733710847565e-02
-6.939345615951836299e-02
6.235951506247497389e-02
-9.081818098558906704e-02
-1.980578611849053150e-01
7.687540217464007286e-01
1.421763121663771612e-02
4.081250649292798016e-01
2.999243854334288084e-01
4.665875250953665510e-01
5.270287259739096786e-03
6.250475070081244755e-02
5.455037284889043825e-01
-1.449287679851555544e-01
3.430862590285671532e-01
-2.910272230257213155e-01
-7.850657999900345629e-02
-2.712638991901309415e-01
-1.299078037603602909e-02
-7.549121385958192099e-02
4.273124916714546306e-01
-3.974874304014263116e-01
6.841929729255914472e-01
3.509433372929361694e-02
-5.063914595827520015e-01
3.312043217362329872e-01
-4.782555716584512839e-01
-9.955859744130007849e-02
4.699841174042521108e-01
2.291893858237595560e-01
2.809479417664957346e-01
