-1.122599162406171941e-01
-2.254320954327406618e-02
3.515751107160438593e-01
-1.609788927163920691e-01
1.093529277790576335e-02
-2.227976173733531573e-01
-5.015532206648735114e-01
9.650553788197453742e-02
3.920883975533373533e-01
1.844648366791226679e-01
-2.047221363551908202e-01
5.512136132511814557e-01
-5.191917515537646660e-02
-1.951002670892415802e-01
7.804689000519570152e-01
5.372758888475063221e-01
6.001054045292146810e-01
-1.746494640146539490e-01
-5.751178216270494969e-01
5.556061769091047431e-01
4.649791228780589813e-01
-3.385204932405669331e-02
-4.273242071811066967e-01
-2.209108447229198580e-01
-2.598874563695329765e-01
-4.858130764947564684e-01
9.371615986254965003e-02
-4.795067326500208199e-02
2.002179780238339257e-01
-7.097563204361818645e-01
-3.192305091732439669e-03
-3.427151367479547850e-01
-4.396807352501721500e-01
-1.983150548956722770e-01
-1.667690557956601205e-01
9.085612326472818079e-02
-5.510398034032604198e-01
4.000030395184498433e-01
3.890401326013317399e-03
2.359887724202955686e-02
-2.803679786359418724e-01
-2.543180674166753974e-01
-1.381687887150232219e-01
-3.460253170877834461e-01
1.209728841706709523e-01
-1.236401586411338821e-01
4.697027814660532097e-01
-6.352457361741084552e-02
-3.739115254683224310e-02
5.657931564949683634e-02
-4.542984180715577969e-01
-2.739001898919268263e-01
-1.321665880874340337e-01
2.453929895982547849e-01
-1.095026403542628951e-01
-1.181101296576265308e-01
3.269425999913352365e-01
-1.927424489708323696e-01
2.656368359936545076e-01
-4.739296552277797447e-01
-2.012207643176564809e-01
2.510093031014526410e-02
9.147731230814047654e-02
-2.529136231020584491e-01
-3.187060856552923482e-01
3.384494166345241445e-02
2.797092914292479554e-02
4.102968351659758151e-02
4.048085533544617393e-02
-3.526139230016055448e-01
5.362808778690971723e-01
2.167430000116585542e-01
-1.275786542320342942e-01
-1.217302965920561975e-01
3.092850364556187781e-01
2.397859943711204977e-01
-1.855211650684897018e-01
2.710468570319764584e-02
-2.537437363000799584e-01
6.727054937802342538e-01
-3.915700016125107097e-01
-2.211738647860263807e-01
-5.920675036883653597e-01
1.001155870168961570e-01
-1.373962143139716707e-01
7.633069781036448676e-02
5.212874576923962611e-01
1.801957787845722969e-01
6.209537274733839540e-02
-3.385858020060905083e-01
2.548723213006154082e-03
4.817570075393450696e-02
-1.565455944962780002e-03
2.995541175328712002e-01
-5.532224784879097995e-02
2.304016251548468286e-01
1.923006221879842645e-02
2.629679855322017857e-03
-2.146014646684326066e-01
1.924987958283819883e-03
-1.450793651184053845e-01
2.596652409299669562e-01
4.868883535436935306e-02
1.861138048790942079e-01
-1.648670525081279703e-01
-2.477485096050812130e-01
3.193382912789762273e-01
5.892120319637932369e-01
-4.186634407530994695e-01
-5.598216239068791733e-01
1.391253565664912484e-01
9.694982301430929428e-02
1.332010248097346972e-01
-6.519875438468167306e-02
3.147549705816939936e-01
-3.836856649865444391e-01
-9.460501510073200671e-02
-3.353644835118692602e-01
-5.517129875457508353e-02
-4.484595413160186173e-01
-3.018325654889811305e-01
-5.851062799489485933e-01
2.725400654899726161e-01
1.836854527588648867e-01
-2.304860093103921204e-01
-5.103955173149848923e-01
4.421263818424724795e-02
-7.326084748502178501e-01
2.634537546251971771e-02
-2.350347202705540539e-01
-3.107829666667640267e-01
-1.718588021422538248e-01
3.843448220376431967e-01
-1.047220713114138391e-01
-6.040243681192082326e-01
-4.264860764449855401e-01
-4.816904327432182109e-01
-4.797269802291411755e-01
4.720556633016430026e-01
-4.197567612094145750e-01
1.464833673052699792e-01
1.322617511034924198e-01
-1.136333124408037409e-01
-2.527898052694553255e-01
-1.840065888881295131e-01
-3.835299796614048407e-01
3.613460448921796964e-01
2.249379874386893408e-01
-5.748688000545179033e-01
2.930993667186089224e-01
-5.047740816917594131e-01
-2.075281028563916996e-01
-7.599147874223081967e-02
-9.736650949640077157e-02
-9.699351149948869100e-02
-3.052899684253337353e-01
1.078171641732437736e-01
-2.064722011803480084e-01
1.465560540692113500e-01
-8.916969864114927813e-02
1.354457931669206250e-01
2.763624038145106598e-01
4.724318740861632726e-02
-2.096066017527631609e-01
8.639041646921773177e-02
-3.243548937147485156e-01
7.902161409966988737e-02
3.743088627848258354e-01
-3.509553389639445409e-01
3.387302938590622814e-01
1.665789647408178267e-02
-4.638173185857768499e-01
7.289759951019753048e-02
2.831753413507941408e-01
-5.722979260520460326e-02
1.876632425375675262e-01
-1.998438849232544723e-01
9.207936554234039117e-02
-5.997632617942099120e-01
8.665501583331508551e-02
-3.444137594145009196e-01
-3.374377689372263234e-01
1.685479576385190137e-01
1.147890750840743213e-01
1.818361705783506366e-01
-6.148707626121893005e-02
1.896192203051967062e-01
-4.127698202232499836e-01
2.044918579126747404e-01
6.521301022371524259e-02
5.312806083921427502e-01
1.112680907682509907e-01
2.349667147014884994e-01
-4.244993524797878170e-01
-3.170753537494230834e-02
1.935198263565420657e-02
1.585379214755217592e-01
1.008019484520476100e-02
-1.098349622294843703e-01
6.478736350527727894e-02
3.192302721790739040e-01
-2.955446177374895234e-01
2.851117569388938455e-01
1.213830861521512788e-01
1.984547681715187750e-01
5.634336447147125781e-02
-4.423903405328641347e-01
-1.138816316497753972e-01
1.885241043907298283e-02
-5.948664942752551060e-02
3.590068166859893828e-01
3.556791200444578971e-01
-2.290818235212060683e-01
2.989999290560625966e-01
-4.310849835765910298e-01
-2.630127167319112336e-01
2.171477415865378235e-01
-3.043058388108100393e-02
-1.380798372619110037e-01
-1.626164038363925313e-01
-5.427411096956448189e-01
1.934006829021964469e-01
-1.337416981068875188e-01
-3.644623575107261426e-01
5.672824538527462823e-02
-5.010660600594180059e-01
-4.417233065190891844e-02
4.930592720255821265e-02
-2.170706782494556397e-01
7.196526389173324434e-02
-4.140814406806909709e-01
1.856336385310877468e-01
1.606837457793786061e-02
-2.024146084812954716e-01
2.878093872072657322e-01
-1.457003380615604915e-01
2.828020381937719832e-03
-5.709455388067773418e-01
4.735217690115943179e-01
-2.155067848559370433e-02
1.219991159273198372e-01
4.310791934221964161e-01
-1.893011349260453613e-01
1.538890298886128882e-01
-7.073859798478436545e-02
1.528486358962616032e-01
2.861726748202030324e-01
4.092484109334191822e-01
3.613573376222797839e-01
2.522063002549499444e-01
-9.278070809336633196e-02
6.133593752616711692e-01
-1.569389247498685080e-01
2.669547238913348441e-01
2.688113078997688143e-01
-6.729171535455159836e-02
1.045949521872684557e-01
-1.009736727941806522e-01
-4.063277128339306543e-01
1.890382870336617879e-02
-2.208314425025439398e-01
7.727691879352092952e-02
3.084514414343422772e-01
9.682411556205176850e-02
-4.344617536818753956e-01
