-2.561198272899519179e-01
-1.103024178778290593e-01
-4.515343261898067950e-02
1.603097180357291041e-01
-3.079867044619485350e-01
2.530022879625830057e-01
-1.522303813223433930e-02
-4.028508802022147117e-01
-3.820320079484738895e-02
-5.762990410895022508e-01
2.531374589747805159e-01
-2.338423354915036279e-01
7.841519717497073827e-02
4.198218233185153636e-01
-8.030374436554052475e-02
-1.197623181980784768e-01
1.659040901669115997e-01
-4.537090597102576978e-02
-3.036710625871023583e-01
5.099468014702115970e-02
-5.613545588054639213e-01
3.801982528991988963e-01
-6.014873512526471844e-01
3.154281583958677415e-01
-3.414800118747781665e-01
3.969268039532178882e-01
-7.216566776952303419e-01
-6.234252502942546625e-01
4.416596202192903386e-01
-9.082510258284194615e-02
-3.459471066512803672e-02
1.034451816796939788e-01
-5.223325480466928239e-01
-3.718141700451687570e-01
-3.405028399478679350e-03
-4.779957713408929387e-01
5.987594229020698489e-02
-4.414581412050216369e-01
-1.177821319426178293e-01
-5.372685830117587269e-01
5.224575765253319098e-02
-1.729566783684684250e-01
-9.018980725597740278e-02
2.681165452612679911e-02
5.783934510727190004e-01
1.279580190597393585e-01
2.202830349957998202e-01
3.472967512901021375e-02
-2.281257914830271682e-01
2.456216415602368586e-01
2.037243278434451577e-01
2.843347442594560404e-01
3.279113920179446140e-01
-5.309517498311853989e-02
1.911346397721475909e-01
6.488082034207480753e-01
-1.434423341242370697e-01
-6.298615018983325653e-01
3.983079640310637631e-02
1.914027428144601806e-01
-1.920868315582265062e-01
-1.027654343064462322e-01
3.264249065899010316e-01
9.178070319897607687e-02
4.429241581186395549e-01
1.141822931585442236e-01
-3.064405397755747273e-01
-4.222807013059753367e-01
1.458171182001393729e-01
-4.305620534505767982e-01
1.343109989455121278e-01
-1.654688891201130663e-01
-1.908616490850747680e-02
-2.968432265380366308e-01
-8.176423308134478374e-02
2.905315890220895314e-01
3.564475924851812638e-01
1.812491732576473891e-02
-8.001614006552201230e-01
-3.046576895337477775e-01
-1.740286688076868316e-01
-1.357174968198114895e-01
4.435736775342977722e-01
-2.776173153102375335e-01
-1.305125184939513183e-01
3.529201251197575662e-01
2.594657299651056959e-01
5.598538184814846885e-02
-1.502365141205837529e-01
-2.558919464968756885e-01
-1.752842104163066794e-01
3.772456927341665822e-01
1.934291735317995864e-01
3.641971456475041058e-01
-4.731716803862132115e-01
-1.267500908727754450e-01
-2.232799774393713910e-01
2.370409264990503972e-01
-3.451699516583077165e-01
-4.379403904493197053e-01
1.919536170888216098e-01
-8.962055016920978745e-04
1.993653035799687612e-01
-1.909712293599304112e-01
2.421963600440826536e-01
-5.826807746710157554e-01
-5.005593878197165530e-02
2.214839314022213068e-01
3.403474044907643936e-01
3.417090823277389028e-02
1.256301362523186242e-02
-2.579701170779664099e-01
3.107593535506691582e-02
-1.506489949930044647e-01
-2.654154546513292079e-01
-2.644266690564228695e-01
1.308002894673760130e-01
3.423529081993096357e-01
-4.318687151817735548e-01
6.872222643901207406e-02
-1.704026744083999290e-01
9.682994598245943385e-02
-5.993732498870621983e-01
4.976736394983827944e-02
-2.305097361257011923e-01
3.408846679536332025e-01
-4.644833641756786202e-02
2.471138718095362008e-01
-1.185185621880655849e-01
1.865787341575527725e-01
-4.453956854961814149e-01
-8.556978307720555788e-02
-7.692267527334596677e-02
-5.228269981796679344e-01
2.711644224639139442e-02
3.020728713380207639e-02
4.028306724604389100e-01
1.296672670492543533e-02
7.070501248162400221e-02
-7.203688766299418123e-02
1.184043328142513340e-01
-3.324149221590246284e-01
-4.135403637171235491e-01
-3.080169702772412310e-01
2.930074334493081301e-01
1.125664011636151769e-02
-2.419463207452611786e-01
-8.936753926289506267e-02
-2.083470460970746896e-01
-2.155102865133357859e-01
-3.530860009938737165e-01
6.435446963757579519e-02
4.351063676544477121e-01
2.871443556479387205e-01
1.539050845218406238e-01
-6.654280715474157892e-01
4.110654363364757979e-01
3.633660800499393662e-01
2.237441782213866331e-02
2.585961702250453090e-02
-6.016799848245230065e-01
9.421832490895597212e-02
2.677971524911594917e-02
-3.348863326930605622e-01
3.275262949588373940e-01
-1.673716194011895253e-01
-3.514364198973379973e-05
-2.379346739228105356e-01
1.984422503067798937e-01
-9.449562077340339927e-02
1.155372349922453301e-01
-2.881143393957801280e-01
-1.167990292084871394e-02
-1.867431732861884186e-01
4.047541047971982553e-01
3.945318631432611634e-01
-1.336180402367467823e-01
-6.096952472365393949e-02
-7.320954628479238446e-02
1.387149749433378987e-01
4.893672981692945290e-01
-2.734143508156179903e-01
1.124565966602635997e-01
-2.635255787548943518e-01
3.181637195538076779e-01
1.033122026573470159e-01
4.307551050698136819e-01
4.014550923110949548e-02
5.119425622961290001e-01
-1.964202148482089572e-01
-1.129545441835447112e-01
2.142697285953025499e-01
-4.115200030736894665e-01
-1.933401064641425138e-01
-4.091714580496740306e-01
-2.736260633560768166e-02
-1.919184931858815835e-01
2.332645909805989848e-01
-2.191221001277695105e-02
9.814024023572377742e-02
-1.839202249406832190e-02
5.139812528549694837e-02
-4.330010504330015775e-01
3.799835696072452196e-01
3.493963967864051057e-01
-4.022518757843363546e-01
9.308704286097872760e-02
1.569377291659946327e-01
-3.272668827727299168e-01
-2.448203409333895575e-01
6.026158541182830009e-02
3.314660157842126420e-01
5.932976654540685763e-02
-2.197874202609452141e-02
-8.020339675786893052e-02
6.633446272112901720e-01
-1.982475389192547566e-01
3.619946659305062764e-01
1.479717089522451512e-01
-1.040436138576026348e-01
4.925674162466344569e-02
1.698983804174513390e-01
-4.451960940321565419e-01
-1.342312352237910516e-03
1.477948481108344592e-01
-1.106501009020983417e-01
-2.852556814220382209e-01
-4.674318276395052485e-01
-2.932298208710069631e-01
7.106489015539745324e-01
3.777889731500415627e-01
-5.428555041743371445e-01
1.538797804907560962e-01
-1.537705977381240152e-01
-1.738653774650501804e-01
-2.615219949270562450e-01
-2.270923515119218639e-01
4.384521114917838136e-01
4.116264471309017403e-01
4.153718593209381749e-01
-9.518942634796244071e-03
2.815342233333770552e-02
6.294076937648260817e-01
-4.119028250971088490e-01
-3.317711477578166868e-01
1.698699231162177359e-01
-4.989935735521577875e-01
-2.131405680568471128e-02
-1.001573831315625968e-01
3.197451598029403264e-01
2.326951965159135965e-02
-1.311233333150040037e-01
-6.422648656678354717e-01
-3.275577724136530255e-01
1.803768471453519595e-01
-3.503644767442515850e-01
-3.939001796080111167e-02
1.907816734740903630e-01
-9.573102661999900731e-02
-4.046011944422425177e-01
9.836821127087629069e-02
-6.427910003689160101e-01
-1.780355467199415676e-01
3.543637232523317304e-01
1.441129087676484288e-01
