-2.535190733513693617e-01
2.176521468792030900e-01
8.208450599398384173e-03
6.362715956947698204e-02
1.014089550567137538e-01
-1.497357047550007536e-01
-1.942295711790347490e-01
4.043909616548015395e-01
7.748277037981587956e-02
5.131252245914433296e-02
1.141245939487622041e-01
-8.905345421036001130e-02
-6.742283254796994640e-01
8.527454322771824691e-01
3.832012346127228186e-01
1.368930156799476328e-02
6.972191447974611656e-01
-1.788723714200123049e-01
1.473726512201554983e-01
1.398313731005174643e-01
-1.933935126849391783e-01
3.999920529288964466e-01
4.049493117953028576e-01
5.025876917350322604e-01
6.571489396600160848e-02
-7.466963805212174787e-02
-1.331185659252975828e-01
3.927725334293816761e-01
-1.151035601854684398e-01
3.088381302973745579e-01
3.637895354924338132e-01
4.946794937644007351e-01
2.507325684910665098e-01
-6.441459835289431446e-01
-4.792775272612847526e-01
2.436340596095777078e-01
2.033870688461481696e-02
5.947253097215329798e-02
9.843130858351721857e-01
2.433202755020973940e-01
-3.569825973324464718e-01
5.068519001415839886e-01
-3.738093227965084142e-01
1.283014573578533657e-01
7.015820775198415571e-02
7.287129248162629302e-01
-2.867138351902943638e-01
3.830611382842877971e-02
-3.907546141304653609e-01
-1.120580516110313701e-01
-7.890832771792927192e-02
-5.470860404066489879e-01
-7.259840011333323906e-02
5.094011437864916225e-02
-2.843181662953998545e-01
5.843448739019471011e-02
4.172149599347466098e-01
2.064464759381544889e-01
-2.676139080843675799e-02
6.120961683751371396e-01
1.599567403318508385e-01
5.853785905356122948e-02
5.476702951640582268e-02
-5.621658978787663630e-01
9.964012039237195584e-01
7.259562173839306798e-01
-2.808286112111268440e-01
2.710897746924850749e-01
1.083939808351265383e-01
4.153305570137389990e-01
-7.783006408508678087e-01
-2.787889959725475264e-01
-1.892075008179002205e-01
6.236802070279131582e-01
-5.142521484633459927e-01
-4.872869998335949693e-01
1.447209013879628969e-01
-2.952091200097179957e-01
1.720950549016089792e-01
-3.979360413219783510e-01
2.022423194797844936e-01
2.662555457225961320e-01
3.316652211079555990e-01
1.915306080977109415e-01
1.119616405680423366e-01
-4.493424822833549936e-01
-2.182231939855052427e-01
4.734604017810177812e-01
2.374092213082635294e-01
4.165652106137456845e-01
3.844905254840282893e-01
-3.060052637450384472e-01
4.147997180196392741e-01
3.365278887132261421e-01
-5.585557880632899957e-02
-5.303138603716064381e-01
-3.104711939261692311e-01
5.245743103886537639e-01
-5.250056608614271925e-01
2.271849879868986233e-01
4.585637361321125427e-01
1.162448324877030925e-01
2.073253188465676577e-01
1.715063622294905332e-01
-2.716467014991759688e-01
1.449049599019548162e-01
1.663554994296490008e-01
1.611245270585298650e-01
-1.737083750211091682e-01
-2.135422552138060703e-01
-5.284238637189015986e-01
-3.483439572572950560e-01
-3.319725683146376727e-01
-1.206333235695842138e-01
5.412890578267592900e-01
3.798291161143836636e-02
3.129990808438760652e-01
3.878162581836198664e-01
1.972477430430743250e-01
-9.403608381101238867e-02
-4.243647493296018314e-01
2.317153380856279421e-03
4.835846236803477138e-01
-2.198700728788883230e-01
8.488138213419672840e-02
9.110329230199268324e-02
4.662597372230004034e-02
6.349911576453362017e-01
-2.378663459541416336e-01
4.691684819990655786e-01
2.119743873647239041e-01
8.973008059734354225e-01
9.356630818472413957e-02
1.368858896125108027e-01
-1.039456284393242697e-01
-2.558787352046439922e-01
-3.352632735107004269e-02
-3.399496516466817275e-01
2.682896093814406135e-02
3.351418021638225553e-01
3.109941978193042633e-01
2.464028608479317262e-01
-2.083700139737201251e-01
1.291262596696895748e-01
1.542145319179993035e-01
3.190810243752990605e-01
-7.396224043201908849e-01
-6.537381076906781385e-03
-3.766802792435152702e-01
4.894044249665052693e-01
-2.637910634162050211e-02
4.827371636459291959e-02
-4.143894671189122247e-01
4.105167899441319324e-01
-7.570716295970034149e-02
-7.705034603853247455e-02
3.896872079155929147e-01
-1.846693320465538773e-02
6.342503887267970653e-01
4.153906758086104989e-01
-2.973292234001382317e-01
4.141681048824542022e-01
1.652733236190526145e-01
5.210948875855421214e-01
-3.274413290829124024e-01
1.558523687444126615e-01
2.085580848455000635e-01
-4.593700999453834699e-01
1.285112084335830185e-01
-5.063023169516379651e-01
2.805585055105422887e-01
6.216978471698415831e-02
-4.951156451990020718e-02
-6.567698397244703390e-01
-1.029461313741533018e-01
-6.131085306186334627e-03
3.149578531066626330e-01
-2.362387298758177323e-01
-2.046156289959683711e-02
2.034214534833229393e-01
-1.480258302148607652e-01
-3.025601502588673442e-01
2.931222379115246413e-01
-3.657011464534401513e-01
-8.118125041618554083e-02
-7.686730945202746579e-02
-1.698980550775337217e-01
1.677460276488870194e-01
4.086500368018144425e-01
-3.516256451621418977e-02
-4.662045178839051979e-02
7.493496755491036998e-01
2.400954903214209124e-01
3.062604164392420114e-01
4.277940156379448355e-01
4.052906397106054159e-01
-6.759421551760323721e-02
-7.307975316260860721e-01
-4.652593387042375239e-02
5.410209939733150453e-01
-3.048157743192839858e-02
2.917082307635592009e-02
1.506168126376198346e-01
-3.182419652280919498e-01
3.274337025336467866e-01
-2.040224059254539535e-01
-7.020838576252059759e-01
-1.643742214492762699e-01
-1.240375921718669811e-01
-1.535079333576418181e-01
-3.639902955819876995e-01
-1.856452656817016988e-01
1.334720623007419060e-01
4.404504067446313349e-03
1.086851528490741375e-01
3.734033364916056891e-03
1.533505670460289239e-01
2.354531672527677144e-01
-2.215785392180305291e-01
9.273847865180429029e-01
-5.217492990397153418e-01
5.219253063785358471e-01
1.443451052185742989e-01
8.853037993846805953e-02
9.570402583399428842e-02
1.842831616188065069e-01
3.178500305407445659e-01
4.487017512398605579e-02
-2.356827923111102230e-01
1.120375678335770453e-01
1.917954537992283895e-02
-4.373393799857067110e-01
-7.319936543603676460e-02
3.154569788585250834e-01
1.059228021713347623e-01
4.868311463205443612e-01
5.443393495934156778e-02
6.460760430099981022e-01
-1.879327910973754845e-02
7.397885563120968344e-01
5.192194474629213685e-01
-7.615923588664882948e-02
-6.586831741262005879e-01
-4.175651489776932568e-01
2.077135661328711469e-01
4.228593987975416413e-01
-6.147064232329357142e-02
-5.648423395839109740e-02
4.410327191366666955e-01
-6.286964841575037877e-01
-3.961601731246721103e-01
1.506949658832103522e-01
-5.561246914814164111e-01
-2.395848481612472269e-01
3.937682011998070997e-01
4.838006910114954207e-01
-3.708336568220297891e-01
-1.144185657209599027e-01
3.136168581219760942e-01
7.235857700209315235e-02
-4.714003345206307372e-01
1.657201134151179422e-01
3.527964670517235724e-01
2.411650149035448332e-01
-4.858214418923805789e-01
