3.206700088026934736e-01
1.655090542061806447e-01
-1.305620129379519712e-01
-2.263040186216087046e-01
-3.737122472418503705e-01
-1.348391549308546322e-01
2.708071237208188320e-01
2.576503229422481001e-01
2.049512385097489869e-02
2.405609543489774238e-01
-2.946615115855498734e-01
4.445509666046791319e-01
-5.591717058731264789e-01
-3.064776356879640729e-02
2.503455479754945756e-01
4.722763867382478442e-01
-1.624415595385242939e-01
-4.588644805973213781e-01
7.133360711433386903e-02
-9.943590015499581547e-02
-4.705284930561483281e-02
-2.054097198887194775e-01
5.789256293230262695e-01
4.082400586468853954e-02
1.349127356489314422e-01
-3.415124834608198046e-01
1.408079416005273976e-01
-2.889668161071074493e-01
-1.944815018268764295e-01
1.173891593144564538e-01
7.451189188725299006e-02
-5.419167658822585110e-02
2.635298978446144746e-02
3.073815993867643481e-01
-8.980699875113647146e-02
9.146151598957436013e-02
-1.296950857900207865e-01
3.773307885775852022e-02
-4.326107573964364517e-01
-3.411281446252084626e-01
1.394517601702386089e-01
-3.400012171500586544e-01
3.740643291998020925e-01
-3.894829734942331645e-01
7.017452036380608660e-02
4.336433742012442416e-02
-4.147292537545442526e-03
1.385405285965916056e-01
1.447871981977688072e-01
1.139386652000644179e-01
1.847203968192459578e-01
1.002315634445476999e-01
-2.832490939424601728e-01
3.428341547272167333e-01
2.811763378983040407e-01
1.764085310938051654e-01
-3.539605700814534850e-01
1.958037535005583973e-01
3.055841916515210088e-01
-5.253983798361900881e-01
-3.758953927104134451e-01
-9.530624599046760848e-02
5.666610173489748936e-01
-9.152270713985491413e-02
-5.539031165136812929e-01
-7.345916609971969713e-02
1.153523613527537434e-01
1.340142304118907557e-01
-5.264620258050933810e-01
-5.578638841354801592e-01
-7.716555439114435033e-02
4.409210581766879328e-02
4.763091443333982572e-02
4.923639720796921804e-01
-2.249617798298217397e-01
4.423008493287373111e-01
-6.674882710750461579e-01
-3.325181919264158514e-01
-3.710653989167013722e-01
-1.185195506065636790e-02
3.115671909162097755e-02
-2.006488644024891077e-01
-2.537767926615607239e-01
-6.597892664399307439e-03
-2.650752334273643318e-01
-4.243433870027228938e-01
1.352559434928012339e-01
4.673156263497455498e-01
-4.080466324015533108e-02
3.845724096874940101e-01
6.774792279599141376e-02
5.589153616355861942e-01
5.944847506769261603e-04
4.229429173585148583e-01
4.046932709522110816e-02
-1.848726894793609188e-01
1.401182558711081549e-01
2.745602849826479508e-01
-7.904923028397988771e-01
-1.529041402676629621e-02
-3.440738229260793535e-01
2.118222700219490606e-01
4.432108750409912146e-01
-2.071997464238167774e-01
-5.376404825207508065e-01
-3.778078744784691967e-01
-9.486454051399045850e-02
-6.787177749050051778e-01
-3.948990301887457255e-01
3.065844374990402410e-01
-6.860333312246655324e-02
-5.941951229369017984e-01
4.762397412734043489e-01
9.992031886499626037e-01
-2.009579067958768561e-01
3.566254030481748050e-01
3.942236331294882712e-01
-2.888192104363975221e-01
-4.217057809328521312e-02
-8.878780075090045298e-02
2.658456104095796579e-02
-4.956477897087251394e-01
1.822914052643272859e-02
1.179827096352931148e-01
-2.654434983628357059e-01
-3.301650239708577295e-01
-3.913052836657507916e-01
5.199550065625638817e-01
7.000062653336063256e-01
-1.548063026131893116e-01
-1.052500053245966488e-01
7.791250204520736022e-02
-4.530972216972609101e-01
1.292788883341235706e-01
4.642226289046338383e-01
1.894935817992894345e-01
2.554701352063161734e-01
1.123985814160413377e-01
-5.070742456683020594e-01
-7.398052104515436822e-01
1.145013151666212786e-01
7.457503434595499914e-02
-3.288635649585583409e-01
2.755559405927988093e-01
-3.831665421964479679e-01
4.412005406026879850e-01
-4.215451494017083411e-01
4.629099755173303743e-01
4.398433159505135137e-01
-4.317950215779826906e-02
-2.701464802605447746e-01
-3.894655462722320660e-01
-2.772016417209547945e-01
-2.157293523361463738e-01
6.288502777952766076e-02
1.371701037693917324e-01
-4.780153213114292088e-01
4.535039678632487581e-01
-1.225428395694065642e-01
8.925841460953358453e-02
-4.451581212697651724e-01
-3.957502661880955841e-02
3.404566483937804255e-01
-6.665664512040131440e-01
-3.658262211420201249e-01
-6.396567334893150658e-01
-4.361192987931764714e-02
-6.472029447148555104e-01
-3.983600887784236044e-01
-2.205943149040850981e-02
1.465334781848879886e-01
-8.448204284497537464e-02
7.371374241509099923e-01
4.133320272507904486e-02
3.304668498937458065e-01
-2.676146701773652881e-01
2.732194798763616372e-01
3.200893742974087602e-02
1.086750410227986935e-01
5.340366368096969296e-01
-2.194402920026512771e-01
-2.989584173270473655e-01
4.087782312027432030e-01
3.289795372213975000e-01
-1.049445455334071242e-01
-3.491632366658112274e-01
-3.697105214397847228e-01
1.373651642555817620e-03
-6.307797822175722491e-01
1.215319356803716416e-01
2.298396768188237238e-01
1.129655797108232163e-01
9.119423112634000850e-01
6.854924094092867959e-02
-5.165685568782036885e-01
2.209375876110867276e-01
-2.048694321725774703e-01
-2.179974274532604089e-02
-2.866640026326597313e-02
5.081771445784863950e-01
-2.974088382969426458e-01
-1.261271299844452243e-01
-1.429750940840746054e-01
-3.588032823845509200e-02
-1.066191662721423239e-01
4.597073368822863770e-01
1.706850205710151447e-01
5.798050353754012898e-01
1.290726990317358214e-01
1.322538322128934962e-01
1.720568281977447045e-01
2.726362159925572737e-01
-1.899271976749615232e-01
7.692300895410439376e-03
2.043112099092686262e-01
5.459383505704427098e-01
4.732278650252094709e-03
3.069166793959370865e-01
3.802934132377966403e-01
-6.307656765093364037e-02
2.938692946680675488e-01
1.968798612526691805e-01
3.280426664768572587e-01
1.553627747810636950e-01
-3.188899470762097121e-01
-2.666382763210151663e-01
-1.045033179647583549e-01
6.905718130606117722e-01
8.563456214103563890e-02
1.623084888603795739e-01
1.605256896574761005e-02
-1.905245198576290336e-02
-1.638839085862196787e-02
3.839993465201843592e-02
-8.195887702607906541e-03
-2.149661318753117931e-02
8.769126684278599759e-02
1.356966991481270979e-01
-1.072282311067523364e-01
2.423513356048177525e-01
-2.211375459898784201e-01
1.646218724920869847e-01
4.443737676652229074e-02
2.772723375767115472e-01
4.148422230709253311e-02
-1.001478844296019854e-01
2.643469288865858413e-01
2.319178513128398456e-01
2.861535895041698030e-01
2.390042573555756500e-01
2.697957784321241420e-02
3.728951773187761942e-01
2.934914700376562435e-01
-2.061625477845492327e-01
5.051005928982601478e-01
-4.357935842443358410e-01
2.368771490113720235e-01
1.509814467629168322e-01
-6.214175582923361363e-01
9.284553630791480758e-03
-2.270566280880845778e-01
-3.327996957400654321e-02
-7.092685879413926364e-02
3.324668857958164303e-02
-4.899091679582023295e-01
