-4.130262061407111163e-01
2.590121184071362825e-01
4.188576591585254499e-02
1.135414020502881899e-02
8.216801396049369655e-02
-1.287792091459444843e-01
-8.251586733495804016e-02
3.396303702403200009e-01
5.423857769106705390e-02
5.131252245914433296e-02
7.705577352531815805e-02
-1.055877477331997050e-01
-6.833889664932277785e-01
8.042154232071565545e-01
2.915407829715195298e-01
-4.930113114479678371e-02
6.965676489669155869e-01
-2.118090887517589949e-01
1.473726512201554983e-01
1.344724670730248484e-01
-2.128522459518455978e-01
9.682353200778219537e-02
4.184050418985107989e-01
5.042615668530064932e-01
-3.045147981754398048e-02
-7.466963805212174787e-02
-8.838195394603060029e-02
4.100981458229556731e-01
-9.522276392869168105e-02
2.633679288362631432e-01
3.637895354924338132e-01
4.827511296909597349e-01
2.681496342218588347e-01
-6.322986601959816877e-01
-5.061540696967615771e-01
2.089965112835664718e-01
4.263568088921649291e-01
-2.870585065014476522e-01
9.887520820298437707e-01
1.927698435953789369e-01
-3.946184023074673086e-01
4.735357964663754471e-01
-4.278341024908398627e-01
1.283014573578533657e-01
4.261471950850202750e-02
6.983918375896341901e-01
-1.375792829875143461e-03
-8.289639014551104801e-03
-3.907546141304653609e-01
-3.717252272203125374e-02
-1.751107085551749376e-01
-6.057198869310340683e-01
-1.163578797423658190e-01
5.501624085255167607e-02
-3.507275977969875891e-01
8.781433942134084236e-03
3.855747553535194827e-01
2.029704068190056887e-01
3.970231735057049016e-02
6.254768577879340485e-01
1.036757475240196458e-01
1.108986022377368985e-01
-2.826294793172762776e-01
-5.465839914169339231e-01
1.000000000000000000e+00
6.380455851559554414e-01
-3.114860962974098646e-01
2.309191670642698757e-01
-1.101200217077675375e-01
3.677031706306104208e-01
-7.783006408508678087e-01
-3.187023741696138890e-01
-1.625656343709886431e-01
6.169749076133042021e-01
-5.215930825508490187e-01
-4.809809825767039082e-01
1.447209013879628969e-01
-3.202971361707859232e-01
1.564684184459738669e-01
-4.012448377611327333e-01
1.232449019848607247e-01
2.094306727636638943e-01
2.517538065488392762e-01
1.560663325735777707e-01
-2.562338236148191672e-01
-5.538153865274660914e-01
-2.659879628603023516e-01
-1.562981501994029077e-01
2.374092213082635294e-01
4.003809822882760661e-01
3.764081344534965790e-01
-2.472092186576436146e-01
4.486153780542994074e-01
2.948266910163752086e-01
-1.736804220984195790e-01
-5.886758303177666019e-01
-3.062596102650548824e-01
4.748455246337250912e-01
-5.250056608614271925e-01
2.104931994673967799e-01
4.431370444995925695e-01
2.273727723217809082e-01
2.007167088312169778e-01
7.442462582587524578e-01
-3.754486742901401164e-01
1.449049599019548162e-01
1.267256897759791168e-01
1.628246300226426913e-01
3.563164107716543239e-01
-2.517309216367985547e-01
2.657056558668648497e-02
-3.877323869026502168e-01
-4.076225613915444579e-01
-1.744683357193168027e-01
6.178884122949751534e-01
1.256327301096400728e-02
1.966313212270777155e-01
4.446981767310689837e-01
-1.900728912236500645e-01
-8.937506993283536594e-02
-4.243647493296018314e-01
-3.512977796143206682e-02
4.864548220313668625e-01
-2.390052242511450931e-01
1.245427600870804424e-01
1.038228247832087142e-01
4.662597372230004034e-02
7.201506850653806024e-01
-1.545466578713357853e-01
4.365883404789239197e-01
2.039556824376638489e-01
8.573167660458231865e-01
1.209952297931147919e-01
1.202411368328552971e-01
-1.441666840360081303e-01
-2.513576105836994312e-01
-1.221083154205276078e-01
-3.843159253546913900e-01
2.862930077873015663e-02
3.345928622637037164e-01
-2.042881964477613888e-01
2.464028608479317262e-01
-1.320635885847028235e-01
1.297137060571743883e-01
1.221497805838313022e-01
3.190810243752990605e-01
-6.802669114863916233e-01
6.653427986966649332e-02
-3.766802792435152702e-01
5.165558145045696659e-01
-1.098233852782200537e-01
5.209452496295313012e-02
-4.143894671189122247e-01
4.238428966468500425e-01
-1.516320725185471563e-02
-7.754009044441997900e-03
-2.135447913656575991e-01
-1.846693320465538773e-02
6.404418772233891888e-01
3.781539005256863151e-01
-2.991664392908021664e-01
3.639638578756565490e-01
1.652733236190526145e-01
5.472860093656717329e-01
-3.613125117124397212e-01
2.436832160153801774e-01
2.246080082934678035e-01
-4.304572423238431922e-01
1.442276575685140783e-01
-5.403125896196999678e-01
3.287502434426376463e-01
1.077375606195297431e-01
-1.729369512569637057e-01
-6.363885011959128368e-01
-1.250601139885805790e-01
6.904552434349424915e-03
3.222588532335834977e-01
-1.901164836106332967e-01
-3.330496203288439011e-02
1.915068605926039114e-01
-4.494887935376187110e-02
-3.265559799719707779e-01
3.081981329634548294e-01
-4.072302912029229782e-01
-1.222042143554973453e-01
-8.479059984377798620e-03
-1.526034834639499738e-01
1.140935937329390221e-01
4.086500368018144425e-01
-8.167737607599429017e-02
-9.746847461636010124e-02
7.962338450810670931e-01
3.143626510806128982e-01
2.898017820023077173e-01
4.540473632255429548e-01
3.416830261876803165e-01
-1.288424296955502923e-01
-7.152739456139017848e-01
8.621070285469469019e-03
5.138526103057786676e-01
1.311256275563370960e-02
2.917082307635592009e-02
9.106298456607123115e-02
-3.909750529635894201e-01
-5.576592096698953505e-01
-2.040224059254539535e-01
-7.020838576252059759e-01
-1.898295832222807733e-01
-9.960824813849250559e-02
-2.127391223337253001e-01
1.065167620775973462e-01
-2.157766252795277062e-01
1.334720623007419060e-01
2.087033788332249597e-03
3.075410202830200501e-02
4.612956550010155476e-02
1.763448128612136179e-01
2.954818586545605585e-01
-1.361045134588139416e-01
9.853961174495947661e-01
-5.547172782368683386e-01
5.684525325377521865e-01
1.339413884540394395e-01
1.405189154148225317e-01
4.274098583485292507e-02
1.688091122801186617e-01
1.694283552435444928e-01
2.092749145561222657e-01
-6.908228517527577328e-02
2.881814848328677348e-02
-6.617018757889314706e-01
-4.431616813464113735e-01
-5.253951357807457034e-03
3.287552518339419971e-01
7.255895694897926407e-02
5.442283195931251205e-01
7.573135462275720764e-02
6.253316020824736254e-01
-3.359559923644936386e-02
7.443832260980782767e-01
5.584134605916963867e-01
-1.172050766531999022e-01
-6.412585454392438766e-01
-4.158729501097438996e-01
3.105698022260756641e-01
4.193112368871018680e-01
-3.410669485117515110e-02
-9.868908380900691391e-02
5.563793935713778893e-01
-5.922528315109467645e-01
-3.844235783839757836e-01
1.684481754124323716e-01
-5.561246914814164111e-01
-1.412172117114794678e-01
2.942025826185876713e-01
3.926162939409351127e-01
-3.708336568220297891e-01
4.605110391219215948e-01
2.593375925248140867e-01
4.160366787948224787e-02
-4.965777010731979302e-01
1.090573741374288169e-01
3.527964670517235724e-01
2.472527523367515079e-01
-4.714535808448179766e-01
