2.399907711681705247e-01
-4.075609840529120093e-02
-4.716755575342829881e-02
2.139572246185064419e-01
-4.124334352118476099e-01
-4.654011408448379544e-02
-1.554865820508904983e-01
4.051990932219207697e-01
-1.330789776766380106e-01
-6.303883881315747173e-02
2.261554346468421239e-01
-1.843581644005626297e-02
-2.707900667433094655e-01
-9.180008130915286169e-02
3.400006807214965843e-01
7.023082649067097227e-01
1.290083462754708088e-01
-4.286924867029162645e-01
7.765224466149206473e-02
5.019889673088627491e-02
-1.735697389088839970e-01
-3.766675716074366909e-01
4.820581006070292496e-01
7.788231352858704382e-02
2.231807466164699993e-01
-1.157314663351436818e-01
1.137298401197753550e-01
-1.340003157332724515e-01
-1.275410792665298831e-01
1.465053556871465379e-01
-3.715512045273409170e-01
-5.735109395516697905e-03
-8.635844644697179828e-02
2.370575071259646560e-01
-4.395935569189127201e-02
-4.633125822492979995e-01
-1.623209249490346340e-01
-1.094434404121460008e-01
-5.940791437775513328e-01
-3.489315928976925441e-01
2.927908225719607627e-01
-9.320463863165472096e-02
1.996008215231617200e-01
-4.247835971291727408e-02
-1.247321468262309677e-02
-1.565102837809836944e-02
-1.354662521893774951e-01
1.944576409522369154e-01
1.487960879843993611e-01
-3.715575542528161690e-01
1.425250512004757053e-01
6.989150430571400285e-02
-1.379542307732329609e-01
5.935736365800207137e-01
-2.754467738743346383e-01
2.139634285020478865e-01
-1.480296861899893859e-02
-1.809099081956292709e-01
1.490224326070946070e-01
-5.123351199975370029e-01
-4.222388071506503193e-01
4.107994568771277111e-01
5.295978915827973532e-01
5.374868109443240449e-01
2.732239106317886634e-02
-1.071315258081066424e-01
-1.343732393752832821e-01
2.648681530228701453e-01
-1.893685328379344501e-01
-4.565453608495567139e-01
4.240255603500929782e-01
2.068972064846678616e-01
5.419377895044559246e-01
4.898341289765096862e-01
-2.234012617847871418e-01
4.539047688092911481e-01
3.889873907011808241e-01
-4.536407338042063031e-02
-1.215519575852052753e-01
-1.058686309338843917e-01
-2.450897672087223866e-01
5.351230473933200199e-03
-9.584738927868272085e-02
1.764392739468455817e-01
3.753483336957634253e-01
2.353333004312749277e-01
-5.506540776796471359e-01
3.962490841769150673e-01
-2.375487573050183154e-01
2.205869622837532129e-01
-1.170773213231685733e-03
5.066215949546128972e-01
2.011240684232031006e-01
5.470917726583071072e-01
6.234401214089188570e-02
5.293270346920477681e-02
2.754281808124471875e-01
-1.160969167693505916e-01
-3.382972215660005888e-02
1.965408435259143050e-02
-2.441206106152384869e-01
-6.132683235361212348e-02
3.025269002042337840e-01
-1.761578757983432997e-01
-4.052516158459428808e-01
2.322843594678815071e-01
-3.084862973135346076e-01
5.326230016830657554e-01
-6.232461530769816127e-01
1.244921667409913391e-01
-4.345390128492489235e-02
-2.049587478624282089e-01
3.319328093985519090e-01
5.596658261079652252e-01
-1.657673404088310654e-01
-5.468267324594737744e-01
1.404859419312323165e-01
1.950260489721918344e-01
-1.359520343696167255e-01
-9.817582160896723420e-02
2.040734264011676569e-01
-4.734668664139489724e-01
-7.161991563414441334e-03
2.082864076330948333e-01
5.488667001120357547e-01
2.198920426220837832e-01
-4.494986669224754761e-01
4.379674818186465313e-01
1.453754416683828432e-01
1.156437186533430667e-01
-1.919595618438642570e-01
-8.770778908659015993e-02
-2.811375709994333727e-01
1.194733900401840215e-01
4.344530348022768163e-01
-1.586279216808822445e-01
1.750309328543697140e-01
-4.777332399273595542e-03
3.467403365462420339e-01
-5.234843616220644646e-01
9.596731458003285309e-02
9.254158115365168635e-02
-4.097232899605972589e-01
-3.406465354071178675e-01
-1.278139894406351562e-01
3.718251176623580401e-01
1.771115055323784770e-01
4.555064288879570600e-01
-1.044523952501359015e-02
-3.291293035357573116e-02
-2.315340020063442472e-01
-5.219581244132088793e-01
-3.845562467524992756e-01
2.528719157197321654e-01
-5.206259175873288042e-02
4.019882455816024130e-02
-2.435101792569772106e-01
6.907035425275818152e-01
1.223480976879135207e-01
1.596633119689499503e-01
3.814053850874943863e-01
-5.830483685895179041e-02
6.895375717779983482e-02
4.512324734014666050e-01
-4.937955671022755677e-01
-3.828955261080044248e-02
1.959274709947635695e-01
-4.362027098721331375e-02
-7.339282541085384581e-02
-1.039614655994695047e-01
1.702835579466474292e-01
4.035141586695614735e-03
-4.808677585653389069e-02
9.554856538420661294e-02
3.503741635207525684e-01
-1.738535109139680845e-01
4.615056984530570561e-01
-3.998423353093610855e-04
-4.678372553440779402e-03
2.850720608486456142e-01
1.419378504694481791e-01
-3.431845029935517433e-01
4.387875518140870179e-01
3.208712786555193985e-01
-1.702827894593816060e-01
-1.580574606273221772e-01
-1.397026202499212222e-01
-3.295415537081364254e-01
3.205105179224623790e-01
1.742093000939083092e-01
1.329260843481260279e-01
-3.611601730656768261e-01
8.652882851916948725e-01
5.856248642762121315e-02
-4.014772730556875890e-01
1.414095671349522576e-01
-3.448123148827870327e-02
3.010599244143852965e-02
1.745218143567504043e-01
3.915449539005847607e-02
-4.206747303050058506e-01
-3.565932823713152677e-02
6.908235755887835380e-03
2.064196528326339986e-01
-8.005721231864722232e-02
2.524534756407874059e-01
-3.625198620270282945e-01
-6.589296088017871922e-01
2.165718765253880074e-01
3.332987728049871534e-02
2.333858884110489307e-01
9.225724533489099155e-02
-1.475152668284862023e-01
5.207217535439137568e-02
-9.392186641755323473e-02
2.024764695166574036e-01
1.850256209639419280e-01
3.763123533269156495e-01
3.861663873455882245e-01
-1.294302671683111305e-01
3.900225331435132614e-01
2.366194371905542826e-01
5.011446186014988369e-01
-4.788988576498342392e-02
4.214866196700518541e-01
-1.887946744632633678e-01
5.105617351258201486e-01
-1.048326365193227722e-01
7.847696738073554057e-01
-9.717019610159874365e-03
-2.742617774139525372e-02
-6.378818297106422786e-02
7.739249398058310747e-02
5.692573740958587619e-02
2.440467839338832101e-01
-3.853235071010279594e-02
3.688559983011711896e-02
-9.757401534070310467e-02
-2.125649136889892210e-01
7.570605673925860923e-01
-6.471333937587556151e-02
6.143487901884536057e-02
9.042819011012985519e-02
3.195484104111321333e-01
1.369405465252365450e-01
-9.717076353933656527e-03
7.829320941289542590e-01
-1.965911868479181257e-01
3.113145818201389914e-01
-2.873656981119194209e-01
-3.729422684408137401e-02
-2.737577678609868226e-01
1.189437845360609425e-01
-2.194143321820597736e-02
3.525480351102737164e-01
-3.843295357853471206e-01
5.557871182373831376e-01
-2.326888316180857896e-01
-4.256621522923525469e-01
3.278482013681056073e-01
-4.699392157776592915e-01
6.840543356879447146e-03
5.190670667963541707e-01
2.275769882784928477e-01
2.521839362128034390e-01
