3.566393428386315789e-01
-3.914260612416962659e-01
7.109473034300645145e-02
-7.817162158181079068e-02
1.401586180544439897e-01
4.318074109604819188e-02
-1.800053095949228910e-01
-1.708244402121573136e-01
1.892038042611677851e-01
3.129251655653941810e-01
1.696587083991589820e-02
-6.099743860082198488e-01
-5.711608473735766411e-01
-1.170144981640063309e-01
2.223418496687078472e-01
3.903324722319733708e-01
-1.085245691727009937e-01
-4.714198431693245039e-01
-2.247700776593126726e-01
2.565963115831099151e-01
-2.592532887832452171e-01
3.384929260482371638e-01
-1.565623148888184912e-03
-2.986981462506185236e-01
-2.201554438980172779e-01
-9.822817454278506485e-03
-2.263890248474361988e-01
1.266812812105460317e-01
-3.905800465350264261e-01
-1.828692143827540528e-01
-3.615361276393862927e-02
-5.837302577999614606e-02
-6.001072980435412374e-01
-4.980253904438045748e-02
2.779152177016758207e-02
-1.623199323914949199e-01
-8.865824290150033926e-01
2.687034647069345625e-03
4.958436006215527492e-01
2.194407833269426122e-01
-5.649405269126431817e-01
1.382173845439100927e-02
2.469112976323838138e-01
2.380600402414325412e-01
2.005879265993402161e-01
-6.565857870744574720e-01
-4.534388401055224893e-01
-9.581918915448525698e-02
-7.837919700491698116e-02
3.163089839060194142e-01
1.853850515662980314e-01
-1.346397960791184123e-01
9.690984042636162366e-02
1.723878931308214513e-01
1.144003251995847764e-01
-1.187768140015546536e-01
2.617624074306171278e-03
-5.382088686702062308e-01
2.693892657581916650e-01
1.248294716989672704e-01
1.099093078948636948e-01
-1.886375292315904950e-01
3.548539008875404854e-01
2.402624100631219339e-01
-1.677111653221975219e-03
4.054816977429515079e-01
-2.202901385225167485e-01
9.715230109381355061e-02
-1.760101830758326324e-01
-1.037526654037242008e-01
-2.839972224010075541e-01
-2.273246567847451716e-01
-8.645244963957547657e-02
3.930771162492237014e-01
-3.906632213194277670e-02
1.357258747818395339e-01
-5.712342798729885818e-02
-2.265555974753894752e-01
3.063814416221098957e-01
6.069922592612350121e-01
2.691429640129439638e-01
-5.891049489318295196e-02
2.655127326452015324e-01
-1.808539478875998696e-01
-3.979395692261299411e-01
2.035434974468493252e-01
-2.704034888740643461e-01
-2.387816580758636564e-01
3.823542034293204162e-01
6.242513482720061235e-01
-6.014784875839590539e-01
9.974322802868877680e-02
-3.706656929711454329e-01
7.273783121637009304e-03
3.253395755417689845e-04
1.706107215587658876e-01
2.304398431266775280e-02
-1.740557527789904080e-01
4.795667542338891698e-01
3.902755879647333837e-01
-3.289194055390244620e-02
3.530855906387368459e-01
5.837915987201346413e-01
-2.144505559833438657e-01
-5.875458977715310172e-02
-4.720419102737073436e-01
-3.497580326538281548e-01
-3.038782365707906608e-01
-1.610900792324729269e-01
6.062566269686053833e-02
3.583794747795027158e-01
-3.993876356228522329e-01
-5.047015256077042045e-01
9.419479531948694861e-02
3.632390881426302287e-01
4.710711957122366011e-01
-1.203253954260088826e-01
2.008627488690135354e-01
-2.296865499574399783e-01
2.643104642666949666e-01
9.984604098633846625e-02
1.949376899395948159e-01
-1.111796387121124913e-01
3.745016932051382086e-01
-6.434650246871524704e-02
2.168150042600615890e-01
4.192050575108576815e-01
1.446252957849595289e-01
2.162062239196191060e-01
-1.380523787831818283e-01
2.027838305539455266e-01
5.874676779882053168e-01
-4.016625576910353712e-01
-3.455280852736243857e-01
-1.866587102941485651e-02
3.330595470822937387e-01
2.047883348468250708e-01
-4.620838715033873667e-01
4.911523513111896722e-01
-5.796674819960961900e-01
-2.808692569008026663e-01
-1.104900169643857483e-01
-3.908017228919435232e-02
2.975170398137611527e-01
2.419866929599288341e-01
-4.670476790979437576e-01
1.977604495517291117e-01
-1.480858802164275456e-01
-1.564053428363291753e-01
-2.182012898207619511e-01
-6.082681532970504040e-02
2.095025537430835472e-01
-4.463319992924041357e-01
7.641538274207816672e-02
3.387696549254152756e-01
6.476934277575591148e-01
5.446135364996342876e-01
-7.113299466687258432e-01
-3.976642103801391048e-01
-4.835532869849897275e-01
-2.936281089824076540e-01
-7.716389625725479651e-02
1.370141067133925916e-01
3.339780977626730651e-01
-3.539910370059300426e-01
-6.250484530123336449e-03
4.649102967663173436e-01
4.996657037401098372e-02
-1.733898821426240189e-01
1.905147515476991738e-01
1.580500442789260218e-01
-1.425627447777998713e-01
1.586614700355891971e-01
-4.696604797873699111e-01
-2.798106181862006214e-01
-1.357887877891859607e-01
6.592417892700778992e-02
-3.915866467320741062e-01
-2.533890471630852459e-01
1.299113038116112284e-01
2.439643638497755729e-01
7.694895243849470337e-03
2.041993171744261801e-02
-3.653542651061338076e-02
-1.415940816147816528e-01
3.405100048002007163e-01
-1.070442390961779712e-02
9.028886871278220261e-02
1.013270737004350330e-01
-3.934316987879551974e-02
-5.094955276497483698e-01
9.263693400304294501e-02
4.390973146354658074e-01
-6.107771316200543144e-01
-2.579327478264188955e-01
1.937989879830645801e-01
3.303676299374858072e-01
-1.164154117926557569e-01
4.575226819870167189e-02
-1.281781023476937786e-01
-6.285144453669858078e-02
-9.436337557280936872e-02
-4.026000436304248697e-02
1.000612467006299633e-01
-1.180969518560879006e-01
-5.608354627907661261e-01
-2.366571387700722728e-01
5.542110481015634360e-02
1.133362508923096840e-01
-3.139353338679687355e-01
-1.680387967626816859e-01
-3.789648494618173546e-01
-3.597350718427623772e-01
1.110477964003806495e-01
3.305582907799939352e-02
2.431829007506718099e-01
2.939908598386435923e-01
7.251494638121975811e-01
-3.880149182631092430e-01
-4.977324593121779661e-01
1.378638616581397691e-01
-3.419070048681119856e-01
6.479150237175487770e-02
8.539288198687641773e-02
-1.894275634414143983e-01
-6.584036585924397944e-02
-4.331334069791755587e-02
-3.505286802202263463e-02
4.066440920608193066e-01
4.366126459973765361e-01
-5.727361463939001363e-01
-1.908580521511136774e-01
3.822429530034734957e-01
-1.015466249516502467e-01
-2.617341824884543700e-01
1.967890931482146055e-01
4.946845110162715331e-01
2.512056915551529324e-01
-5.953912502281376584e-01
1.651062555829301837e-01
-1.879527087303306185e-02
2.620703441030037273e-01
-4.727633146717888368e-01
-5.514058998530423361e-01
-1.870486449217721725e-01
-1.678156951305749267e-01
8.709494467654324903e-03
2.603669184085805055e-01
-1.059211465761023818e-01
2.536611042972322649e-01
-4.025696640019707506e-01
-2.127671017785462415e-01
-1.121699915999625485e-01
-4.851816421353532527e-01
2.489388162627942935e-01
1.700107623705201798e-01
1.699372993603746607e-01
4.332316489119886760e-01
-4.591321185111624801e-04
-1.653814764502125473e-02
1.152666658276064321e-01
-5.249856268805096898e-02
3.471670259863750968e-02
-2.231312161641355041e-02
-1.224482246855862072e-01
