-4.668491750597822953e-01
1.392863301915854279e-01
-6.323834812569860755e-03
2.387627200958698515e-01
7.594992083992013754e-02
1.554247866366267883e-01
-2.084809930513405463e-01
3.811439413568143419e-01
-6.062014456601343138e-02
-8.294079622551057962e-02
5.429655917408644505e-01
-1.534932943035555164e-01
8.715024054683545573e-02
2.377013999236639030e-01
2.368657935529974723e-01
-1.041922986406870616e-01
-2.470982432258989614e-01
-2.947555262166488554e-01
-2.513210312886836606e-01
1.219939945708516660e-01
-9.428401641332276317e-02
-2.230111413864267200e-01
9.682924917307362753e-03
2.714982612252437866e-01
7.211398610222527483e-02
-5.975711761439421454e-02
-4.395124159909745698e-01
2.551584131452684368e-01
4.356565656358944438e-01
1.872676886098953719e-01
4.598129246228848110e-01
2.753070345839448985e-01
2.543980044388206574e-01
1.598046073604707795e-01
-7.777696060546968049e-02
-9.214441298483286996e-03
3.373794799155566820e-02
1.322616951023104503e-01
3.219859093547326467e-01
-2.278440258325161727e-01
-1.715706599584658487e-02
-3.761051407090956200e-01
-4.700572786424011551e-01
1.655685316664414486e-01
-5.711084965286057358e-01
2.566040771491696626e-01
3.233015539616571621e-01
2.861746395881548666e-01
-3.817061109554771847e-01
-7.759166595634633956e-02
7.994425608271221728e-01
-7.915547101410826125e-02
3.810603075018883512e-01
1.253205526119770784e-02
-6.438614620060835632e-03
2.653123009825784084e-01
3.470676594222121270e-01
-3.348102207203060288e-01
-1.963698252266862232e-01
-1.463896025503196308e-01
2.247803666508195464e-01
-4.623635650693395244e-02
-2.675886084368826467e-01
6.939941381196015890e-02
-2.681380474033581707e-01
3.149513140877734929e-01
-3.859246030774878822e-01
-3.020204999054382222e-02
-1.542014561573220865e-01
2.865769013577540436e-02
-3.548363342856469260e-01
4.667364469240955493e-01
-2.010882498880763869e-01
7.668218655603423750e-01
-1.312159387544551969e-01
-2.657789240669918285e-01
-3.418374288990720933e-01
-4.828588179538662040e-01
9.907782072834069031e-02
5.723948977894807028e-02
-2.285152555571827171e-01
-6.278202153258157781e-01
-6.917943889056285545e-02
2.676384974214657264e-01
2.050860139652535274e-01
-6.400030927051900131e-02
1.162443327027781748e-01
-2.049570955446765874e-01
3.616272935492501756e-02
-1.036476617337678680e-01
3.881150872889803649e-01
4.646326382745905592e-01
2.565784062706139013e-01
1.047937504219503407e-01
-5.519879680477495221e-01
3.877082057709740209e-02
-3.984559593981191750e-01
-1.618954837097885957e-01
-1.913534769681438374e-01
9.188951005621935619e-02
-3.544403228465760058e-01
-7.401093589137692774e-01
1.014816137698942161e-01
-1.994951281948338928e-01
-5.395377192709297637e-02
1.973639234883195204e-01
1.285994388114694853e-01
-4.576350039458145225e-01
1.203312613376377044e-01
-2.006049439470156681e-01
2.295425234267386150e-01
-9.199658845338964941e-02
1.366527248742737954e-01
-9.442739276709313789e-02
-2.294221835452507352e-01
-3.730583155627529846e-01
-4.130737359896717309e-01
-2.469877093129271006e-01
3.327933436248995958e-01
2.585116058959714865e-03
9.858302354184288185e-02
-9.850166011300610924e-02
2.288286555170175596e-01
3.855579801970682174e-02
2.584832843123868740e-01
7.909040056637410554e-02
-1.577997574897078426e-01
-2.692042686357136883e-03
1.459508621000433770e-01
-4.309938224264938111e-01
3.175934984798073901e-01
-4.259909429646566853e-02
3.148475096131198581e-01
3.818155531690656801e-01
-1.937614579615959676e-01
5.404843190307021678e-02
4.395431256070272269e-02
3.025155156820920344e-02
6.567779883035382293e-02
2.050046450391612984e-01
-4.836062471211299285e-01
-7.633957969609783678e-02
-3.491717478295567334e-01
6.087841276653308681e-02
3.153015358064545359e-01
5.671348165063850866e-01
-1.048717726629283531e-01
-2.100791668603414208e-01
1.528332059845691031e-02
1.579624068274920190e-01
-7.910810716432641054e-02
8.174441968147404258e-02
1.981502200571509942e-01
-3.614336224379717244e-01
-1.306360866253125641e-01
-1.025697529335312941e-01
1.604719849745029348e-01
5.120227962505498054e-01
6.407084615894993451e-01
9.230768100005037891e-01
-2.581785462359876826e-01
9.333142184456359736e-02
6.276434446875291118e-02
-1.724744947968603614e-01
-1.546069363989932000e-01
1.191334446617700431e-02
5.842992553017275492e-01
-5.446799354138149862e-01
3.411054238088995216e-01
4.322780377718288825e-01
-1.002678271786391628e-01
3.723634993986506547e-01
-3.191906142346832148e-02
-7.657118761060688339e-02
-2.971330515002315042e-01
-5.937855072948169388e-01
-3.953813822009988321e-02
1.082565435157384209e-01
-2.863966220257150100e-02
-2.062161975680041337e-01
-1.138121216875829789e-01
-4.590705260175692581e-01
-1.156414259362647939e-01
4.732239479033837348e-01
6.305270555382133102e-01
3.491477379243073664e-01
3.406714771512341922e-01
4.320845458139268430e-02
2.122768476189592635e-01
1.705400916664084054e-01
-4.637007605950356770e-01
1.579323866711425731e-02
2.354769852402088456e-02
1.277710054555840878e-02
-3.816111073696478173e-01
4.054612931179459034e-02
3.252920322286497606e-02
-6.393007239159889110e-01
-4.198754230639107909e-01
-1.563798713282970598e-01
1.153749879824284286e-01
1.820739184105737429e-01
6.037298853253485476e-01
-2.929855201229067951e-01
1.830363566371244199e-01
-2.612328713642306233e-01
-9.977509922701757739e-03
2.922663543955912324e-01
8.160962875963946594e-02
-6.260504914564088419e-02
-4.440902758604521883e-01
-4.919518050973147733e-02
2.237810568854207427e-01
-1.278437751188664095e-01
-3.098342874679365644e-01
1.412101882378579559e-02
1.563912604959180608e-01
2.154861543076937169e-01
6.737568788100696537e-02
-5.274558653992231783e-01
-1.665038244230359621e-01
7.530725279772799985e-02
-2.781848229413851903e-01
1.841898570739863294e-01
3.889291333012589308e-02
-6.290867997949288470e-02
-1.796375372896994727e-01
5.816300969993570130e-02
2.900645258583491315e-01
-6.290429093524067816e-02
3.110847983050837873e-02
-4.931776838071653124e-01
-5.653886715920131145e-02
-4.127936601800130147e-03
1.865035501743643465e-01
1.265763714777161930e-01
1.294021980270705918e-01
-1.879356175407435880e-01
3.677375555523487716e-01
3.803942003707262431e-01
1.983611755838039434e-02
1.727115774267689030e-01
9.418982741657327962e-02
1.961475664107233119e-01
5.688234016615791866e-01
-3.962120272203586424e-01
9.997696058614004289e-02
-4.716542112023288658e-01
-3.112816843918565085e-02
-1.388211292092152993e-01
-3.529137432608678848e-01
3.294573551077748658e-02
1.057881223656502306e-01
5.349207008827429055e-01
-6.403291058521071166e-01
8.562528703304021771e-02
3.539190271869337989e-01
-7.156451488081032597e-01
-5.213306629123047875e-01
-1.484344664573851447e-01
-2.418603100736969880e-02
-4.417566470956614810e-01
-2.391917634733539133e-01
-2.919867904465490386e-03
3.111461466410548327e-01
