2.086768699417542727e-01
3.046056984013859330e-04
1.326012579375683009e-01
-4.869201681423508399e-01
-2.961014246284169316e-01
-3.145623505744603032e-01
1.996223652313846020e-01
5.518032319046624057e-01
-2.907514896466101284e-02
2.866390818594616863e-01
-4.826065897513189679e-02
-1.469182224617094079e-01
2.721161265790534856e-01
7.003330782175344604e-02
3.583308358702690377e-01
-3.769771972314900355e-02
-1.373492489591608134e-01
-4.633711941296330683e-01
-2.224389084767678659e-01
1.210979652221469416e-01
2.469556510442651731e-01
-1.748548172068157269e-01
2.250406974991574216e-01
-8.696448314245461275e-02
7.959243605368061802e-02
3.856786960868029412e-01
-1.685229312947793268e-02
3.222053647781349950e-01
1.687950467730859605e-01
2.356468097797698724e-01
1.397063225171424894e-01
-4.074955878749657590e-01
7.916614242940336887e-03
9.210245035957949356e-02
1.112993527018062145e-01
7.699104718596985197e-01
-5.306747645978302508e-01
-1.720801930843453842e-01
-1.412410108626793448e-01
-3.381352355975364432e-01
-9.732851379491991306e-02
-4.655572466828379330e-01
5.268977632141162992e-01
2.942266865850337587e-02
-3.606792961485171256e-01
6.096494955649815056e-02
4.447228250311661135e-01
-1.064874624825178362e-01
-2.173711280205298801e-01
-7.078604577201981496e-02
1.283401824620854781e-01
9.817164755401912302e-02
-2.283004610941619106e-01
-1.725501222532410117e-01
-3.150199772352803573e-01
-1.044622234917263193e-01
1.128069965929765633e-01
-1.578926442796723395e-01
1.320012729215274960e-01
-6.491159763562113216e-01
3.823833899454547047e-02
-1.789707066837891991e-01
-1.521228041340961512e-01
-2.467421735413820143e-03
2.967052792021430130e-01
-4.918468822669302964e-01
1.784178126085663729e-01
3.667579015964744782e-01
-1.901604861879988839e-01
2.167519635031736336e-01
-2.616148954979072294e-01
2.148004956133821863e-01
-3.600506710459667192e-01
-1.628070597687403809e-01
4.732042324352636053e-01
-9.274052334801946226e-03
3.988056698909834830e-01
2.705737329472596153e-01
8.271223253626039384e-02
6.078447736600420814e-01
5.968917913033934541e-02
-3.202799606306998281e-02
-1.520390365295732349e-01
-1.210437828906709284e-01
1.616462983254735725e-02
-2.745551390848798845e-01
1.538385903172889424e-01
-1.381956395631559753e-01
1.245318343177498344e-01
-2.629152689102421947e-01
1.447103093959626642e-02
2.483868123479887891e-01
-2.973857114290788806e-01
3.950338281628064108e-01
3.874502881118659370e-01
-1.070086300763971460e-01
-4.251346123528165211e-01
-2.599582945142384083e-01
2.779343385572047298e-01
2.377793581880561502e-01
6.581162539767100306e-01
2.374924570197379514e-01
-4.476687874988389271e-01
4.786762416337378978e-01
-7.271300429248182817e-02
2.301159311617974046e-01
2.820582682374640493e-01
2.020734002841676757e-01
1.383052781919957008e-01
7.705156217972612687e-02
3.128078211806837872e-01
-1.817334943593611196e-01
2.909602534470377977e-01
5.903659139898864705e-01
-4.969491307327140728e-01
3.681660023828052519e-02
2.116630473975292248e-02
-7.541946220711395754e-02
-4.704582812209051612e-01
-5.643382131504517396e-01
2.990877963603362222e-01
2.197687640542955179e-01
-6.763951659144036566e-02
1.995570561017724065e-01
3.044823995220738433e-01
1.075940937910632861e-01
-4.889589469474129313e-01
2.792541247692404971e-01
-2.365556091520174542e-01
3.214592267617770172e-01
4.454075673836647709e-01
1.836677670820322517e-01
1.387492149404412622e-01
-4.663408746623626255e-01
2.131785846193129108e-01
1.760435991093707297e-01
1.173748254039856803e-01
5.608147490156946136e-01
3.332972957156921656e-01
4.862264067542994561e-01
4.461339722644411948e-02
3.565923581666365083e-02
-1.153300202030821675e-01
-2.507718866193741625e-01
6.473079218849916439e-01
-1.468533196369148641e-01
5.413386935830386548e-01
-1.160761543635614595e-01
3.881241939892560167e-01
7.514297349539492687e-01
-2.354713251444061073e-01
1.912629765519317793e-01
-3.493289298332460935e-01
-9.786619964313721109e-02
-3.905508739494958914e-02
1.582723642715437584e-01
-4.848588035016456743e-01
3.927056360446920524e-01
4.369386863582229164e-01
2.960222977510241216e-01
8.359069895165792685e-01
-1.917299358693117239e-01
2.120830192562276478e-02
2.158255273087797410e-01
-4.725314937638179780e-01
-2.906752011149647125e-02
-4.819349854279843942e-02
-2.732179009463859276e-01
3.880627352221345805e-01
-1.042606780091208819e-03
-1.812838629972925719e-01
-2.682675730215524634e-01
-1.769471793498935408e-01
-4.012657068016183826e-01
2.149248527822240906e-02
2.958454902809973808e-01
-2.530695261251664774e-01
-7.467251450596561480e-01
8.103502200365181318e-02
3.176337183282614829e-01
-1.043211802990648834e-01
-4.506729321046727410e-01
-2.366507626004469289e-01
5.674016806735907581e-01
-1.399618226801005449e-01
2.166024153836083530e-02
2.264014045513165485e-01
-2.365207544657084091e-02
-3.515689925184128928e-01
-3.690257983517695739e-01
-1.655298029305694862e-01
-2.463968364470517369e-01
-5.177042044480459904e-01
-1.463127430129548545e-01
-1.688356650373423473e-01
8.258786910606850939e-02
-6.451052913519186860e-02
7.883919687849067284e-03
-1.483340980457076297e-01
-5.700030347275943932e-01
2.855957669317077396e-01
5.214835503332304611e-01
-3.256643826800422192e-01
-2.911838692565709708e-01
-5.227294103012420923e-01
-5.188927385219828103e-01
1.614146370360184934e-01
-2.595032342848265991e-02
-5.281413882122092396e-01
-2.704937015077901394e-02
-4.458988607400668491e-02
3.880983752797810271e-01
4.633990869263500123e-01
6.149838250779472437e-01
-1.295467777377222185e-01
9.042407986880564297e-02
-4.148508558679314673e-01
3.765922550981709027e-01
7.514226946185980846e-03
1.638755803088216834e-01
1.838183153088863153e-01
-4.206937403411124543e-01
-1.636256223373557528e-01
-6.625703792091928168e-01
1.424638976439548121e-01
5.107936492982387833e-01
-3.639788058035316881e-02
9.008315119242170377e-02
-8.483394507101456317e-02
-2.380446344822461091e-01
-2.378996111203756647e-01
2.929841900730060789e-01
1.443001381523428828e-01
4.957478384733152860e-02
4.298202528322675464e-01
2.116715854942844977e-01
3.759796046454884633e-01
-2.201947762869078118e-01
-1.078090962119756108e-01
-2.078119208713104238e-02
-6.852718056371610578e-01
-1.278120211290976749e-01
1.260829795622977201e-01
-3.032698548591514776e-01
-8.895134740511162486e-02
-3.058310967495725952e-01
-3.887935497338690927e-01
6.907577487573800523e-01
3.976347397810763296e-01
-2.107684944347487377e-01
-6.482102085511419476e-02
2.717094157511659724e-01
-1.787955479248401758e-01
4.445226762124470654e-01
-2.320152928380386781e-01
4.295217662122975955e-01
-9.332336816683754754e-02
9.096280613596541276e-02
3.500576979150727408e-01
-1.325102545106943142e-02
-4.535979192744957755e-01
-3.772766102557362222e-03
-3.888508234678103581e-01
-3.747435169400938348e-01
3.020104167997304523e-01
