5.046227078156091395e-01
-1.048570004298823161e-01
-6.507377082298417825e-01
-6.972389142611702673e-02
-5.977454128946191325e-02
-4.393504393070063463e-01
1.996223652313846020e-01
5.285513752952415434e-01
-1.983025251740634376e-01
3.138272050249564238e-01
-2.635078563139891736e-02
-2.818121506473697177e-02
3.913257201191308043e-01
1.863336394527138340e-01
3.558795843797097902e-01
-4.984465063474786267e-02
-1.373492489591608134e-01
-5.104288803853259671e-01
-1.182509771804230447e-01
6.732815184477816683e-02
2.669313271979805724e-01
-1.767507203269114702e-01
1.936102230548126524e-01
-1.327897861328002360e-01
1.343016151830070670e-01
3.495640754628406288e-01
-1.875682695613497541e-01
3.820391866704538897e-01
3.629291931509819880e-01
3.880967023736764387e-01
1.783737686596532646e-01
-3.822662103362651775e-01
1.948949518347558862e-01
5.388856217050577158e-01
2.732363546733831278e-02
8.314299902308496248e-01
-5.384390772332199315e-01
-2.243031594729006373e-01
-9.117269008904765881e-02
-2.792683334964900510e-01
-9.976829399009118360e-02
-1.307805146291761145e-01
4.871388163239219193e-01
3.970988332540302534e-02
-3.671020699466827075e-01
-5.509883621899955841e-01
4.254438070371311387e-01
-1.026744607086004513e-01
-9.147163781552933304e-02
1.151010845107834635e-02
8.236739044933145959e-02
1.729750723938200396e-01
-2.355634941125123727e-01
-1.404709462909544404e-01
-3.613337834371784796e-01
1.227218890612157831e-01
1.217075785483162226e-01
-3.122367211702116729e-01
1.276815474272595674e-01
-5.457982369387806010e-01
-4.692102157762487735e-01
-4.631197810035079382e-02
-1.931091180267589802e-02
1.534566321877732162e-03
3.036389462061226396e-01
-5.032077464543558420e-01
1.979712688176806512e-01
2.844027116642026121e-01
-1.733433143325408821e-01
1.684311466216318887e-01
-1.917441182622747764e-01
1.930228155253001787e-01
-4.972198409790652418e-01
-1.584292386332704639e-01
4.155663646804076405e-01
1.184486719461993187e-01
5.008231838860635055e-01
-4.536147548391125661e-02
8.661130338164198250e-02
5.703068981543172322e-01
-2.112923851223933169e-01
6.600850931310561776e-04
-2.048349815330301193e-01
-7.871090733537818018e-02
4.167624081377101219e-03
-2.807358309245147066e-01
1.382923872308403079e-01
-1.762680015431765113e-01
1.245318343177498344e-01
-1.603856780843447571e-01
-2.598405616802480084e-02
2.724002705823215242e-01
-2.975598026098105753e-01
4.409821620669715503e-01
4.372202962458769937e-01
-1.423799815290028026e-01
-2.617657923051790458e-01
-3.094839270965395461e-01
3.649735061393523106e-01
-1.812603439948608786e-01
7.152871155761844069e-01
2.972684381114872876e-01
-5.401898926647701327e-01
-5.678106508971653144e-01
-2.885814398519586654e-01
3.376544931439149355e-01
2.092976856662009388e-01
-3.323404261715217078e-01
1.367686327498736087e-01
-1.529831612049879774e-01
2.482612760101411131e-01
-9.391469814142550110e-02
2.252763464005947958e-01
5.712224029693947491e-01
-5.139398993437458429e-01
2.485880993706798825e-01
3.483046872436111607e-02
-1.617248311274836758e-02
-3.276991347614303662e-01
-4.037057102392763164e-01
2.622014550940782174e-01
2.056463258342145495e-01
-1.134643043368190052e-02
1.007756450830675637e-01
2.341998596024689738e-01
2.017743916572359575e-01
-5.215204494330933915e-01
2.492087143265751814e-01
-3.080755497157602329e-01
3.433030407426642117e-01
4.192983030795806032e-01
1.390287765460540004e-01
1.067654403549115893e-01
-4.480668933282472288e-01
2.506463279418466583e-01
2.944392090988987021e-01
1.084366874241636525e-01
5.461293879490399794e-01
4.081928710632770629e-01
5.135399012835635268e-01
1.071367898849713562e-02
5.557293344613920688e-02
-2.475533829800223851e-01
-3.200240680823829842e-01
6.836730935518149366e-01
-2.857618684503838713e-01
4.967885215130605214e-01
-9.885677308415984077e-02
4.603618834164528439e-01
7.792173188487051538e-01
-3.660547789544705277e-01
2.811651340277235844e-01
2.124911643516849691e-01
-6.289349140797663440e-02
-2.034153294197461881e-03
-3.464295175628520074e-01
-4.633663477291232735e-01
-5.694661223836572361e-01
4.310266800693133837e-01
1.969156820549409492e-01
7.984089935458872356e-01
-2.118810111817165387e-01
-8.487278092589720102e-02
1.910619578100156146e-01
-5.915555336349819227e-01
-9.445082717724331833e-03
4.071009982280002215e-01
-2.245704775299602746e-02
3.562222672370465304e-01
2.577211121269186358e-03
-9.827618855133803122e-02
-1.891190793174080675e-01
-2.003917325587914189e-01
-5.453073542232905052e-02
3.883712288357548531e-02
3.210517665676785315e-01
-3.436804886596449005e-01
-7.621293084466517209e-01
3.463829559573966543e-01
-5.914354241262456124e-01
7.599214907195894764e-03
-4.778539978294894519e-01
-3.070391440485232271e-01
5.370472718725274319e-01
-9.564165307233152280e-02
-7.091086417823558308e-02
1.847935197126223117e-01
3.979389261860652449e-02
-3.010565501513846054e-01
-1.257614821442717135e-01
-2.083767390830480737e-01
-1.844741698362818705e-01
3.721881012996361981e-01
-2.043766292492656955e-01
-2.069509038503691278e-01
-5.930555169870952575e-02
-5.604573642298810165e-02
6.649902073265515079e-02
-1.713495701211140976e-01
-2.926513190315258583e-01
2.390561156909121465e-01
4.563722259644653056e-01
-3.714852321522300049e-01
3.908299176609966175e-01
-4.367624696240690052e-01
1.463344820371823007e-01
1.023612429304763677e-01
-6.525189540013301426e-02
-5.612604003039736167e-01
-1.381100200966934310e-01
1.520538343109736901e-03
3.393328608679465619e-01
5.888469383810162050e-01
6.891070403723101867e-01
-1.452953277144263811e-01
5.640790918976545942e-02
-3.703931988476253379e-01
4.580005128239673096e-01
6.258789792557145626e-04
2.927278644356177129e-01
2.321716575746457512e-01
-4.483090795183833910e-01
-2.378301282555945473e-01
-6.506108063240670925e-01
-3.602694037361517942e-01
-2.893754661592823352e-01
-9.800951056879853712e-03
9.009327895545782283e-02
-1.534455205515007914e-01
-2.819716918560884467e-01
-1.881990068663971227e-01
2.696861839731676813e-01
1.219342002785421125e-01
-7.866151295861621706e-03
4.377335270149431690e-01
2.042596706552145536e-01
3.393591327220043530e-01
-2.687890661651118340e-01
-9.811546880781682467e-02
-9.953865217171993518e-02
-7.227582562811692979e-01
-2.798175777984906465e-01
2.562493298238085471e-01
-4.470701992990929741e-01
-5.546014342841552175e-02
-6.854830488832829305e-01
-3.152611555710222446e-01
7.317122875925708980e-01
3.977425412924779913e-01
-1.141839642968814905e-01
-1.249921390524941223e-01
3.038736206066292023e-01
-2.236785809828746308e-01
-2.032747704865870558e-02
-3.418688712607611535e-01
4.743158578925584790e-01
-1.291357050801626161e-01
1.630559600144667609e-01
3.914293979261296297e-01
6.225809798449183363e-02
-4.539940838728434014e-01
-3.547876734451181624e-02
-3.374338571147810217e-01
-4.197052083455112825e-01
2.541064153548168170e-01
