-1.492460888882227166e-01
1.011273811526971350e-01
5.476747515786482001e-01
-2.294502582736275831e-01
1.799803423723316670e-02
-5.388332913085861625e-02
-2.631094217196187635e-01
7.623324177891195597e-02
2.856475248012841361e-01
-2.546228984174245813e-01
-1.543400108254945335e-01
-7.196880975164422767e-02
1.769827225686630978e-01
5.737500652097828890e-01
2.466039208290686235e-01
-3.855575816616546025e-01
-3.452376640303205790e-01
4.150816328201143574e-02
2.966601771022235878e-01
-2.754780339679185897e-01
-1.682410209693729342e-01
-4.488526009309768416e-01
4.095084645173481530e-02
-3.676684201787916995e-01
-3.697081253095870768e-01
-2.483755396821470673e-01
3.817211003547625325e-01
1.913665578954313329e-01
-1.459843084088133791e-01
1.000000000000000000e+00
-8.126751391105466182e-02
-2.727796515180898052e-01
-3.890929851142640311e-02
3.276428319671085831e-01
-2.186556164181057971e-01
8.188906116449837236e-02
-2.931262106530982958e-01
-5.605450507051937814e-01
1.699010842660004794e-01
3.972260015250408949e-01
2.026809574250256207e-01
6.280905176275463075e-01
-6.972746195623974463e-02
1.343442244146161313e-01
5.857507544507387087e-02
-6.052739599983686380e-02
2.935554921164681419e-01
-7.218523814108690484e-02
-1.052990060015933094e-01
-4.184484935029809255e-02
1.714392944746623293e-02
3.533607703678578460e-01
1.068981700879353403e-01
-3.518517985736611953e-02
-1.203877660672620920e-01
3.106382236786686124e-01
-5.368765820612046713e-02
-1.070457651624874551e-01
-9.743615357161665436e-02
-3.574998530329293045e-02
5.932286980991692271e-01
-5.939015783916274938e-01
2.407884981082573650e-01
1.519484996481472727e-01
5.520341763328262541e-01
-1.701805754034321772e-04
-4.980470873779522384e-02
-2.985587882361784851e-01
-1.769377457890352612e-01
-1.664743988155725773e-02
4.020603267031222505e-01
6.395120337285681300e-02
3.740854889789554938e-01
-1.386810776675614920e-01
-2.130020195059220411e-01
1.598444097868326544e-02
-2.193330481269721577e-01
-7.715794123610770772e-01
6.624725408565335094e-01
-6.853460274141182085e-02
-8.878761659282646823e-02
-2.199723762864423393e-01
3.564788623004669366e-02
-7.367719459454832864e-02
-1.933445000235882449e-02
-2.439365289321065305e-02
-1.651025144216023977e-01
2.527877329326930905e-02
4.713809264461031323e-01
9.079955381218334232e-01
-5.799647940283306213e-02
-9.661291021605569740e-02
2.165817452615405592e-01
-1.838423031930428442e-01
3.683950864252625856e-01
5.013574067645850674e-01
-7.175086457528923045e-02
6.005262752065263637e-02
-5.843393206925856509e-01
6.358353350355780420e-02
-4.698129508402821286e-01
-2.202597102201431789e-01
9.937432902634243947e-02
-9.984510352975155545e-01
-1.848094629464690219e-03
-5.655529874878720831e-01
1.588087448993700523e-01
-6.007598986089278392e-02
2.874519736164816708e-01
4.450997398389551774e-01
-1.500003896210156396e-01
-7.647918432457621041e-01
3.374390089867091436e-01
-1.987854687028687423e-02
9.039019957997410093e-02
1.116117567338900524e-01
-1.176220990535930683e-01
-1.416930070770158756e-01
-3.318658179621056248e-03
5.891594005240581577e-02
1.224862884866929208e-01
1.928180015878105946e-01
-3.486909155971876229e-01
-6.508119935973143422e-01
-5.266253094695533266e-01
-6.226511083175377825e-01
-5.830181689711212700e-02
-5.473124074390005311e-02
-5.453729791851563702e-02
-3.542562984911075130e-01
2.442242233669759677e-01
-3.522294504023327777e-01
3.541726553606117656e-01
-9.723412159402111676e-02
1.282371138696681845e-01
2.410407252424241198e-01
5.227152205345327041e-02
2.972715895712071954e-01
1.940153161055610531e-01
-1.500669084502646855e-01
5.457040770727991652e-02
-1.419269311679708379e-01
-4.180524826031187802e-01
9.616905256389365886e-02
8.119316545193717982e-02
-8.538100140739491861e-01
-6.399834094021921160e-01
1.526242892063999212e-01
-3.918687649085674241e-01
-1.084280444558729239e-01
-2.122294067875621359e-01
-8.069735007330897103e-01
-2.771026538709278619e-01
5.133522250836322076e-01
-7.960136352042075647e-02
-1.073658720882176287e-01
-3.668818399835122590e-01
-3.950802574717183768e-01
2.502935071415317014e-01
9.764248906413065809e-02
-1.955834288787217101e-01
2.028912950112474189e-01
8.977420586039948081e-01
3.523750106004497895e-01
-1.666700678852093553e-01
-3.694620929770990880e-01
6.087780405674471373e-02
3.458114966005908508e-01
1.464746921486571873e-01
-1.961409029991624808e-01
2.211619949561151877e-01
5.521668800124193144e-01
-5.143860333269363316e-01
-6.236018658021760253e-01
-8.436051422495154106e-02
3.055899614422552535e-01
5.852244202109856408e-01
-2.373495760665683685e-01
-2.933178900194235439e-01
1.264645125168369078e-01
4.326554376794773393e-01
-1.262215279286555136e-01
-1.188245669099105145e-01
3.369267094853643507e-01
5.220419375379208304e-01
5.077837895143039182e-01
4.224082931479976599e-01
2.202244495885453679e-01
-7.232878013845253640e-02
-4.306538714043234295e-01
-3.176507994439439764e-02
3.702909470970802142e-01
-7.712285962044038157e-02
2.946771305803139174e-01
-1.013143918797890924e-01
2.864340820106489049e-01
-7.055513253767184412e-02
-1.536812335147827446e-01
-4.529613406927156527e-01
2.963918860312904080e-01
5.754708952758389451e-01
5.255309776620475937e-01
-1.133742432466107869e-01
-3.271439857876296542e-01
-4.465034607292649449e-01
-2.783168369597225356e-01
1.268597155876415028e-02
2.109849431789264373e-01
-3.316934283021760188e-01
-2.011745034115790809e-01
-2.138549474150258090e-01
6.015694544052377357e-02
1.457594735380502993e-01
1.555437560805134900e-01
3.339489278997633814e-01
-2.227375875031737118e-01
-4.454637065342729185e-01
-5.058978530972267906e-01
3.706420873536585003e-01
1.283405951329749384e-01
2.810430826846578301e-01
2.979969891477718402e-01
6.395009475593507742e-02
-1.576503468658220775e-01
7.710706413106609425e-01
-8.760390245917939467e-01
-1.029798095188710905e-02
-2.342037563400755362e-01
-4.308143918484360069e-01
3.977352377701623420e-03
-7.139261059997040193e-02
-2.533497610341658435e-01
3.673570908096909227e-01
7.761930619181556246e-01
4.901579626343400414e-02
2.586136373478670758e-01
-2.138490951340388246e-02
7.692582804283614184e-01
-1.375352160621710895e-01
3.846432452614039765e-01
5.071671473938187402e-01
-5.334191854870099503e-01
-3.877477637276601774e-01
4.850765502345067981e-01
3.970633122679865235e-01
9.424789157454049882e-02
-6.165587346322085605e-01
2.803728652937022003e-01
-4.396554434018639101e-01
8.153764847213704203e-02
5.749726220337852967e-01
2.871720259838309031e-01
5.560549287560602183e-01
9.159133136579543366e-02
2.205969054361920367e-01
6.123388745260569671e-02
-9.781118903137975273e-01
4.057722608457391827e-03
3.690311263569686084e-01
4.068169347457970542e-01
-5.729640032324503363e-01
4.544020750086489313e-01
-2.024199989167097813e-01
3.009993335565162020e-01
3.914664019330745814e-01
