-1.301773483500694162e-02
5.836940930714772380e-01
-1.560064056756619577e-01
-2.266628133705637094e-01
6.495599052353421277e-01
-1.887444707004759525e-02
-2.269991229900226171e-01
-2.234690640654300453e-01
2.598163486117782139e-01
-2.121754579105324112e-01
-1.877224997954697605e-01
-8.059305244749269403e-02
2.233859376273877040e-01
5.573991297977337611e-01
-4.467093073821212790e-01
-3.048159761811686796e-01
-3.498097220742286684e-01
-4.975050080896870064e-01
2.524204504083835121e-01
-1.778202630353516445e-01
-2.620997914891863290e-01
-5.145576156322526629e-01
1.536349391575965104e-02
-3.363971256163681423e-01
-4.280303243672404778e-01
-1.985435576505277799e-01
2.273501958274067036e-01
2.946921542397191174e-01
-1.592556754278403597e-01
9.878535099010117282e-01
-1.278581473295101467e-01
-3.769738994436615531e-01
-3.890929851142640311e-02
5.162864430111230307e-02
-1.578867955351197505e-01
-2.218570400597233427e-01
-6.685547286811313050e-01
-5.772683859810421314e-01
2.591912046415374982e-01
3.267069778816033554e-01
3.237198961938868996e-02
6.526050464639598925e-01
-9.452283595048407983e-02
1.031016453176978181e-01
-2.457811060518252239e-02
-8.239089310233196906e-02
-4.040806614658466467e-01
-1.679868207652542300e-01
-3.514794014512642728e-02
8.051284000732986113e-02
3.001392957821791621e-02
4.617991957406678005e-01
1.878169875803004651e-01
-1.814083572520719737e-02
-2.252695964189876665e-01
3.251051118262439643e-01
1.811007977704330862e-01
-1.744522486570296571e-01
-4.387656633386242955e-03
-1.101333904210746728e-01
-1.149291928193941874e-02
-6.454351960629064466e-01
1.977451349672189052e-01
3.517888486748056015e-02
-1.149222018106717813e-01
3.726701289160493091e-03
-4.972971806475325884e-01
-1.549262128780226622e-01
-1.948364458511443464e-01
-8.701644550075710027e-02
-2.505644099371517886e-01
-1.269649463580417754e-02
4.568632914785163424e-01
4.773515575565513702e-02
-1.173526379274873743e-01
-1.120150714559589311e-01
-2.026210111453328189e-01
-7.715794123610770772e-01
6.207839435767475988e-01
-1.212004610166036306e-01
-1.136737442700770651e-02
-2.860887798421300754e-02
8.555507992922332938e-02
-1.838030962585882333e-01
2.948884228163763804e-02
6.552032263517313382e-01
-1.150681024769804467e-01
4.348302860800355718e-02
4.025480909576996114e-01
8.380714986384368848e-01
3.000466769554167162e-02
-1.801667248607486949e-01
1.395764694599463951e-01
-2.258181811212849055e-01
3.513926253130336130e-01
4.753714545928249269e-01
-1.584838360663982648e-01
2.434920210023151094e-02
4.030351478058917802e-01
1.501428836173183262e-02
1.083759905548785374e-01
-1.894457881101422603e-01
3.095836211929159365e-02
1.809602498431829298e-01
-5.422833729249111612e-02
-6.131511945862229140e-01
1.020237818401766305e-01
2.477838055673622919e-01
1.145523956108951413e-01
2.166844644838576139e-01
-1.703559298685507761e-01
-8.330635715399525854e-01
4.249123708757788220e-01
-1.815540522876298024e-02
1.244136213926673729e-01
1.668172060884300367e-01
-1.861617323395146906e-01
-2.515892352755506045e-01
-9.258107549543704851e-01
7.268820019539762312e-02
3.701999019121494094e-01
-3.987853824844374562e-01
-3.309832404101691883e-01
1.274872677160314716e-01
2.208447379981913136e-02
4.355203598164307799e-01
4.404938338133394110e-02
1.057808060183601517e-02
-1.346936734258850216e-02
-2.265276992149667934e-01
2.349898952327250934e-01
-3.636816052963692814e-01
4.099260943697914938e-01
-6.003503769007709212e-02
1.367259806644607334e-01
2.402519968641872727e-01
3.416208216019356314e-01
-5.116545160314066587e-01
1.585373246860397600e-01
-1.215294620846990303e-01
7.252765670216878569e-01
-1.011832326809873062e-01
-3.611801830738930463e-01
1.314811624080070573e-01
-5.623968280727614094e-02
-8.143057254688167435e-01
-6.464725956144931063e-01
1.524642991374006162e-02
-2.229847634938207923e-01
-9.392269692478237564e-02
-2.305893296269199144e-01
1.216113664961329527e-01
-1.745875658113986428e-01
-6.905784439179691869e-01
-4.233528107357577008e-01
-2.768858748356105293e-02
-9.795184890992336690e-02
-2.140842302398880681e-01
-4.726340601297986943e-01
9.770886214688352667e-02
-3.303007457943626379e-01
1.034945367158175838e-01
1.806110796399009732e-01
1.595794323760426903e-01
-1.791477469125348221e-01
-4.342335859292058009e-01
8.645171657974133617e-02
4.007093586853421874e-01
1.679973994128846626e-01
-2.257327524299168331e-01
2.214372462670654573e-01
-2.320783205149332118e-01
2.081764926521625925e-01
-6.544993076824008327e-01
-3.583435007612170708e-03
-4.095828839755926709e-01
-2.696962855850800200e-01
-2.037667983161869645e-01
-3.027163522934733231e-01
2.340834518457143576e-01
4.991407285355813350e-01
-1.262215279286555136e-01
-8.367160895543780674e-02
2.816481850575357493e-01
7.681061214188346087e-01
-2.927880860431983367e-01
4.318810855281118855e-01
2.245424588343072070e-01
-2.144194188997384932e-05
-4.334369450317923089e-01
-1.068448909326740748e-01
-7.588011681577188083e-01
-1.122050994887677094e-01
2.799082077994458073e-01
2.066563762230121393e-01
2.287937326184062981e-01
-1.645776152262729275e-01
3.914229355922687476e-02
-5.523337275596830187e-01
-4.954013960056199983e-01
5.626521177649245198e-01
5.661737798594960180e-01
-3.247195812744679277e-01
-9.366842680867865090e-02
1.822356205245047669e-02
-4.226808245064559433e-01
-9.358466214491927004e-02
2.956791122856773923e-01
-3.517083449817682284e-01
-2.028644468991361305e-01
-2.347929242472112932e-01
2.552475485621900630e-01
1.356045614984502379e-01
-2.184102432718297016e-01
-3.024691207818144267e-01
1.108126045470776838e-01
-4.650208166672980536e-01
-3.118232640642106812e-01
4.577735900155896487e-01
1.593403441578888358e-01
1.392530194375035113e-01
2.778444064245038647e-01
1.204567663202141814e-01
-1.333647740827812178e-01
8.243917403127816179e-01
-1.000000000000000000e+00
-3.345809500032798783e-02
-2.204503240779796258e-01
-4.667367174915071359e-01
-5.374913818774890162e-03
-5.234483305308271217e-02
-1.825309684858285597e-01
3.285724388371253912e-01
4.921938448936140631e-01
5.043684565108608187e-02
1.972412379716408787e-02
-7.487822220692885722e-03
7.095638858345846289e-01
6.692735120699513374e-01
4.144927266793917431e-01
5.612934104806621693e-01
-6.327004439100039068e-01
-3.802598267094263185e-01
4.190091140843975048e-01
4.063227754958896876e-01
-7.200376195918616051e-02
-7.304655351909967731e-01
-3.011134905822569763e-02
6.592894937214302531e-02
3.452521163530010706e-01
6.783207827445212335e-01
5.136103855413791663e-01
4.691277422807141328e-01
2.864991507517421487e-01
2.604112918538894483e-01
8.633306927349865267e-02
2.412565149782874285e-01
1.462172779385237931e-01
3.987335662500668954e-01
3.631980311836203179e-01
-5.302546689951831427e-01
-4.354055011427892530e-01
-5.132421299894183164e-01
3.947787909550095065e-01
1.385815124741871518e-01
