8.646940544982363586e-02
-4.268238384514255745e-01
5.114679135989436132e-01
-8.198034857469195524e-02
-2.406803503823423118e-01
5.753557957388277799e-01
4.053671287894518027e-01
-2.943121827129073220e-01
-1.224112448630140515e-01
2.039488934662644082e-01
1.407210456457295145e-01
-1.256935787005999117e-01
1.018658735899201223e-01
3.026094497210685685e-01
-3.850792893618625867e-01
-2.299734142302780060e-01
-1.159788190819444620e-01
5.684513367347298063e-01
1.618067643256073662e-01
3.819061056512544905e-01
4.071671646974764358e-01
-3.150043746342945372e-01
1.004984690971762740e-01
-2.791737390367849403e-01
4.110057024721847641e-01
-2.959629524795156369e-02
-1.009589469138010703e-01
1.029751360482325379e-01
3.842514340802838380e-01
4.785943003465651380e-01
1.818993098889639393e-01
-4.243921500393651319e-02
7.551809031799301512e-03
7.801204761301457589e-03
2.867642207395936227e-01
2.943608988787871361e-01
-7.019290192826048436e-02
2.282231680929764361e-01
-3.645731594517463425e-01
-1.111070758321983376e-01
2.932518717692161880e-02
-5.253488961138865765e-01
-1.983538716551450434e-02
-7.614054602617977840e-01
2.855535102749349186e-01
3.249996710873910566e-02
3.302576773924277128e-06
1.391367618508213833e-01
-4.450794253757532903e-01
-2.912951849735649912e-01
-1.972428614669181623e-01
4.866521457628341096e-01
-2.951214742368987731e-01
-1.884335338655634406e-01
-6.354014649044649188e-01
-2.986348445822382680e-01
1.248984507481816220e-01
-4.142527115544952787e-01
-1.851655123271743753e-01
-4.042678385859452099e-03
1.625792542041696043e-01
-8.578602579904209824e-02
-8.148538538033009426e-02
4.611287540892534675e-01
6.700458171293285914e-02
-4.741117331018932513e-01
-1.775413751330374434e-01
2.498629318019592593e-01
8.294982727796428312e-01
3.813750935741721526e-01
-1.864303114842433551e-01
-1.226170103736859973e-01
-5.514964606035924893e-02
-1.327940821284050166e-01
-8.214850738734882918e-02
-3.473348126231635691e-01
4.022676823773927990e-01
1.988570000191885179e-01
2.118439994350122119e-02
-2.789811757418762528e-01
1.427662878907451360e-01
5.848839431547993989e-02
-3.951868941573717930e-01
1.973439531679422321e-01
4.027479110641850601e-01
2.901620764783963136e-01
-9.890353702427523430e-02
-2.795977125145807651e-01
4.171895847237893640e-01
-8.838170841642463416e-03
-9.247660609307471746e-02
-4.415387588477592828e-03
-1.815861715324705028e-01
-1.065476081182028800e-01
3.324572557178535198e-02
-2.820631941421871680e-01
4.980413791094458892e-02
1.315462026429659592e-01
6.425492411023731032e-01
5.140192845292110846e-01
-4.460379910865561182e-01
8.509639251060395482e-02
-9.095177195249508698e-03
6.058125638358254905e-01
-5.948345100116207984e-01
-2.257562645920533489e-02
-8.092081281661413217e-02
1.864832785173637097e-01
2.376164155231804687e-01
2.288198253588495934e-01
-3.685004017458696768e-01
3.863576248452600392e-01
3.462414103898009965e-01
-4.882958383116839940e-01
3.629993199908631563e-01
2.352295130311778948e-01
-2.903997006946716919e-01
-2.629721676858838286e-01
3.361619857992266813e-01
-3.241775895914019157e-01
-1.453983192585587003e-01
-2.105945189139146745e-01
5.338288509029391893e-01
5.775826592027137607e-02
-3.444235740116355360e-02
-2.821588534088889100e-01
-2.371516228541544757e-01
1.339800154392430387e-01
2.245345318519559596e-01
5.493844632898386982e-01
3.180065737795318426e-01
-1.068930832715608847e-01
-8.852346341811645480e-02
-1.556352165131781318e-01
-1.656060365985581317e-01
-2.950025925319720299e-01
6.182096133931146154e-02
-2.548871024859961087e-01
3.123469997788775321e-01
-2.042794540678412873e-01
3.020925956368219478e-01
3.034729114521195759e-01
-5.756266517101515934e-01
3.429706820245252419e-01
2.900566799923114461e-02
-5.091597950966405550e-01
1.406058180975866545e-01
-8.005972092818437746e-02
-1.121672515907013029e-01
-3.087776688005214321e-01
1.405071229263239185e-01
1.041886993557666341e-01
-1.722655479426024316e-01
3.837279546119493623e-01
3.546122073668679930e-01
5.211320483644708013e-01
5.640339320343512597e-02
-3.835718623724344023e-01
-8.747941197197804664e-02
-1.358831647617258775e-01
1.615085763047235112e-01
5.885578649752867264e-01
5.600538791469539257e-01
4.347538584047105359e-01
4.633764961280022882e-03
2.097805456056119067e-01
-2.932909313602534707e-01
1.445168481959507034e-01
1.253738874844993190e-01
4.004229337015752788e-01
-5.843536632420378574e-01
4.314679912277909479e-01
1.041357614797513431e-01
4.719956988436217471e-01
1.161228112148361830e-01
-2.003824906469433842e-01
-3.600288472934470296e-01
1.920047145065745947e-02
1.671880229056778022e-01
-5.502704342685886540e-02
-2.419670637888302889e-01
2.077350695315956508e-01
-1.423655642139207977e-01
2.685249459290111121e-02
-3.817848655261272262e-01
5.181916339743288802e-01
-2.477026348609655537e-01
-1.128303711432641493e-01
1.751811229689036187e-01
9.482611620990688550e-02
1.366682833714045475e-01
-4.482755692131957792e-01
3.521414617067703534e-01
-1.081871192802949938e-01
-2.853304772918079935e-01
-2.012580834160761570e-02
-2.537685829411606697e-01
5.340466129723812072e-01
4.877664213377539970e-01
9.813708724046867060e-02
-1.936385417180878921e-01
-8.592747873993729357e-02
-1.483144689378042540e-03
-2.571982142875050004e-01
-3.362596716685143372e-01
5.978988262202752230e-02
3.756690381363100156e-02
-4.054517371010281646e-01
2.953979059371571458e-01
1.897970079297472412e-01
-9.219718481689636105e-03
3.156571306352773942e-01
3.437835702813826222e-01
2.139685756620535173e-01
-3.304170532355055756e-01
8.254012010491752482e-01
-4.802176723436517025e-01
-1.281949789288562569e-01
-3.231125062087320671e-02
-8.798464917568069033e-02
-3.648387619797366921e-01
-9.055946094850683692e-02
-1.418556373366405277e-01
-9.460260092970342038e-02
-1.309269163321128138e-01
1.530700542861413438e-01
-5.267908846581143695e-02
-1.231113292961545924e-01
3.472624045008528837e-01
-1.460939655082794386e-01
1.694918648199880001e-02
3.100543321242792971e-01
3.197456902149700686e-01
1.433026847931098864e-02
5.111603754418575507e-01
1.758634290813274326e-01
-2.027423389781489171e-01
1.401947871089449620e-02
-3.603621773376333159e-01
-6.199551244214496215e-02
-2.849751476903620295e-01
7.148086227674720072e-02
-1.446955302488676098e-01
1.507416934392929730e-01
-4.297374556790797273e-01
-5.888316699120650366e-01
-2.644168920537315337e-01
1.137405526919693377e-01
2.252286527430048257e-01
-1.652699152829437690e-01
4.902644077588127342e-02
-5.013277109598974352e-02
1.478575463883625707e-01
-9.288668868040377349e-03
2.192133557019244061e-01
2.411334512534806917e-03
1.598558108045649018e-01
1.450440882100262618e-01
1.486010397453694787e-01
6.220003016416673081e-01
-3.903294800673389187e-01
-1.517848806130430994e-01
1.340737899882468442e-01
6.736328773104361956e-01
2.221719042495073626e-01
