4.335501852384535115e-01
6.318855173056586727e-02
7.466300532058979533e-02
-8.777967025881117102e-01
-2.750454557318345872e-01
9.377741373783997358e-02
-2.721192206333280517e-01
-4.715916261639559459e-01
-1.751600733642336982e-01
-1.937248019250124298e-01
3.887983677166837460e-01
5.920564389076889977e-01
-1.987316679277123244e-01
3.189408649365169102e-02
4.784257804324322239e-01
-1.559816188676652893e-01
-1.274928127984240045e-01
1.130480655675231705e-01
-2.875183228676337355e-01
-2.639184741689593050e-01
1.791917044866608300e-01
-1.835242372516051323e-01
1.507111763120309589e-01
-4.644752993482631487e-02
5.983176444028864838e-01
3.564953763150319754e-01
3.236187384496943403e-02
4.644357279352862578e-01
4.631910362124857516e-01
-1.416468583446672813e-01
-3.002892069746685988e-01
2.166209369626625469e-01
-9.197295216022464970e-02
-2.533591184085443038e-02
4.747980149562333607e-02
-1.221926776639268158e-01
4.408179563378643029e-01
-4.374712699800477056e-01
-8.646390899869413338e-02
-3.139122664002224616e-01
2.831005360097194612e-01
-2.895033006617487095e-02
-3.203303339833606933e-01
4.455330099622765716e-01
-1.925620061286845708e-01
3.599241175520988545e-01
1.178843504713382173e-01
-4.752906318768827520e-01
1.542297448095809875e-01
1.675384781472107343e-01
-1.471891953561768052e-01
5.000803700863461904e-02
2.586046597408857006e-01
1.004309813786411071e-01
3.881208745123806286e-02
4.775316043123823961e-01
-1.788559513657436428e-01
3.940931351959203188e-01
-4.010712737590347854e-01
1.485408661368348981e-01
2.849371300467013479e-01
1.877261336871013930e-01
-3.958894136899865357e-01
-2.734207872821422525e-01
2.341411056672789703e-01
-2.540444062643553713e-01
1.545291788344598238e-01
-1.879284826468016478e-01
-2.376702305545096150e-01
1.174718349981239002e-01
9.406023975137148274e-02
-1.782996818270306816e-01
-4.080083106771262291e-02
-8.184932817976538211e-02
-3.812913089415770340e-01
-1.325057537939256236e-01
5.309120265170759190e-01
-3.371367753609671447e-01
5.328114300884208010e-01
4.159665929945868257e-01
-1.559251446485556969e-01
8.796689339949646802e-02
-4.282531608767415343e-01
2.620029939682154696e-01
-7.864218800363319273e-02
3.464397103802780431e-01
-7.720337900175358592e-02
-7.138031279743822788e-02
8.452942232225370278e-02
4.515968471417788344e-01
8.496514284195941236e-02
-2.169645199816303549e-01
-1.954819404652533010e-01
3.394032940064992381e-03
3.980887393024288845e-01
-2.636504264254087571e-01
1.545134686671284507e-01
1.401654678681910626e-01
3.466788460039129660e-01
-1.505697772115157096e-01
-2.247295324339552980e-01
6.956491574526903199e-02
-3.604145888178674761e-01
-1.571627796939711608e-01
1.134207253297443568e-01
2.881501134412539078e-01
-1.608592474117358784e-01
-3.602072068698340401e-01
3.081005970766202418e-01
2.127164525798625194e-01
1.313593682265881690e-01
1.055253505011508747e-01
5.211561254989687253e-01
-5.139782985566579976e-01
-2.657515105839973746e-01
2.458082263159801772e-01
-2.701357251300718909e-01
-1.212550800262749001e-01
1.593391729410124635e-01
3.803834033636706580e-01
7.212444305449158821e-02
-2.683132075925545035e-01
-1.830658996496214441e-01
-5.055176960067316212e-03
-4.612139583275468580e-01
-1.684245001465243252e-01
7.910733067624367565e-02
-5.722812376472891788e-02
3.475047306140391923e-01
1.062257013399845740e-01
1.593089754838008520e-01
-1.197166870583165621e-01
9.837950685386003258e-01
-1.151687933719449108e-01
1.188132141993411689e-01
-1.368245045931661685e-01
-5.072259858121231924e-01
2.674885512593995138e-02
9.131920562499144800e-02
-3.614423979269594800e-01
-4.507876813730066767e-01
8.996624982158495099e-02
-1.712969009219472982e-01
2.819342122618602731e-01
1.574524200000742280e-01
-1.823207365012186054e-02
4.574835663967333765e-01
-6.027972378515719654e-02
4.031013654667264245e-01
-1.363781808178503863e-01
2.541658118434634780e-02
4.564713623362837702e-01
-3.871979072547890310e-01
-3.670196752077787283e-01
-4.468285240174981743e-01
-6.000724748825229105e-01
1.861536466968712611e-01
2.658195343787417286e-01
4.810177734706572172e-02
-5.778679951590787178e-01
-1.313151025282617568e-01
3.679467056415715587e-01
2.049984463860354128e-02
-3.459152112361543741e-01
-4.632783454960952285e-02
4.034565936159069666e-01
-4.082786703601828937e-01
-4.520229574366993464e-01
-7.079068692755158265e-01
-1.512175264054995694e-01
-1.577623756099145458e-01
1.099593422502131851e-01
-5.869275802533234776e-01
1.925319752717551958e-01
-1.018836831392142539e-01
-5.845898285796138037e-03
9.440619974136331416e-02
-8.227254031220555819e-02
-5.270464654054848874e-02
6.946718890951049385e-02
-1.926405356363768140e-02
5.693244725098891429e-02
-1.100534392989964833e-01
-1.617944586850906252e-01
-4.676501415672828510e-01
2.778342330368617219e-01
1.502690927164486712e-01
3.511648967093334850e-01
5.412339221816672152e-01
1.212826926780651432e-01
-2.068622508226614087e-01
6.585881282427681616e-02
-2.181769962830568677e-01
1.699281529888438391e-01
5.932745956722454972e-01
-1.096496422609721105e-01
-5.188887633843523028e-01
-1.843479061357945759e-01
-1.580124249991263496e-01
-8.586981972028458199e-02
3.708497218690072206e-01
2.199187711974294468e-01
7.157642772321258784e-01
-3.945917959738526881e-01
3.260606844654874714e-01
8.585947870666725545e-02
1.546219588421114399e-01
-3.133216992296519732e-01
-1.002420272705589060e-02
-2.524260792578422730e-01
-1.107624176590124446e-03
-7.165446252863835741e-02
-2.095379018976481766e-01
3.941769725386914947e-01
4.140881193142288974e-01
-5.294556463167938987e-02
-4.301995450184233766e-02
-2.988997453554506287e-02
-3.624385186198705311e-01
-6.382157551431777431e-01
-3.350758177774341151e-01
-1.059354282685391890e-01
-1.496064212244456737e-01
2.439841340264679581e-01
-4.241425110933541021e-01
-1.902706089876202988e-01
-2.183192438543163361e-01
3.095772666040468302e-01
-3.363765753598295105e-01
-4.492094659166503967e-01
2.645691429682705542e-01
3.909654997190898373e-01
2.952111597986918357e-01
2.084863529713764374e-01
-1.970421744571862754e-01
-3.311551051123969303e-01
2.076949230191453555e-01
-2.323973631403199458e-01
-2.994941299221837716e-01
-2.098872742927606824e-02
-5.977124074408431825e-02
7.322784604001830733e-01
3.744129153622180461e-01
-1.099370569131830205e-01
1.536560609902546184e-02
-3.288049524634211185e-01
2.910658553436863000e-02
-4.152199939573179843e-02
1.804739116146322764e-01
-1.575809296617715627e-01
-6.627286841784416072e-02
-1.620987962594112181e-02
2.279453290183931224e-01
1.768524669247374115e-01
-1.937170594189620010e-01
4.845036383943636116e-01
1.830918008251939122e-01
-7.768989411770886588e-02
1.050619455667245461e-01
4.232394151865220278e-01
3.859097444701007351e-01
3.436217155728761852e-01
-1.987312941234670449e-01
-1.255925925854799730e-01
-1.509002513088351927e-01
