-2.288455695153172320e-01
1.147033371533948409e-01
1.548015571774989663e-01
3.324075899624630015e-01
-1.923264601354469638e-01
5.179408746323796997e-01
-6.156731778307253378e-02
-1.350964108638353922e-01
2.785396954248731474e-02
-8.538696489327211869e-02
-5.241655808025666441e-02
4.841305851541533034e-01
-5.057147173627724035e-01
-2.716767559153657752e-01
3.175133407206552905e-01
-1.413130098904600840e-01
1.613582664336034311e-02
6.465448128556106067e-01
-3.794604490341583203e-01
1.329935838673158011e-01
2.380225480597762400e-01
-8.728494711596526678e-02
1.120426511419458926e-01
1.897656729758320227e-01
3.573294618783636190e-01
-2.510509341082428070e-01
2.382380702811632833e-01
-1.977035463493328205e-01
-3.534357247726362394e-01
-4.514542099634741984e-02
-1.547032688872277406e-01
-3.128757764328987667e-01
-2.167077799956373396e-01
-5.031713017126349108e-03
-2.171990589597497801e-01
-5.138068285215815351e-02
3.609743948518168710e-01
1.557368665497002036e-01
7.504684199654568233e-02
4.816968660567834681e-01
4.039927709537272649e-01
1.475852406793223826e-04
-2.345092088100033667e-01
2.710907398703805704e-01
-1.976144330358294010e-01
-1.417106687784058794e-01
2.723718661456879242e-01
-2.836299733381664884e-02
-2.579257745296497095e-01
6.374359051427586076e-02
3.722850423498001438e-01
-8.990262950130388508e-02
-2.150071771565302825e-01
1.976903864502801977e-01
4.655941205273526895e-02
-3.008270693569408127e-01
2.127154085150125690e-02
-4.178544284266962339e-01
5.162132176161714492e-01
1.509177394044650122e-01
-1.743083252127855531e-01
-1.981341826610162615e-02
2.308673277598181639e-01
3.198329996114938623e-01
-1.592291341045252717e-01
-6.034411606700820080e-02
2.628651537955759565e-01
-1.086058215815467048e-01
-1.105891386053296649e-01
-1.101167037266032739e-01
1.268223333372009431e-01
1.450231198600821503e-01
2.041867988120667221e-01
-3.560057232303338037e-01
4.610607016988794715e-01
1.633834750394742574e-01
-4.654806470059988932e-01
-6.092651373213951727e-02
4.078391095153353629e-01
-4.333850199512417345e-01
-3.322207272155575652e-01
-4.081858135771127688e-02
2.512932151804687653e-01
-2.206578043899886654e-01
1.053368563286350562e-01
-1.775827319347035027e-01
-9.733644514306329792e-03
-3.676659570834352464e-01
-1.541308887277703654e-01
-1.719300192616304568e-01
2.691339128077077092e-01
-9.362738396753150782e-02
3.232168184729707350e-01
7.090431812190636784e-02
2.187458622142030296e-01
-3.446457290841699050e-01
8.186686223824238273e-02
1.627430314797685407e-01
1.321527254093910753e-01
-8.901315650789765749e-03
7.847106986316586541e-01
-6.440841000950284223e-02
-3.131615032368438856e-01
3.025234428263628983e-01
-6.768810752533069852e-01
-1.186409621708407747e-02
-4.649020833481246617e-01
1.903819482816936359e-01
-1.173639515393080784e-01
-5.048649682676682460e-01
1.362334075146273693e-01
-7.817640480191929975e-02
-8.627516664089185383e-02
-9.499407763924988882e-03
-5.535137367178290246e-02
-3.367604568163387047e-01
2.256299879738985770e-01
-3.672880470659714569e-01
3.846323507767139827e-01
-8.362287545444286874e-01
2.604961317340322990e-01
3.995965969832527276e-01
2.019350597488241972e-01
-3.561729496902297371e-02
-5.855648765806783507e-01
-6.264548569463838923e-02
-4.711875625835489356e-01
1.781778165392264301e-01
4.127622442237524614e-01
7.729144447601629664e-02
-1.248489277948930665e-01
-1.731803839332534539e-02
-1.154151461962392849e-01
3.192647642063483060e-01
1.238207592364153758e-01
1.759117946205557836e-01
6.547337117767991488e-02
-1.637925146282032396e-01
-1.676055351663450765e-01
2.833619573648157863e-01
-3.013422794760818313e-01
6.050790181493999054e-01
4.605700979324493516e-01
-2.712520468020755415e-01
-1.875243527181817416e-01
2.044377160959494066e-01
9.999819395869344318e-02
-4.878402882469548563e-01
-3.468592630390478215e-02
1.811752680752643785e-01
-7.264629045603850921e-01
1.753253593879985084e-01
-1.621554005315620772e-01
-6.801264460552632063e-02
1.741196834271064864e-01
1.323671541972747112e-01
-4.031330637962671770e-01
-1.154824734183718671e-01
5.753541074476308248e-01
3.231525274301773609e-01
-4.534843941029941677e-02
3.754141695539950918e-01
-7.526595370160940601e-02
-3.485391945712315587e-01
-6.413221482871488410e-01
-4.755887183687546038e-02
5.059535026397290469e-01
2.334185475864926085e-01
7.121260923944877641e-01
-2.747592385776601587e-01
-3.339928686314888040e-01
2.867207727303134474e-02
1.264281329117289965e-01
3.397496377208419349e-01
-3.884886519300050911e-01
-4.534980274781143239e-02
-2.008252051710367470e-01
3.504171066368155785e-01
-5.395298776760779624e-01
-2.558931024663604337e-01
-3.375245907178879290e-01
-4.929646765564690836e-01
-4.981037497947791715e-01
9.892686504311276607e-02
-1.231125367665254766e-02
-3.607377560507497860e-02
-1.593640404402211219e-01
-4.734079179957628725e-01
-3.331099885891451728e-02
-1.790960918424203407e-01
1.078862236104091155e-01
3.272054523805788262e-02
-5.393122970179788783e-02
3.411812479115190755e-02
-7.909756928181542468e-03
-2.040269121820620368e-03
-2.808184174571216607e-01
4.776671883299778154e-02
2.100818191710006055e-01
1.798591215527486908e-01
2.550712157106230921e-02
8.345424762269605667e-02
2.949927031999489135e-01
1.934209802457765304e-01
9.289388393498983210e-02
-2.152248860309705636e-01
-4.143823764509788066e-01
1.106374256586453719e-01
3.169812618993270159e-01
-1.899515217331153305e-01
-2.251338323326476931e-01
2.634203663152976382e-01
1.487564701709911397e-01
2.095787853416320734e-01
-2.757337871914436467e-01
-3.061337992857638968e-01
-5.584156101968310373e-04
1.745923874486007277e-01
-1.229194335016632091e-02
-2.822730593077369954e-01
1.671578006134266658e-01
4.950069456291020797e-01
-9.222337557129658969e-02
6.519665014587473773e-02
1.125258467338500212e-01
4.057166496011889167e-01
-1.873722471667413347e-01
-4.744746954495655811e-02
-4.244260416075650022e-02
2.414655600885542638e-02
-4.907170574540119512e-01
2.646325779480954710e-01
-2.950164805983615524e-01
-3.812548737092386064e-02
1.987801940319877947e-01
3.030413264471285562e-01
-8.324389007921473294e-02
-4.287738856769223728e-01
5.261524430313645473e-01
-7.490258046748821119e-02
3.606138638566764865e-01
1.015914566902522687e-01
1.109784413496681388e-01
-1.650185763923865401e-01
4.802720811317215399e-02
-8.158125205849937889e-02
3.441973119727511632e-01
-5.001014552326150248e-02
4.553741590421235552e-02
-1.568632717356836237e-01
-5.016571533875894273e-01
6.021992745815801101e-02
-1.108459316757895718e-01
-9.120667663871448450e-02
4.422120080240961038e-01
-1.392014720627255953e-01
-4.362273724752582238e-01
2.074300910225710670e-01
1.338064798442219205e-01
-4.687459548542421972e-01
-1.021540903289377411e-01
2.310085088278781007e-01
-4.026204615811840304e-01
-3.955361764964195337e-01
-7.129194767766123819e-01
