-2.450392778270532035e-01
3.496673674298764189e-02
-7.046943386936799225e-01
-1.632613511339288948e-01
5.759370596575358325e-01
-9.410699082493576006e-02
-2.768348657377612820e-01
3.948102041344523916e-01
-7.106579296393812639e-02
1.506139525392183598e-01
4.682641513404068867e-01
3.579439382071297193e-01
1.340472224254089517e-01
7.244942745039365528e-01
-3.112291125364491928e-01
2.088712029478952403e-01
2.600866168138108447e-01
-1.499148158848058188e-01
-7.073357570262386873e-02
2.321932867820027946e-01
3.757007472299202511e-01
-2.339413737490924627e-01
-3.645804747835010295e-01
-8.028152891398623314e-01
-1.895344256054254939e-01
2.275594479642676637e-01
-6.894924796642339093e-02
-2.681325810560092338e-01
6.001149173350888572e-02
4.105572752748083698e-02
-6.599208698916638610e-03
3.579775503270840042e-01
1.875803566667402500e-01
1.004901998770442589e-01
-1.135784151135993958e-01
-3.562551741231453351e-01
5.641479566124906198e-01
1.019186845868321339e-01
-2.163604182483552518e-01
-3.233891466031203477e-01
-8.867687029398191312e-02
-4.174778056015576166e-01
-6.232106308476936807e-01
1.378299029434315037e-01
3.240308351110823826e-02
2.287462624193785099e-01
1.224172471010458452e-01
-3.423434946362958753e-01
-8.454100004779852018e-02
3.887814022123205482e-01
4.737006736004840263e-02
-1.434577997130669913e-01
3.934106836760646875e-01
-7.952586054250651570e-02
8.317646953868577941e-02
-7.482376057989438556e-02
3.508121777437539501e-02
-4.570034171112934973e-01
6.599001455996149623e-01
-1.659360600144352271e-01
-3.875848344260888756e-01
3.863537243726306025e-01
1.467630219012643067e-01
-2.397364864125455242e-01
3.226425569004395810e-01
-1.216683803890024618e-01
1.723184159028355589e-02
9.238766245905125074e-02
1.407333704944876973e-01
-3.336629082524673884e-02
-8.821677085289172937e-02
-3.167423417275293251e-02
-1.752956920987912004e-01
1.297206177048896084e-02
1.300453969167786883e-01
1.624330505125743396e-01
-2.797552016261839469e-01
6.302469223929303421e-01
4.638987598787234212e-01
2.676110662898096293e-01
-1.959314696585182369e-01
-7.681764143106481479e-02
-6.816731545623150312e-04
-4.584146620098000224e-01
4.835771880526346655e-01
4.837102260631360173e-01
2.128963483438921500e-01
-2.333828766059669463e-02
-1.662690645952672186e-01
1.971793604751073681e-01
-5.280610343314072752e-01
6.656214780517889507e-01
3.950045182114708675e-01
-2.802843775369023849e-01
-1.025078095898196290e-01
-1.409566856088232678e-01
-2.378794780372108786e-01
-1.456284419442711864e-01
-7.700087127396071374e-02
-2.907279946881340810e-02
2.107767414948117507e-03
4.258299296443139870e-01
-2.197007689909614148e-01
-2.806093659633996928e-01
-1.402129990150074446e-01
8.965392581095271707e-02
5.408032203763817325e-01
-3.377761500498984715e-01
1.643125979961925220e-01
2.133153647454502817e-03
3.441688024238173660e-02
-5.366445418243056542e-01
-1.137711163972827955e-01
3.589211899657044902e-01
-1.430228029078397523e-01
2.712833334418028874e-01
-6.413175760397029634e-01
-3.228006593163239013e-01
-1.108924389331017446e-01
8.964746319772128047e-02
4.819362031090466680e-01
-2.688387319501324146e-01
1.699130303054430802e-01
-2.948255326829080647e-01
8.570998375180632900e-03
1.412352659405586852e-01
-2.102119718591554665e-01
3.119010228343202518e-01
-2.802418295481388655e-01
-9.804997748893699849e-02
-1.316889151877132652e-02
1.740987829210884352e-01
9.016377436397635114e-02
-1.894378774339453009e-01
-3.533521384511087438e-01
7.250120797451087284e-01
4.992277604111590439e-02
-5.121862531928297324e-01
1.843355794664419123e-01
3.886868416821051553e-01
1.111036650417101951e-01
-4.409375673851454597e-02
-2.230432330822156722e-02
-3.183719628129077495e-01
-4.886641005802559445e-01
-2.374605815048845547e-01
-2.384450593701740728e-01
-9.203549731683827173e-02
-3.970733148402523227e-01
2.684337119339840275e-02
-2.778333773110070598e-02
9.283343418174572204e-02
5.019038398410335944e-01
-6.310709462532607117e-02
7.204902561929392435e-02
-5.086694260547787172e-01
-1.647169599378020544e-01
-2.611253037317056158e-01
-1.832299556200387425e-01
2.182469812100691908e-01
-3.609269320099604550e-01
-1.443690242737215024e-01
3.268610242521663989e-01
-2.724564807294639901e-01
-3.028646575283151510e-01
5.256927025284713340e-03
-5.355650024274793974e-01
3.296051796483688290e-01
-3.740499893418615107e-01
-1.134895511335290985e-01
-1.880246291958056482e-01
-1.253642391266210354e-02
3.315528663145667077e-01
4.672987644773213267e-01
1.545668982913168260e-02
-2.526598764972398659e-01
-4.818573910705734042e-01
2.871367469181279053e-01
-3.065977767591395592e-02
-4.549874536679720527e-01
-3.588658936988943227e-01
-1.363470456405782849e-01
1.963332090663304774e-01
-2.346895382595395041e-01
2.317202844007454354e-01
-1.600936423301399514e-01
3.969470015575814192e-02
1.511779945581178952e-01
3.418340204345491351e-01
2.820902279468512908e-01
-1.692872670748164499e-01
5.402614540337583593e-01
-1.382096190634375388e-01
-1.787890146366124255e-01
-3.830115333731072824e-01
1.417655929422392824e-01
-3.061754998523206206e-01
3.393981766177079917e-01
-4.289101774309476145e-01
3.761493910883985381e-02
-2.172727892627481505e-01
-2.659586469989875801e-01
7.241024400537373618e-01
1.546334997824305724e-03
-2.024217643708962067e-01
-1.041042078017253153e-01
-2.284947609665011481e-01
8.841639807714279931e-02
-1.005661597333671886e-01
-2.729403771524218647e-01
-3.164302474295591638e-01
3.605786265486939923e-01
4.181162861498254335e-01
3.338057278996779953e-01
5.537260887991186237e-02
-2.497672134777202957e-01
8.477255171112237087e-02
-8.521023655012499587e-02
4.539604416023834688e-01
-7.053712104340267852e-02
1.948543733594396143e-01
3.637370202292763283e-03
5.043616716799975697e-01
-2.779821890649160077e-01
-1.981528379203119639e-01
6.863859975618732956e-02
4.219440453379582484e-02
-1.264849669185945102e-01
2.583997271304389054e-01
3.517225418551948035e-01
8.470355232438820936e-01
-1.270550438054973974e-01
2.605798627517485477e-01
-1.575165529051838487e-01
-4.633620036770735168e-02
-4.924658847126565098e-01
-1.527897932183280849e-01
-5.174263304794746166e-01
-7.377562760206628489e-01
-4.927600962634395149e-02
4.224115971734264674e-01
1.524245253381391330e-01
-4.868855303745283636e-01
3.517041586528670272e-01
1.523521659998102185e-01
-2.643661628380497217e-02
-4.019233190782294796e-01
-2.518693133923327609e-01
2.773729627768897754e-02
9.074101854601881456e-01
2.951300868319984838e-01
-3.318285066755195523e-01
4.054256374620621162e-01
-2.733611925624717665e-01
1.128626229389704805e-01
2.613714945399321921e-01
-6.255313015871104276e-02
-5.521300077484034841e-01
6.526885239288007234e-01
-5.401119090074864015e-01
-4.261975796523512772e-01
1.488548922407451902e-01
1.171951957693252722e-01
4.932058191883225695e-01
6.193107620409076253e-01
