-1.107292966078238655e-01
9.416334446892740684e-02
-5.985798696435744581e-01
-2.605298001816338527e-01
-9.412195582867816102e-02
2.959966022755558882e-02
-2.931673469340639326e-01
-1.948214226549256911e-01
-6.134817776027734482e-02
1.966501266658240155e-01
4.976049404499234274e-01
-2.633422848126376614e-01
1.356716539621301565e-01
4.226231203772867762e-01
-2.505286568545451731e-01
-1.699543522057311504e-02
6.247454812992728201e-03
-2.399262129995415049e-01
-1.939451027588512400e-01
1.733274754450114530e-01
1.906158727986014545e-01
-3.115133704099979917e-01
-3.945817213662033418e-01
-6.328990270385114192e-01
2.611841122293744322e-01
-5.582808379253743070e-01
-7.603386240172471666e-02
4.084983761658991797e-02
9.391207260232131704e-02
2.204141327519948956e-01
-2.321460636160070368e-01
1.988678527321138256e-01
1.751782521251789848e-01
1.613838371302975250e-02
-1.066886092107382500e-01
-4.246805676237502825e-01
6.442716517705554535e-01
-1.464050141891618806e-01
-1.497778175297267977e-01
-1.932184579446186712e-01
-5.893143628796125855e-01
-4.019697362988327027e-01
-1.509009571109972692e-01
3.275173669185624803e-01
-1.518371634430097650e-01
3.632766278727677101e-01
6.634304580632595372e-02
-5.663596769623062688e-01
3.085092092462012325e-01
5.492670168031712485e-01
2.027309129447736891e-01
2.051281657958034521e-01
-1.257781986227788640e-01
-1.774530643871715108e-01
7.029860101093410307e-02
6.180657468504117957e-02
-1.264576655986356102e-01
2.435817777303652953e-01
3.022371228450952407e-01
-7.247354479625087165e-02
-1.742935201774695186e-01
-5.131177667340308668e-04
1.047814651644600470e-01
-3.095623240058662518e-01
-6.605737779593635894e-02
6.384172291445028291e-02
1.988467330671065125e-01
-3.983587710353371225e-01
-2.679744711553139758e-01
-1.591184318353834441e-03
-3.414487640830540238e-01
-1.129392397069286513e-01
-3.396078557189131930e-03
2.361718619329149504e-01
-3.318456826174943641e-01
1.735246818189200013e-01
-1.939928182926988764e-01
3.266038364631374535e-01
-7.939105264164768305e-02
-2.007561856171658499e-01
5.387466135019061686e-02
-2.083896799751177864e-01
-8.427634671851332027e-02
5.629592700080920942e-01
4.895727135686766401e-02
4.651909068594442531e-01
4.421316821908616301e-02
1.214514338873294297e-01
-1.404111750240567835e-01
3.426905612665535200e-02
-5.597698758133022867e-01
4.684772245748087260e-01
-2.749016141662239954e-01
1.785245977370467363e-01
-5.541188595847410664e-02
1.412447912823098228e-01
-6.638069600115963365e-01
3.424213489732065296e-01
1.327196328846343976e-01
-5.028443328331588108e-02
4.088100792272959111e-02
1.249304559477845133e-01
-1.045302029646977549e-01
-7.870435317047673116e-03
3.598704861195156646e-01
-4.256196928692367043e-02
4.108853200348975276e-01
-2.856371366018108926e-01
-3.628539334448405151e-01
-9.061570564302408315e-02
9.799722470019781029e-02
-3.112895446902463892e-01
2.332827743716618940e-01
2.836408775455979137e-01
-2.846659195775830820e-01
9.906278574428012407e-02
-6.120863647367381644e-01
-3.561894655501420814e-01
-1.948040667035586537e-01
-1.201017956186101604e-01
4.863958732276946750e-01
-7.133521078869803356e-02
-6.057778215013102097e-01
-2.380611769208929307e-01
-2.649607150781087550e-01
2.413582968408567453e-02
-2.864049938282370311e-01
5.682245706460539725e-02
-4.057780401941168263e-02
-4.252826247399438264e-02
8.291084501805559559e-02
2.591414005715479973e-01
-2.434504719331924139e-01
-1.218092968593846581e-01
-4.147813926704965737e-01
-2.790778777329945282e-01
4.203171076914369308e-01
-4.798204507443216138e-01
3.535453674454806516e-01
-2.108772471659879078e-01
7.470645669085247687e-02
2.148785275307062148e-01
4.527791258917033268e-01
-3.271317395988088683e-01
-5.700852819849594466e-01
6.614042813943323829e-01
3.751137619940134171e-01
5.204052606005675485e-02
-3.712356161759094997e-02
5.170734182772425414e-04
2.742351614719317210e-01
4.519113042859373985e-03
3.714655754516025810e-01
-1.020178821485968335e-01
-1.458012338592352686e-01
9.513863064049120355e-02
-1.727614646198350756e-01
-2.734179976904276277e-01
-6.613311456338816230e-02
2.106975389340097760e-01
-2.732630933929878214e-01
3.051534930709179014e-02
1.639068282082110917e-01
-4.665518437837776200e-01
4.150522982192907939e-01
-1.258912359959681732e-02
-2.614379400029637757e-01
1.367986084408568948e-01
-2.387140908605720480e-01
-9.341871809415960848e-02
-2.937259550151673504e-01
2.866448471194482650e-02
1.960008558931773393e-01
-1.502638399887729903e-01
-1.573376023988488082e-01
-2.225499450573484028e-01
-2.941666856256106577e-01
3.329894898744807374e-01
-8.657492990507706376e-02
-4.889182048800658764e-01
-3.106625277685961528e-01
-1.507763961768272265e-01
2.636057255359462448e-01
-2.333415689964739581e-01
3.860218691046918282e-01
7.286845592833851581e-03
-2.115154877248351106e-01
-1.101155055721378395e-01
2.544854549039414215e-01
3.819167530637921915e-01
-6.437022795473307246e-02
-5.368764134458048343e-01
-1.227374582908374728e-01
-9.165398485496220604e-02
-9.461394186102482784e-02
4.008284280731045923e-01
-1.201039827335502602e-01
1.121531029980540328e-01
-6.110899548272816784e-01
-6.311606383010773813e-01
3.701178855071646789e-01
-5.346887096247304738e-02
5.833101120888599667e-01
-5.110691260905679822e-01
-7.185784143105014010e-01
-1.153864817203958393e-01
-1.896380048891190273e-01
1.408877897354173792e-01
1.804113642742970203e-01
-1.420441169963973516e-01
-2.054602901455218622e-01
3.164115497460340820e-01
8.888853272439731223e-02
1.016338942562192427e-01
3.306572747687324121e-01
-3.710653720304097902e-01
-3.185467033197660891e-01
-2.209236699993659403e-01
2.360152789997585487e-01
3.287674268727452387e-01
1.076925409586728527e-01
-9.038932192108127539e-02
4.033251496581355400e-01
-3.357978622128951485e-01
-2.739845937772478202e-01
-2.916687860653977005e-01
-2.144984479973272712e-02
-1.751790108615212949e-01
1.225016423176198271e-01
9.108309133419623116e-02
6.435713320277468563e-01
-1.012239394080637206e-01
-3.807375990378595310e-01
-1.437372529170257984e-01
7.509559376554729715e-01
-1.768997462379703345e-01
-9.655231640790369607e-02
-1.728394035004157114e-01
-4.170387840224196174e-01
-6.233132951134406907e-02
-3.586856069609086206e-01
-2.058312995538451595e-01
3.382993692760231097e-01
4.932023685545187108e-01
3.409975241862917561e-01
2.038060399765626030e-01
6.721334525011754546e-02
-2.225879538655000933e-01
2.576575044590417307e-01
6.926270253942744537e-01
3.533386064501398138e-01
3.676712881577884340e-01
1.655655447475645470e-01
-2.372868125184613708e-01
4.800158050379921965e-02
7.778399562720052229e-02
-2.638965755919505107e-01
-2.077455801999602558e-01
5.046535344252047750e-01
4.239944683589002561e-01
-3.917401896921793858e-01
-6.876437005036195593e-02
4.763196947282971605e-03
1.468445612900141639e-01
6.798674354937288555e-01
