-1.107292966078238655e-01
4.681094977459149264e-02
-6.368435674492930465e-01
-2.676242841161877162e-01
-8.856373837394779236e-02
-7.254099980330399600e-01
-2.931673469340639326e-01
-1.398500165680927609e-01
-2.092335213002436412e-01
2.040509663197021817e-01
4.064486512128790974e-01
2.314390059017907841e-01
1.899750101220008536e-01
6.038144976099765193e-01
-3.012963548833028082e-01
-1.247428386003742035e-01
4.322856371248556817e-02
-2.267085153645559958e-01
-2.723603579873557501e-01
2.662210509868651043e-01
1.876560575411477805e-01
-3.480823590491919362e-01
-2.839637504996470607e-01
-5.861089207134461132e-01
3.009281821314391259e-01
-5.945233307126511768e-01
8.049206356044917576e-02
-7.420692790632238411e-02
6.806443043373333612e-02
1.739257474171322093e-01
-2.321460636160070368e-01
3.385949526231879503e-02
4.088022125669525386e-01
-9.942583020359074819e-02
-1.114029399451733349e-01
-4.485807446206649396e-01
2.134062063763735584e-01
1.288786783413096715e-01
1.123761203909563605e-01
-2.311889968680753416e-01
-1.306591950686574466e-01
-5.251474006196301669e-01
-1.462205578732078681e-01
3.265149921022402757e-01
-2.887669375143264716e-01
2.294477730204507737e-01
6.578957222240411351e-02
-6.106735818332837962e-01
7.338079723644830299e-02
5.657092238329953782e-01
6.608536238983479805e-02
1.693797517062169689e-01
-1.917920444410584901e-01
-2.028098095042740745e-01
5.772334133014647706e-02
3.959118928543110816e-02
-1.323221163646467469e-01
-2.533043638893743288e-01
2.719262009760868848e-01
-2.034482813828378256e-02
-1.889762886213056658e-01
-4.582711153423681127e-02
2.345893312377967943e-01
-4.016805738410715310e-01
-8.483166446950399231e-02
1.842865348867408354e-02
1.933837025049277292e-01
-3.842921673565599661e-01
-2.043036701986792325e-01
-5.114667496649598355e-02
-3.205244563533592439e-01
-2.112631995341393218e-02
5.043011197037433266e-03
2.878059629705541078e-01
-3.088904155210464575e-01
1.450041962290813669e-01
-6.587915092365739800e-02
1.690342033839324076e-01
-1.035709830559127659e-01
-1.836144813590438740e-01
8.502750318574880950e-02
-1.674484468152374617e-01
-1.762296317845081506e-01
-3.061495655138054550e-01
1.313202016575466258e-01
2.967379498052308828e-01
-1.575395112186986357e-01
-1.127533976481053662e-02
-2.131124993936091006e-01
1.571182342102692142e-01
-4.841997613678645784e-01
4.880697860436319369e-01
-2.624864154468304900e-01
1.785245977370467363e-01
-6.221965111320615360e-02
1.812760720361781819e-01
-6.039454431689836866e-01
-7.390024707496281597e-02
1.486849141741338753e-01
-2.127085054688570426e-02
4.088100792272959111e-02
1.591073021780616270e-01
-1.045302029646977549e-01
9.199606692788182827e-02
3.267108343359826361e-01
-2.377551490133213152e-02
4.752706648307958859e-01
-2.019099212939600707e-01
-3.046386877128894888e-01
-1.986905863032267794e-03
1.197123347837502072e-01
-3.112895446902463892e-01
2.081571529574702817e-01
-1.789395394815866958e-01
-3.320249154533937985e-01
4.288349012424941264e-02
-2.925805555104118438e-01
-2.226338068567228767e-01
-2.752657924757163643e-01
1.355414399112954138e-01
1.168933412357414103e-01
-1.516236212688568674e-01
-6.057778215013102097e-01
4.658239536829317240e-01
3.997326711667961163e-01
2.153680741078642935e-01
-2.671358637572005534e-01
-9.856963764869691724e-02
-1.248285804926994591e-01
-1.682741799356676227e-01
-1.582271340848775965e-03
2.219126274064256721e-01
-2.224595872505544525e-01
-1.218092968593846581e-01
-1.805007654950346319e-01
-1.957209169234892521e-01
4.084150868233485387e-01
-4.517593733604313710e-01
2.602097184118883355e-01
-1.622224220562579478e-01
-3.245222437654063374e-01
-2.642763261932411512e-01
3.512285950336692664e-01
-3.256795247226662027e-01
-4.742453428952380090e-01
6.084187714057256446e-01
4.450250801749611185e-01
1.351397860137046048e-01
-8.390134921474906582e-01
-5.278479268254834822e-02
-2.713762032483934550e-01
4.519113042859373985e-03
8.459020806608431864e-02
-6.222626714742190285e-02
-2.054243758305300815e-01
5.072387989309351530e-02
4.685765362088343267e-01
-1.205695262308888599e-01
-1.052884222879404141e-01
-3.360582065505411387e-01
-3.099175581325422368e-01
-4.871236379487182966e-02
1.591742460707588624e-01
1.304869605724345849e-02
-3.375125036438435533e-01
-1.258912359959681732e-02
-3.801473413730125372e-01
4.154298684435581146e-01
-3.792275967574202378e-01
-1.004389767155012547e-01
-2.112763825776081961e-01
1.764300535309687723e-01
1.619130341220232916e-01
-1.502638399887729903e-01
-1.261146440907789656e-01
-2.545418608851892639e-01
-2.627436795345912679e-01
3.322625577433777067e-01
2.861031880945565098e-02
-4.896164788611389040e-01
-3.660735950976988784e-01
-1.954228225587273104e-01
3.085112262511898185e-01
-3.790813122413773661e-01
3.944448911393901303e-01
7.286845592833851581e-03
-6.105094458551419967e-01
-4.951289164026207584e-02
1.952470994956731487e-01
3.119884574328050109e-01
-8.823473868416026322e-02
-5.530175720248514670e-01
-1.755600253668466171e-01
-2.108891096252886732e-01
4.128244593836464249e-01
4.608813011093789713e-01
-7.655301132431562017e-02
2.937588761557640149e-01
-5.314461699313783871e-01
-6.758966008491132937e-01
2.686947738822158538e-01
-4.483636477177703472e-02
5.534263464639435082e-01
4.136086260336252485e-01
-6.090604859264356907e-01
-1.699103642024352989e-01
-2.130385417254654634e-01
3.696369671277011659e-01
2.067317655472434290e-01
-2.951812972162645710e-01
-1.474372930272858928e-01
2.317784933144662607e-01
1.021870198663702434e-01
1.016338942562192427e-01
3.236613128690189467e-01
-3.205255123724720656e-01
-2.379141129187536952e-01
-2.189325224315164242e-01
2.144330694049063069e-01
1.344691005082500335e-01
1.076925409586728527e-01
-9.038932192108127539e-02
4.578483186979576125e-01
4.687553849708288034e-01
-3.846037516695664515e-01
-5.026317278266028143e-01
6.410091859537954406e-04
-1.897598254187571332e-01
3.119629590240673433e-01
2.169351285595760570e-01
5.729073611249387854e-01
-1.340176801979847954e-01
-3.966000656681007985e-01
-9.150701455990924160e-02
7.321266863425859306e-01
-1.561965741674224417e-01
-6.975701674017131815e-02
-1.929755319617289522e-01
-6.067761574876680275e-02
-8.448397513783073576e-02
6.093111729147691058e-01
-5.384984828651674660e-02
3.753924914836033189e-01
4.833101512387175669e-01
3.593330409916808410e-01
-1.241886516375043936e-01
-2.894406252454601036e-03
-1.971608373536554437e-01
2.512060012838311374e-01
6.966228552469673208e-01
2.059215530160363183e-01
3.049287891168005471e-01
1.190312579694449979e-01
-2.670492075433295587e-01
-2.188348680490585785e-02
3.191161559434848582e-01
-2.855178694901159275e-01
-2.155938251127587912e-01
4.527007572807906777e-01
5.742306321383954248e-01
-3.837101069285232535e-01
4.451133081463809482e-01
-4.613400350724375376e-02
2.516916253922616420e-01
7.391002104980665122e-01
