-9.286446274855093830e-02
1.069185737619492843e-01
9.307180875446770252e-02
-4.752973467284992704e-01
-2.030749342833632343e-01
3.096285256109489181e-02
4.173761229810190043e-01
3.835623304372613451e-01
1.960074347819388274e-01
1.787591099662652616e-02
3.294018814146772445e-01
4.897509216119858011e-01
1.317905005148047558e-02
-1.195200992711493854e-01
-3.089660481284600135e-01
1.292857894174345712e-01
-1.521830420434381603e-01
3.341118565803244955e-01
5.604735636996273085e-01
4.139539247103265485e-01
3.240806442718469627e-01
-4.362314056996977052e-01
5.780043877207516889e-01
-2.043519377334138409e-01
-3.476879826018502428e-01
-5.492631059051313741e-02
-2.155382978467833555e-01
3.649251976886842830e-02
-8.878130693888947045e-02
1.810861385227162043e-02
4.064110566776960032e-02
3.230990129879210415e-01
2.278688464961437510e-01
-1.267564645516114918e-01
-2.458490785972678172e-01
-2.839482222684602472e-02
4.018767459277228227e-02
-2.622794332787829058e-02
1.201030725196983590e-01
-4.232383631201370733e-01
-3.925331361460910329e-01
-4.213375800001425281e-02
3.070389201955527336e-01
2.111665433786951429e-01
-6.647394079765673869e-01
1.040526745001431330e-01
-6.336352228339868775e-01
1.270965374405425563e-01
3.210542231299659544e-02
1.484294852793584807e-01
-3.582593530823599548e-01
1.489986117759860840e-01
-1.529921353499632264e-01
-1.192092356211719821e-02
-7.882856052145302550e-02
-1.446171809273595343e-01
7.075986265799915076e-01
-7.499931248560769148e-02
-2.041496753892126370e-01
-4.927557201796717301e-01
-1.576210234011608119e-02
-1.205196497203403772e-01
-3.174442633636449101e-02
-3.733957648914269511e-01
-5.089801272436459550e-02
4.568969284871008535e-02
3.869632579015642310e-02
1.958394212378256616e-01
-1.103186767378975391e-01
-3.811748729371774308e-02
-1.812623217180084345e-01
-1.311753432072903514e-01
3.511083752032748140e-01
5.736060830637561558e-01
1.959500858828615855e-01
7.247732166258781528e-02
-2.001591777286536311e-01
-1.464497796520066730e-01
1.122332760984408456e-01
1.454857711017820410e-01
-6.220412009439602041e-01
-2.526953684340237372e-01
2.922204220447732204e-01
1.866100282680069888e-01
-3.081461401534133504e-01
5.447041480916324785e-01
-1.883772198426902911e-01
2.945092060706275272e-01
-4.515517440674084448e-01
2.247144456628085707e-01
1.310957084277318274e-01
6.212782990346506218e-02
4.615171931878626621e-01
-9.240776243310304394e-02
-4.097057274517145742e-01
-1.433492260898154846e-01
2.290481167849982014e-01
2.581230631180002622e-01
2.451139600159489007e-01
-4.624066872060140776e-01
2.569819824967757849e-01
1.388316302617247783e-02
9.610020568292546583e-01
-5.048497465822197050e-01
-1.870736431914214459e-01
-7.326579829381035802e-01
1.046005674275762160e-01
3.255942659914131121e-01
1.181081128283226617e-01
-2.622587322811424926e-01
4.683065946870115237e-01
1.221150629314744218e-01
-3.509897037751106286e-01
-3.513014164639998715e-01
-2.811170670941767757e-01
3.431232306415149536e-01
4.656891871604221800e-01
5.038910266387076620e-01
9.045693637768326134e-02
-2.090867724422848517e-01
2.102414804513800806e-01
3.062167180470776739e-01
1.023289397160485614e-01
1.175278005244544122e-01
-4.689465543052468988e-01
4.536941537655869161e-01
8.258930723837255850e-02
9.860100138802242731e-02
6.579346862629766035e-03
2.779664267508610287e-01
-6.063437271178361287e-01
1.648688882861723895e-02
2.480859083618388028e-01
1.955384510738810144e-01
-5.145616306555252928e-01
4.143535521324133164e-01
3.217864192621305050e-04
-1.321701319808309683e-01
2.607285887387983947e-01
5.302097175719711758e-02
-3.554054842979196827e-01
2.891982170456433021e-01
2.072856092574131004e-01
6.973621016446703846e-01
-7.159281000242577464e-02
-5.594337433508183022e-01
-1.464108295748283439e-01
3.514607962946260100e-01
3.377347173132511648e-01
-4.629483492969325709e-01
-2.943441563897419844e-02
6.493714716577191071e-02
2.456775275196384223e-01
9.479138185775777548e-02
-5.146675822279874607e-02
-3.947725180579362281e-01
7.427240132234573800e-01
-2.182532362167988182e-01
3.522080540344036392e-01
-2.584256576888288026e-01
4.767501321441615092e-01
9.575991039110755276e-02
3.548318045989754532e-01
5.873914940439802779e-01
-1.837554084536770771e-01
-2.473666646376270761e-01
-5.272256323130148914e-01
-1.566738271706435703e-01
1.447718462116007743e-01
1.810050670044185683e-01
5.237344603845774937e-01
9.339436176915300036e-02
-1.639199820762139437e-01
1.502953435050427278e-01
-1.131477338821412632e-01
-3.500684157021337062e-01
4.007180744364031988e-02
4.749355130294075633e-01
-3.169304452522168081e-01
4.871273724022490148e-01
-2.348711189703309166e-01
4.618375028389490877e-01
-1.338998885465106370e-01
3.298168570689311019e-01
-1.932407327357367477e-02
-2.772097458681079818e-01
-1.190657362518876272e-01
1.893383202188039099e-02
-1.080091563920625997e-01
1.689369392663756242e-01
8.638389426300267793e-02
5.747545963730471552e-01
1.031466852419987978e-01
-2.387943481887100927e-01
2.049101007051873924e-01
-2.474154976015550123e-01
2.216540172929397645e-01
5.551014984785840323e-01
-8.281620548163577400e-01
-2.514802358485964118e-01
3.397232638194136456e-02
-2.655238726698533891e-01
-7.360722813635037221e-02
7.492545032378056247e-01
-2.451608956192052324e-01
2.657741254484872681e-02
-3.441440505534915650e-01
-7.693336071952856792e-02
1.253263459063636009e-01
-1.355814063460395250e-02
4.336244468082598585e-02
8.982014103417207407e-02
-1.193180977991291636e-01
-1.456112876530799849e-01
-8.706804754873723184e-02
1.300071258359337401e-01
5.749332644350919619e-01
1.758522409823534416e-01
-2.225829575236892566e-01
-2.633096733907169112e-02
-6.147104199637677402e-01
1.234308314438817555e-01
-5.056028837366891709e-02
3.046321993646011195e-01
-4.460814043789284589e-01
-3.443866671651722444e-01
4.156329688650579612e-01
-9.275970922508662564e-02
3.768544309862200681e-01
3.906843411071579397e-01
-3.734989489065955182e-01
4.763834887117520123e-01
4.980755200386343534e-02
-5.972300713373139558e-02
3.787085387061292496e-02
9.007274263905409861e-02
-2.020364808504120091e-01
5.164268575211197199e-01
3.911490459953708698e-01
-1.161513964073765566e-02
-1.280282996342634039e-01
-1.103322401153362664e-01
1.304752694129681090e-01
-9.717853631945222448e-02
3.086172652800673322e-01
-4.018156741550880234e-02
-3.005147901271745803e-01
1.076656062817287901e-01
3.550162840695158389e-03
-5.256997928776463436e-01
7.240498970032027692e-01
8.317603350874627766e-02
-1.663545415544152306e-01
-1.872862945401489176e-01
4.290881702696050515e-01
-1.110571486796256280e-01
-8.192910562294695997e-02
-4.354027718810556391e-01
4.331930435221940656e-01
-2.740097745450425018e-02
-3.009109647419110356e-01
-4.616434960595188625e-02
6.099234853856777550e-01
1.119229263441059441e-01
1.254879398407404978e-01
