1.822208093207695889e-01
3.458718916325838333e-02
-3.190704679657770104e-02
-3.543897539254731166e-01
9.795543881894779037e-02
-9.428702336581316901e-02
3.249631142705188269e-01
-3.186574533634719542e-01
2.458625556087268293e-01
-3.988579296546382325e-01
-4.691840552431234684e-02
3.128420810629574111e-01
-5.337417264177193310e-01
3.037252420004928344e-01
-4.766864327066188123e-01
-1.689406864479958414e-01
-9.855043109480626784e-02
-4.280394667159419242e-02
-3.750159750697282246e-02
-2.321705892615844036e-01
2.597676009536445396e-01
1.966828475221975570e-01
2.798058040278294523e-01
-4.037533777351874353e-01
2.076012302167852888e-02
-1.537248603170820183e-01
-8.163770263039288322e-02
4.859973368180466741e-02
4.039154159615004208e-02
6.550612668015970419e-02
-1.333728031500417688e-01
-3.874462249850280093e-01
1.675524916998937519e-01
-9.539438161207813502e-03
2.958227356497866167e-01
-5.979048999387255314e-01
3.923246689370616380e-01
2.236838034355520533e-01
2.483561891244181474e-01
1.395487842491477670e-01
-3.037569338073594638e-01
5.542644322589597161e-01
-3.008357099619246577e-01
-1.266981292706213236e-01
-1.890138205987691722e-01
-4.226891054710428808e-01
6.192563159177670584e-02
4.737618728983004207e-02
2.085689987771054410e-01
-3.444931036826151538e-01
-2.668788390234687058e-01
1.396475531697554395e-01
-2.130158469097581386e-01
-1.905892437757718827e-01
3.293306485585597021e-01
-4.260365310253285687e-01
3.160408114762732756e-01
-2.896643812268854812e-01
2.412374290393526910e-01
3.911413411969371645e-01
1.369721047316602436e-01
-2.588806746086687594e-01
-7.773228683961250565e-03
-4.253259614823038381e-01
-1.433915261457533070e-02
3.803376330536354377e-01
9.016839978945492273e-01
-1.252582823206800922e-01
-1.221821779316527579e-01
-2.534825533563959954e-02
4.876391325674369059e-01
6.368843154325365408e-01
6.232278598233981226e-02
-2.395313945351251750e-01
-5.814440291282158696e-02
6.889841827093518001e-02
-2.113619222009389120e-01
2.166415051178006701e-01
1.286468139720043924e-01
-3.512191108969055509e-01
-7.008874076237485706e-01
-5.306941460660884458e-01
-6.108565421194587369e-02
-1.896724010231587709e-01
-1.953924402795687298e-01
-9.236656875642895725e-02
-2.149410910518469997e-01
-2.369847853411581051e-01
-3.296584815921350942e-02
1.299776406700122178e-01
1.187846463278439957e-02
6.387052895692774124e-01
-3.029882052774403034e-01
-4.256908695588402791e-01
-2.795707733397998496e-01
3.633770025376273360e-01
3.755266038294854947e-01
-4.461494874878738082e-01
5.811766409093132441e-02
3.192036720489751511e-01
-1.827023024340785062e-01
-3.560752074608194429e-01
1.201998596743995701e-01
-2.841701083040192310e-01
5.365176532093604012e-01
1.975655292573476884e-01
2.273857914897209620e-01
-7.698042880534804178e-02
-1.506704051905555508e-01
-7.634653138883921997e-02
-3.570623112263548449e-01
-5.583340116454384855e-02
-1.449038469242416860e-01
3.224061043899474621e-02
1.573418574469477027e-01
-2.910636050770533112e-01
-2.320122595257438358e-01
-3.062585639269803095e-01
3.317587627227906455e-01
-4.187329962081162704e-01
-4.801381884832422453e-01
4.469152823764474536e-01
3.070660444353106588e-01
-1.665428852926837677e-01
3.949703411133828612e-01
2.174585641631551769e-01
-3.642118594494794803e-01
6.829672104384211517e-02
8.801197473357265377e-02
2.299764514549973438e-01
1.341654820658054192e-01
8.565610466101752918e-02
-3.519826027948609881e-01
2.575258241380518620e-01
-2.783446707552533414e-02
-2.178272866180893386e-01
1.498531312067157006e-01
-2.394857007694460860e-01
5.867753008069583887e-01
-3.382510580664278149e-02
3.687024682395520503e-01
-3.202102859709886340e-02
1.460759603689829877e-01
-5.115909341651233566e-01
-5.937477208862599332e-01
-1.743235470141113463e-01
6.821793298528597282e-02
-4.084272030416765675e-01
-1.664120163978306810e-01
3.374704811466221477e-01
1.911148021241548256e-01
-5.302842131542480075e-01
2.240571740342002516e-01
-3.775430022090175280e-02
-2.710239333048709495e-02
-1.826442572303648426e-01
3.606855252220576846e-02
-3.401962229830677309e-01
7.288216629646858402e-02
-7.283793360225362945e-02
3.872498958028485205e-01
-1.964369306104620516e-01
5.779082943904566283e-02
-4.554157988555705694e-02
1.443653406853703802e-01
4.536377235061049840e-01
-5.906705250406078800e-02
-5.961951055640091202e-01
6.159720566274871911e-02
6.285274623659235782e-02
3.226870523014369607e-01
7.008320844435890207e-01
-1.159494980774428696e-01
-4.490686787336973795e-01
6.654567839998996870e-02
5.459394664043831086e-02
7.715029612306026352e-02
3.675170572855748219e-01
1.061285057294310795e-02
-5.925812533539023264e-01
3.195972214923205601e-01
7.239669031413442646e-02
1.001511939564048576e-01
1.221914147984275723e-01
-7.594472381907650671e-02
-7.352344106083576192e-02
1.722550422986965646e-01
1.095144344216387594e-01
8.069360996746487158e-02
-3.665533194537286543e-01
-6.003576183087800944e-01
-4.605180686746949137e-01
1.952543184639785601e-01
9.011253254011785119e-01
-2.767747222147943220e-01
-1.322797336347294184e-01
6.502260545366383981e-02
3.468283592679017452e-02
2.699827169058637288e-01
-5.792474164039253248e-02
-2.460702642783164917e-01
3.003673661751353197e-01
-3.964471960703902509e-01
-2.245515799607911700e-01
-9.490540756591091254e-02
4.390942533889832800e-01
4.775421992450042397e-01
-3.401584539441401822e-01
-2.957832832199910889e-01
2.133289389203662512e-01
1.776551707941726455e-01
2.167611422210024286e-01
-6.750967090522363989e-02
1.308482274378139354e-01
2.329847804071307968e-02
2.514426778316655731e-01
-3.122988073343362439e-02
-1.067864718419812425e-01
3.040469403129352627e-02
-2.218238293101612024e-01
2.969358831888435080e-01
3.322715415044907861e-02
1.762190760178527493e-01
1.184320691261003949e-01
2.052830619310085092e-01
1.530950473430709724e-01
8.774154153302317349e-02
5.589596721725832440e-01
2.510279762127385905e-01
-1.726298214581199753e-01
-3.609011959442245954e-01
-9.603749881214078687e-01
2.705701154978895073e-01
-2.135720369771014759e-01
2.975641958829506467e-02
-7.686946931764567781e-01
-3.757086992567184036e-01
-3.697143180010790120e-01
-6.746650439107865216e-01
3.776201683327186087e-01
-1.902635320380662021e-02
-2.732567007788514468e-01
3.185347063009367763e-01
2.016156407180924315e-01
-2.090938438808981892e-01
-8.094665019368164904e-02
8.675830435920169059e-02
-1.494232461019573688e-01
-2.305882611885851433e-02
-5.324197312358246448e-01
-3.714353081918568278e-01
3.295637929413235134e-02
1.074537742951337804e-01
-1.167733618729097506e-01
9.753450683006553712e-02
2.052564093422611369e-01
-3.867660739837897044e-01
5.442904314008647354e-02
1.140262818706153369e-01
2.159370548810524981e-01
-3.202212335953306677e-01
1.061562757742941093e-01
-5.813985720041418837e-02
4.243121879328866641e-01
3.760781647723276944e-01
