3.949777198483517965e-02
2.397926945519762432e-01
8.450692938212962524e-01
-4.669206000732414319e-01
-1.666273022570527174e-01
-3.839809490221996469e-01
1.373331353065840033e-01
-5.601303496128022530e-02
4.416141696561423635e-02
-2.662211418538724117e-01
3.072478874926846681e-01
3.139454244679074080e-01
-2.247754188457881663e-01
-3.106628414917688707e-01
-3.023973619906037205e-02
2.988035701918481668e-01
-3.330950289123313923e-01
6.318038038918035726e-01
1.595606752862006178e-02
3.799878293764011317e-02
-3.845552539305334694e-01
-5.199374513812274889e-01
1.812227160345788735e-01
-7.422399273552755528e-01
3.704466844690632032e-02
-3.157334355174151730e-02
-1.549943176964935498e-01
3.701661912570775037e-02
-1.709425717249879462e-01
9.066620050149856724e-02
-4.898162883107094467e-01
6.439983298747324614e-02
-2.715354625395637878e-01
-1.213323468327734411e-01
-2.565022410544101628e-01
1.799688868841892164e-02
1.612021925513887344e-01
1.089710314990200019e-01
6.595547023250394013e-03
6.946292740028197077e-01
-2.026340117661398210e-01
-1.936091312939244857e-04
-1.301913339174457784e-01
-2.177252014991655216e-01
-5.506577196683949404e-01
3.383440135901749080e-01
-2.646456682116733045e-02
-3.711661035183391050e-02
9.212213677106856347e-02
-1.034413294405276823e-01
5.397503166879077247e-02
8.700792393831291438e-02
3.088672939835317988e-01
5.055309447287094082e-01
1.780420048800295529e-01
1.377645449472362504e-01
5.268823732369638108e-02
-2.322526992137401991e-01
-3.129757831170014160e-01
3.340566436483271007e-01
-1.456774098608589196e-01
-1.030188373047712519e-01
-7.918914031218482474e-02
5.324037071446025698e-02
-3.793687981561516542e-01
-4.393035327818509694e-01
-1.463156168442592830e-01
-3.819620852810634570e-01
-3.982709621698481139e-02
-5.453492684980419669e-02
-2.476891149189782149e-01
8.023599749326816299e-01
-2.910004340333042783e-01
-6.829594437867549106e-02
5.114418265771663030e-01
1.859815016227628348e-01
-3.792420969342170656e-01
-3.187180812352608528e-01
-7.675880832175267787e-02
7.471925090302856953e-02
-6.791619744037424855e-02
1.170880491172892890e-01
-3.890958968624341208e-01
-1.194492890914481548e-02
1.917276445646772520e-01
-3.937619811241612616e-02
-5.544991974723715300e-01
-2.171263383283972281e-01
1.192606541183651170e-01
4.473783058079762731e-01
-5.159411367297103701e-02
2.981314827807411971e-01
3.847853479334891746e-01
-8.415424087736178560e-02
3.688098302268584816e-01
4.782837570758128320e-01
2.629966837463964396e-02
2.562620480001008838e-01
2.313424420050558539e-01
7.874888693198414669e-02
2.863237157903975039e-01
-3.229718386065523195e-01
-1.853502676118496950e-01
1.062646464337332897e-01
1.882400584789768391e-02
4.419424594108332105e-01
-5.069381515719619813e-01
1.711923577818905973e-01
1.952069097973369305e-01
3.570304743852000667e-03
5.997471726903070843e-01
3.783727666806334378e-02
1.322280570809571953e-01
-1.225158139270018098e-01
2.187367869044997415e-01
-3.882489226227586743e-01
4.391581014358240664e-01
7.619578921818493944e-01
2.404666801025110434e-01
-3.803492054358029728e-01
2.669984475710135974e-01
-5.016328356350724382e-02
-6.321778375270678541e-02
1.904320238238619012e-01
1.732519469681995106e-02
9.923811350521943853e-02
6.165877851783486269e-02
2.422056139690967891e-01
5.089516505608895347e-01
1.680646208426802568e-01
1.464509517833484653e-01
-3.980180555656561148e-01
3.144169575954553486e-01
-5.567998280027884883e-01
1.192631906188898194e-01
6.671704510967728652e-01
5.142129475151734352e-01
-3.484597185461985047e-01
4.774436817607904393e-01
-3.666512840326234257e-01
2.550704112567827031e-01
4.287407289836089874e-02
-3.141466452288657063e-01
4.662151900508312852e-02
5.416551024073679166e-01
2.209074666478030025e-01
-1.671830944209235226e-01
-4.647377693493596196e-01
-4.230217135021429598e-01
9.146961875804816844e-02
-1.003682333397837995e-01
-2.603170398096613103e-01
-1.876475633527439346e-01
-1.698712100928696511e-01
2.199751582991211207e-01
-1.876627042517884925e-01
-2.198237610268737041e-01
2.634885030618573376e-01
-1.029200723017481278e-01
-2.655547486840318938e-01
-5.069289893802816360e-01
-1.112137073979267976e-01
3.227913455468413018e-01
-4.069621637127579517e-02
-1.785198132663045612e-01
3.641490828650803535e-01
3.329909295945164271e-01
2.921225333948604397e-01
2.015378901549083890e-01
-5.663672006505375833e-01
3.051503657417715121e-01
1.985154931172138648e-01
1.533257118881665437e-01
-5.532684533915151887e-02
4.112875756046358022e-01
2.740866053838033611e-01
6.356627720201034337e-02
9.409635609885738106e-01
4.634653173772557699e-01
1.244085647481716489e-02
-2.497857813245812630e-01
3.054659659088871937e-01
3.723833149163737755e-01
-4.719805956927126123e-01
-3.668035903711087120e-01
-8.361539739435880358e-02
-7.808010240370344412e-01
3.804875068360593637e-01
-4.573524287399350907e-01
1.825236099614329088e-01
3.803127723375888669e-01
-3.898759915652538766e-01
4.275946452446823254e-01
-2.820307928646122453e-01
1.488056695996513579e-01
-6.654586540497450797e-02
-3.586113141510331448e-01
4.427173299588114674e-01
-6.058528039992201464e-01
-4.383358531820229220e-02
-1.338796247902558634e-01
3.338001998660702352e-01
5.004721089334894513e-02
6.215840748661993764e-01
-5.865112027129697481e-01
-6.184878451419230094e-01
6.351666252837664395e-01
3.137971842013789758e-01
-3.800584463618895126e-01
3.195187372972511097e-01
-2.877104776806608810e-01
8.454896692562889615e-02
2.014065510946075888e-01
2.290341223805667237e-01
-5.671242673679226520e-01
-5.484484312336274092e-01
-3.192310410237049201e-01
2.354508133794067093e-01
2.094553652771123653e-01
-4.125588810709763243e-01
9.305409303836670309e-02
-3.214218790515941948e-01
-4.415529137489783706e-01
6.931654684397023369e-02
7.479669007218095467e-02
-1.126812609250579245e-01
-2.544928395306618116e-02
2.362417502252588952e-01
-4.866970847908882458e-01
-4.683721087735802091e-01
-5.634380579539294276e-01
1.893912662651690559e-01
-6.707548863285830443e-01
-1.599346920550713813e-01
-1.945965868431963619e-01
-2.355901979708847210e-02
4.747913765356727156e-01
-1.581702095200227809e-01
-1.497608204800891241e-01
5.790102362158832533e-02
-2.088772605117980852e-01
-8.747743005739321287e-01
2.813232363275026682e-01
5.711820857003856861e-02
4.224935180408254665e-01
3.473547011544907137e-02
-4.516267844505103546e-01
3.665945847308094141e-01
3.590155997833564538e-01
-3.011621462701435381e-01
1.162527441528368732e-01
2.058277388811355080e-01
-1.177851293645432174e-01
1.623505469063658002e-01
-4.080668054981390069e-01
-7.710365253111289841e-02
7.790110880054805786e-01
7.046171963578568009e-01
1.737455488709246099e-01
-1.000000000000000000e+00
-3.443281792779175760e-02
-1.931341336587547725e-02
-2.929151070380089372e-01
4.402722478020388297e-01
-4.910224261502225684e-01
