-8.358166731868333504e-03
1.506120514878634686e-01
-1.376289277379169895e-01
7.584829848642277161e-02
-2.213868670684962514e-01
-3.144168168970372657e-01
1.164995908850502138e-01
-2.452886961768531993e-01
4.416141696561423635e-02
-2.262018515833551235e-01
2.623342006869717746e-01
2.945015706037051872e-01
-1.835397107409804940e-01
-3.398657146654946448e-01
-7.163694288420363598e-02
3.789354358060558203e-01
-3.610719240070964231e-01
5.267258546611846004e-01
2.305703296808906885e-02
4.865847231007983109e-02
-3.691296317318715214e-01
-6.068842409125033699e-01
2.691386291980634726e-01
-7.826381339422241457e-01
4.848618016080191023e-02
-4.404045216904581284e-02
-1.459574136363822050e-01
-1.178063138014356220e-01
-1.513769494279306946e-02
1.063645589858373541e-01
-2.998268010637528125e-01
8.647745534538854584e-02
-3.214180383315497491e-01
-1.345238934643789297e-01
-1.454602524792473484e-01
-4.990137298152572121e-02
1.283103091756868097e-01
1.484966043162177021e-02
1.293890120465103211e-01
-2.570507354601023753e-01
3.986420497608022528e-01
-5.744873301802337628e-03
-8.130701075624892360e-02
-1.685675831945858127e-01
-5.097850884627154189e-01
1.827007993282520060e-01
-1.077514506854956589e-01
5.152412382135616864e-03
2.748662003208957733e-02
-2.734959737394562218e-01
-8.669278837473742144e-03
1.308531054006139421e-02
3.039186132538685414e-01
5.190254405473554433e-01
1.310818721771979667e-01
2.603275419856931894e-01
1.460134996975263610e-01
-1.896054328762626084e-01
-3.056721195832617921e-01
4.529574930963797263e-01
-8.711777263884620814e-02
8.168221206295153691e-02
7.176585502355434243e-02
-2.579147144257725593e-02
-3.814583542076352973e-01
-5.182616939488474683e-01
-1.645678299039894377e-01
-3.679188044612027308e-01
6.063960572666586557e-02
3.390274791349640604e-01
-3.171180870180260181e-01
3.105109031323158852e-01
-4.168688709401758286e-01
-3.537533611268460498e-02
4.302149074013849051e-01
1.127118119490849724e-01
-6.112528574403777171e-01
-4.301836183276818160e-01
-3.093536129042410709e-01
9.652540355424149565e-02
-1.139406989693152322e-01
1.526988910330638327e-01
-3.390801958280269535e-01
1.831935336499612016e-02
2.080784904749805597e-01
3.964687647169775619e-01
-4.999031973909766058e-01
-1.871801708861949853e-01
1.448993714681923173e-01
4.273884971026259971e-01
-6.821994103195697101e-02
3.823401321383044227e-01
3.474292270453821496e-01
3.390167986763922836e-02
3.338185318776337729e-01
4.768761747029594544e-01
-1.085247273910475499e-02
3.369403478612865155e-01
2.373716876071738369e-01
8.093989265273206224e-02
2.825378156392887585e-01
-3.587846427148231876e-01
6.414829860882077517e-01
1.501593811672365386e-01
-2.028547467693764608e-02
3.704952706252304107e-01
-4.158242840533613593e-01
1.311844034893570043e-01
1.266114876317118443e-01
3.024265293862966886e-03
5.420665515162960135e-01
1.509847017862737117e-01
8.483706645382511902e-02
4.741600816174917354e-01
4.496295240179499220e-01
-4.456928131860889986e-01
4.063544178706970933e-01
6.566032680987886616e-01
2.617915108772221888e-01
-3.588375332292940145e-01
3.596789264810431597e-01
-4.462927303405456181e-02
-1.540978436261074003e-01
-4.326997981585030129e-01
-1.308207698027965930e-02
1.083478430556066296e-01
3.052609287470438026e-01
2.613228494957008374e-01
3.671827418763666806e-01
1.512664569251335744e-01
1.765623370349152788e-01
2.766376007238431911e-01
4.172140392679956067e-01
-6.434000089710756320e-01
-5.346966751855704025e-01
6.141037681450332020e-01
5.786806514351926500e-01
-1.712907978943437326e-01
4.640520345966143156e-01
-4.295340463947407428e-01
-8.577018527572115303e-02
2.110860421344994964e-01
-3.741922451846918518e-01
9.898584903754446829e-02
5.171154978634225907e-01
2.843799630030707237e-01
-1.068629309530182842e-01
-4.560091428333761798e-01
-3.292505297171593459e-01
3.779397161473924682e-01
-2.123082995844153831e-01
-1.554968025331439352e-01
-1.081997515073691851e-01
1.976109342696722726e-01
2.373955465152397248e-01
-2.311168153590375252e-01
-3.249179061566895843e-01
2.117626338416737641e-01
-1.825102923219493745e-01
-4.783364779976578274e-01
-3.287617870400857956e-02
-2.144630799805362087e-01
3.201334349666808410e-01
2.157912159617565440e-01
-3.631316380591536608e-01
2.952804619703303102e-01
3.595445167298480516e-01
3.663116642645670162e-01
1.974950889109918784e-01
-6.089932103597726076e-01
3.504636073697278142e-01
3.003945123374225368e-01
-2.420370035668643199e-02
-4.912240024206368516e-02
-2.832798467094114203e-01
2.238028870871661413e-01
-4.026593938204543754e-02
5.350786632721283853e-01
5.337186601853312062e-01
1.120378406394483273e-01
-5.047321629386044561e-01
4.047294552322941996e-01
2.407211368937289542e-01
-5.354742172065417583e-01
-4.550177075881205457e-01
-1.895335326704844156e-02
-8.552030252408162614e-01
3.285356870717542344e-01
-3.580258386991401198e-01
8.762599250715839838e-02
2.885183722379014437e-01
-3.152414132015142756e-01
-2.709378923951563101e-01
-3.263901734037979452e-01
1.502126884522165806e-01
-1.403397378034178800e-01
-3.288851947508207862e-01
4.171867895391324632e-01
-6.553469307610998440e-01
-4.962119324488710459e-02
-2.557773486228004378e-01
3.398417472345768298e-01
-1.565038028252689964e-02
4.885672040720157039e-01
-7.587996875679302589e-01
-6.093179848599028503e-01
4.295575862354918395e-01
2.254988658836187820e-01
-4.306069322506688724e-01
3.882445317520133443e-01
-2.440124920543997322e-01
1.430892013740849289e-01
1.366505565799914779e-01
1.880648023445455619e-01
-6.147520881952087679e-01
-1.491737533495200996e-01
-1.911905288722814955e-01
2.927855211353155296e-01
3.231647198467677007e-01
-2.840499570844631227e-01
7.991984351322578561e-02
-3.891110478113504190e-01
-5.567982757046596731e-01
9.446746807658165657e-02
1.306254563305362659e-01
1.517940332623296529e-01
-9.614474294254513054e-02
1.730226853757497740e-01
-4.946522873473438997e-01
-4.338386235548038483e-01
-5.099288069951712909e-01
2.411359454299757954e-01
-2.172677873389520509e-01
5.850713969922252330e-03
-1.348827340031128474e-01
-8.889534541645389976e-02
4.092629542603550274e-01
-1.031485041025335392e-01
-2.410142787362056227e-01
1.212818062326650181e-01
-7.789866264689393471e-02
-8.675240265595863809e-01
2.803365528103614057e-01
-1.789170438762891779e-01
3.598560401778084783e-01
-1.812980288459355854e-02
-3.036313598242015299e-01
4.192322514900376773e-01
3.549439082613172203e-01
-2.713955865222956731e-01
1.441317892102525200e-01
1.333011761727861955e-01
-2.631481500421933850e-01
3.451377552569133422e-02
-4.558036771581278068e-01
-1.447643178893401328e-01
6.799857447349096917e-01
7.631415043818412514e-01
1.238230915945719157e-01
-1.325020995018223735e-02
2.325838569463698630e-03
3.315001758064840126e-02
-2.028117617612907320e-01
3.441526532698010454e-01
-4.612882564121296713e-01
