-4.235772494160337520e-01
1.328076971250971849e-01
3.827586291247412342e-01
-5.145630518982782786e-02
-1.071245458232299996e-01
1.302724599961092578e-01
7.033827997160031764e-02
-2.298199800717181940e-01
-3.037045713606421060e-01
2.525705756060106499e-01
-4.276232187841123022e-01
1.768709780383219410e-01
5.913407974754834873e-02
-6.422540231503837127e-02
-1.497338016496718716e-01
1.498156093238818820e-01
-8.991560632331110914e-02
-4.148362622958402107e-02
-1.767556540978638402e-01
-1.796192938446644280e-02
-1.967534507034455482e-01
6.291414239748208646e-03
-2.379834492197567819e-01
1.223664648718442854e-02
-6.007299844693533841e-02
-3.921348409381368860e-01
-1.616707245252644587e-01
1.468106068645280149e-01
-1.980998869941529850e-01
-3.824164313374754931e-01
9.118603501433113212e-02
-1.437510124066811723e-01
5.917388878897402588e-02
1.089692232828104457e-01
3.625509826898836718e-01
-9.488425563850616529e-02
-6.278847434225837132e-01
3.068929464457096357e-01
7.880260061511830116e-01
5.122870433885134273e-02
3.434115498965622515e-01
-1.603354834196374368e-01
6.169279743242034320e-01
1.717648733940990713e-02
1.477821502840288292e-01
-1.693276957672164573e-01
-2.107891581331314268e-01
1.110017044617805787e-01
-5.955660034582680451e-01
-2.934321932223896146e-01
-2.912123228162218913e-01
6.241619187991829243e-01
-1.388693184455765395e-01
-6.563430851361038432e-01
-1.951552950439115475e-01
-6.981556886052231459e-02
4.643123534069510533e-02
2.020347185785342434e-02
-2.330920238877128292e-01
-2.340646470503061627e-01
-3.305408084943348701e-01
5.385248255991142985e-01
-1.202616584169011460e-01
-3.841754975160586311e-02
-4.243985423564276133e-03
4.429245258343854630e-01
-3.452422284871246028e-01
-5.606669282660790843e-02
2.738304157412497775e-01
1.443740161989507387e-01
-2.889101689640656279e-01
-3.577042422277710298e-01
-3.836430791898188808e-01
-5.046457311635962201e-02
-4.084089632308011697e-01
8.508482366460798918e-01
-1.726361391208743878e-01
7.110729452260584615e-01
2.731764260855627513e-01
3.757331989345379930e-01
7.542418624379541026e-01
-4.726455387126078378e-01
-3.864648330168836687e-01
5.404337751354906100e-02
-1.484666719919113254e-01
4.472374933416124465e-01
8.703605935546769590e-02
-3.452097057573654815e-01
2.581067946782147349e-01
2.815080499793483071e-01
1.642252094327815715e-01
7.441496675108979497e-01
2.181303894442083446e-01
-2.475667156997353457e-01
-6.981723562454998644e-02
-2.884032422683503460e-01
-3.947473453949268407e-01
3.197936926402242253e-01
-4.022133708296374288e-01
-6.806330556066597648e-02
3.638412602489115022e-01
5.279879828688420762e-01
3.120965011104491205e-01
-1.296283314233668826e-01
-1.848309277079106805e-01
6.124259908158141003e-02
-4.152849297737642997e-02
-4.528905623032811190e-01
-1.638438209669659251e-01
1.658221040542904035e-01
-1.047184419031504943e-01
2.659543912309157987e-01
-1.712781047227895370e-01
-2.002397761941579202e-01
1.211815299409672309e-01
7.285827430568913021e-01
-2.204561936811436640e-01
4.017889684146379592e-01
-4.014266439469150738e-01
1.819454172475402642e-01
4.366673713719796956e-01
-3.176468463446435186e-01
-4.553663619930624074e-01
9.168565086606274284e-02
-8.837433294547999418e-01
-4.830614370357998871e-02
4.034178556100671831e-02
1.190831604050890530e-01
3.685851007898002796e-01
-8.185127659078339502e-02
-2.558065981341334783e-01
-2.527066136231044535e-02
-5.361019424378046239e-01
1.760029985915424755e-01
5.036442553815518863e-01
-7.966392817260209425e-02
1.508700596005693451e-01
-4.873179789078038171e-01
2.544321925960832398e-01
-4.795862676749377829e-01
4.329378740495196665e-01
-3.013575260907996878e-01
1.796995623230269179e-01
-9.933544829146109811e-02
-1.789223152845716147e-01
2.814448921579972701e-03
7.346826132670029041e-01
-8.934881110114792357e-02
-9.586016611983160240e-01
7.059230825615400717e-02
-1.321335362010622183e-01
1.412481300606275858e-01
4.483671871829028044e-01
-2.977976815349910877e-01
4.511824379760677184e-01
2.281101461327727231e-01
-4.015493546633544519e-01
-1.819761570863370759e-01
-4.138701277184981264e-01
-4.413470812885051386e-01
1.606495033744678169e-01
1.552310245532268207e-01
8.250747604182401274e-02
3.805010227186373384e-01
1.569659379005645949e-01
-5.114654991443945420e-01
3.266176688474598522e-01
2.929965001213332143e-01
-3.263278462468022917e-02
4.363302273926761288e-02
3.513717093159363092e-01
2.142893110559197511e-01
5.300147649039481657e-01
6.458583882795545517e-01
-5.012480936664243103e-01
-3.064788236228344620e-01
-2.713061814571962604e-01
3.324655179618193346e-01
-1.512858605501330167e-01
1.000680844525060897e-01
9.249487990603046106e-02
4.861927968306676284e-01
-7.084470689456084935e-01
-3.690002357643103470e-01
-2.107003800833641693e-01
-4.918149869927315732e-01
-4.459670075320712468e-01
-1.826287907330258198e-01
3.921702436003771663e-01
1.000000000000000000e+00
-9.097577917335550324e-02
-1.430843737790477022e-01
4.461869328818390823e-02
-7.687069599771470529e-02
-9.993615554936746692e-02
-1.623677607015384661e-01
1.063705036345393012e-01
-1.744813313506472507e-01
3.115307309418298420e-02
-4.166446058831299593e-02
1.253037363661161085e-01
3.316339560704609224e-01
-1.717033691726448652e-01
7.812248099238153221e-02
2.072191597864415369e-01
-2.909234785532218148e-01
1.075691669449063970e-01
9.499761718975230362e-01
-8.972131401540107964e-03
6.447100275568010130e-03
2.119212246388285925e-01
-3.061537114339063503e-01
-3.616876730796028117e-01
-2.632148830052801203e-01
-3.037295452813469354e-01
1.373884493094228443e-01
4.037611001242465414e-01
-1.288721203038156737e-01
5.844691909680208713e-02
3.003612362741319153e-01
-5.447685186075166275e-01
1.901442190392924891e-01
5.134833813880121944e-01
1.120599569330416184e-01
4.346510050537726877e-01
-1.024917187274382441e-01
2.129239688693331800e-01
3.246860634140689150e-01
-1.616125126938245671e-01
-1.141643234301283338e-01
-2.134931873164588045e-01
3.260114640942514130e-01
4.281166844383903491e-01
1.289002389596830833e-01
-2.663389005476398119e-01
3.507705075519275684e-01
6.395792015138050957e-01
3.207764597798234418e-01
-1.578810330774354509e-01
-3.822776084646599126e-01
8.577321965797010672e-03
-1.781400075918550263e-01
2.518119162067489203e-01
3.959112985961597830e-02
-2.420301823891784498e-01
-1.526256297930304873e-02
-2.571771407083452976e-01
5.560046385729556784e-01
5.078420263956655578e-01
-3.690800003082159858e-02
-3.326505497262872146e-01
-5.441823978183077948e-01
2.845211683987417528e-01
1.451588886545580326e-01
-1.883639773255179894e-01
2.716177037858711341e-01
-1.038539741522769289e-01
1.590288117811916035e-01
-2.784043549818386587e-02
-6.758552865281192146e-02
-4.890636543900108713e-01
-1.677138469422675415e-01
-3.214857110664418038e-02
-4.207518525336505222e-02
-2.165135659562300585e-01
