1.003444736753997257e-02
2.151242196453890809e-01
8.450692938212962524e-01
-1.354709564231815766e-01
-1.666273022570527174e-01
-3.403491631928366457e-01
1.373331353065840033e-01
-8.419009677443457795e-02
1.679353132982886951e-02
-2.589435070489519153e-01
2.390784660122631800e-01
3.481289280492655402e-01
-3.342454910920135136e-01
-2.808230495607751398e-01
2.069808397607748179e-03
3.102449723690158256e-01
-3.387593302920452465e-01
6.318038038918035726e-01
1.653754978195390649e-02
4.716124783802552733e-03
-4.115284735272276007e-01
-6.006024762151098706e-01
2.472711878585956702e-01
1.594226030111863535e-01
6.037634606395655967e-03
-3.426100031013247504e-02
-1.883451027651553977e-01
-5.730010969994120407e-04
-1.083846818688820463e-01
1.482817981348834302e-02
-4.898162883107094467e-01
8.647745534538854584e-02
-1.743352526781744294e-01
-9.900411321840607570e-02
-1.944286641797409176e-01
-8.186069852969209831e-03
2.059854089011305955e-01
7.161569344281576432e-02
6.894714380454196323e-02
7.432542939910388169e-01
-9.424122226952007242e-02
-3.266668845263710763e-02
1.414169635027872837e-02
-2.074828480925532959e-01
-5.376096839731285826e-01
2.384269511679746323e-01
-3.951528040298245559e-01
3.512534485818235575e-01
2.362663459996722226e-03
-2.501892434049760583e-01
4.758730897921090858e-02
7.466841221990230815e-02
3.089715172121333397e-01
4.762308452152376748e-01
2.938166606515927315e-01
-5.485956443516186443e-02
8.271075831142929435e-02
-1.925692484606283394e-01
-3.118919104366317252e-01
3.493093196530903666e-01
-1.691205334104557145e-01
-3.167174739255163018e-02
4.344630264897307581e-02
9.485602502923190515e-02
-3.793687981561516542e-01
-4.391042404560986379e-01
-1.384625569346086549e-01
-3.678195107094375249e-01
-6.005736673149929261e-03
-1.819976554332018714e-02
-2.742436888566375242e-01
8.211155420571838448e-01
-2.910004340333042783e-01
-2.300874122912485026e-02
5.813398643783821429e-01
1.837949299951023019e-01
-3.581362638643725838e-01
-3.748853610623189558e-01
-1.016161569265252168e-01
1.113857364731392907e-01
-5.875177221518863846e-02
4.853434265569037120e-02
-4.910078227422872144e-01
-2.464534683412155855e-03
1.553316012399076906e-01
-4.149305474723945231e-02
-6.084176369621101532e-01
-2.186096692414090936e-01
1.192606541183651170e-01
4.306610817663522051e-01
-1.188504723284346809e-01
2.981314827807411971e-01
3.957342641048268161e-01
-1.284244910412695451e-01
4.126487457205917364e-01
5.447837033182681976e-01
-5.208638034379473036e-03
3.461811649174850181e-01
2.947902245510533037e-01
1.026486181725235619e-01
3.035274025555570465e-01
-3.704446251762159581e-01
6.324124600625365966e-01
9.899839383741494692e-02
-2.468137745458345508e-02
4.521063417625248437e-01
-4.849690614678570100e-01
1.221683027018299061e-01
1.658079664764141592e-01
-7.727502916125569832e-02
5.784484407995258426e-01
1.031162664121774986e-01
8.803002967593219485e-02
-1.624314015622110585e-01
-2.700619620948642718e-01
-3.982313784951362901e-01
4.485969241539988772e-01
7.549862507286381197e-01
2.323086015018162864e-01
-3.663873886271066804e-01
3.299098479239740422e-01
-1.088019238129566968e-01
-9.539601768156827366e-02
2.004416001704859285e-01
7.064364262576487696e-02
1.223175784171005587e-01
-5.345626456756936984e-03
2.613228494957008374e-01
4.414290216423267244e-01
1.892316823307749474e-01
1.856362976294161082e-01
-2.759375573516792968e-01
3.173396698521180892e-01
-5.478716676032571176e-01
-5.350288969189546107e-01
6.509183465224770426e-01
5.380667457676073795e-01
-3.376759625128172293e-01
1.458715409549597719e-01
-4.099310654633174789e-01
-2.274904834900286568e-02
1.800829372766873104e-01
-2.840710716884076170e-01
1.147013426246599188e-01
5.389911558949780357e-01
3.372422837323567624e-01
-1.630725982286048148e-01
-5.676665761952210953e-01
-3.471569686610232464e-01
-2.223591656186988952e-01
-8.429069447782966407e-02
-3.306233585148102283e-01
-7.684409137462257233e-02
-2.474293843551404193e-01
1.963027547640319448e-01
-1.078881054443680959e-01
-2.996390996910338611e-01
3.631407024512995907e-01
-1.469185408510806923e-01
-5.491177505219322352e-01
-4.115766933224814794e-01
-1.112137073979267976e-01
3.356814374178155314e-01
4.190606120484408059e-02
-3.385019673328255041e-01
3.407994727353398923e-01
3.312903930297681487e-01
2.878287016799972453e-01
2.069709505134464389e-01
-5.663672006505375833e-01
3.261858361835001663e-01
1.607556085376452004e-01
3.463420576319451577e-02
-5.532684533915151887e-02
4.362659373378759420e-01
2.740866053838033611e-01
1.168440665786528443e-01
9.881334169135459478e-01
4.665293070591391422e-01
-9.189245129246667587e-02
-3.148016970408317183e-01
2.669943553820973703e-01
3.255656469002089493e-01
-5.067547893950728050e-02
-3.426520113471629991e-01
-1.462175674905047962e-01
-8.555635830914180007e-01
3.758737661035956301e-01
-4.144906949616918856e-01
2.097084227773936826e-01
3.146260146804022995e-01
-3.732831928351978967e-01
3.996741584581520179e-01
-2.610814407549125749e-01
1.674207497699122804e-01
-9.780027500050765543e-02
-3.586113141510331448e-01
4.174361124118863842e-01
-6.402411924581251634e-01
-5.733927770590188655e-03
-6.705998171852965706e-02
3.579925282304692313e-01
9.554214031560229192e-02
6.991572065179354478e-01
-5.667169606541344606e-01
-2.541767211740833532e-01
5.631484324328466240e-01
2.779478792098137863e-01
-4.570646126941795839e-01
3.464116905630642007e-01
-3.252957016020457393e-01
9.870421365149509296e-02
1.777412427621538060e-01
2.009633076142837982e-01
-5.293799603309325974e-01
-1.711299998090327346e-01
-3.192310410237049201e-01
2.384061818472514582e-01
1.886912428108397377e-01
-3.716721198111029301e-01
1.080455263903072893e-01
-3.593370592963052168e-01
-4.894020253260114584e-01
9.826094829831491517e-02
1.372848806245081099e-01
-4.321996591444024483e-02
-3.526735069907527970e-02
2.081125550016097447e-01
-4.074732487147770255e-01
-5.275001695747562058e-01
-5.493978752057748771e-01
2.307869466245965895e-01
-6.079993756137850314e-01
-2.272999771488777854e-01
-1.996808704118017419e-01
-2.788750409004697034e-02
4.127244638894184692e-01
-9.471050606929352911e-02
-1.014658684096830937e-01
5.484547737017166774e-02
-1.616932188669923942e-01
-8.396102444472910431e-01
2.900991632741958259e-01
9.202753786783555989e-02
4.193345507375408343e-01
-6.361513666088565444e-03
-4.628244622071159275e-01
4.584834304358791357e-01
3.339165589748889218e-01
-2.910224728005038064e-01
1.162527441528368732e-01
1.631183446060998077e-01
-1.346415099660602521e-01
1.623505469063658002e-01
-4.080668054981390069e-01
-4.915861329119788903e-02
7.336380962806562378e-01
6.896454609994666640e-01
2.079775806953104711e-01
-1.000000000000000000e+00
1.369971529918957015e-02
4.506116015640770911e-03
-2.185022620535289062e-01
3.857236992838360967e-01
-3.948136355862792435e-01
