-2.361590063548305723e-02
1.751092946356293256e-01
6.977518256775225303e-02
-4.777996319246268220e-01
-1.683592651527615058e-01
3.096285256109489181e-02
4.173761229810190043e-01
3.950070248884595681e-01
2.224503148011637288e-01
-3.230412485884511659e-02
2.782779023883191760e-01
4.228996878083597366e-01
-7.136641027796214454e-02
-1.195200992711493854e-01
-3.601553035506892542e-01
1.292857894174345712e-01
-1.791456033568673001e-01
2.760007912690121690e-01
5.551159904361664399e-01
-5.103468731507763284e-02
3.380579666439726405e-01
5.361209231519727947e-01
5.780043877207516889e-01
-1.114083098876751943e-01
-3.645389903917153895e-01
-5.492631059051313741e-02
-1.564582476100853659e-01
3.649251976886842830e-02
-1.364764942108510903e-01
4.190495627760119912e-02
2.612517005788825286e-02
-2.746583317629978649e-01
2.730200588306811449e-01
-1.128534524489860219e-01
-2.458490785972678172e-01
-1.704278273509583080e-02
2.106599190923409345e-02
9.512755503350532604e-03
1.050425005324858996e-01
-4.232383631201370733e-01
-3.293617818983876622e-01
-4.017356785610958630e-02
3.522994574845286220e-01
8.619792301603072804e-02
-6.805616494927364535e-01
2.688340157476545866e-02
-6.512831503366783847e-01
5.085914047778879177e-02
-1.667936938647944511e-02
1.168549053885822586e-01
-3.752825262056224687e-01
1.489986117759860840e-01
-1.290555966557125622e-01
-5.999254727075824245e-02
-1.632922862015413479e-01
-9.431374894496277750e-02
8.499092318779339905e-01
-1.485972418407639495e-01
-1.571926344812444865e-01
-5.255192522881331207e-01
-3.947932442267935993e-02
-1.444197680009322859e-01
-4.877048797979350453e-02
-3.776090879854785420e-01
-1.779009890188536502e-01
-2.953739957607773997e-02
-3.879091680208271997e-01
2.668929579545500919e-01
-1.236155671516329380e-01
-4.760406962800429326e-02
3.851453157654829984e-01
-9.942649607013273605e-02
3.568472812664283400e-01
4.874564107394919743e-01
-1.053432398209334375e-01
4.268844905524715738e-02
-1.330793138232327644e-01
-2.166903807216637445e-01
1.401391990555609091e-01
1.454857711017820410e-01
-6.498941219131221247e-01
-2.168310031019860529e-01
3.015570027498491457e-01
1.688437570497093032e-01
-3.910347068705430362e-01
6.152267539930694751e-01
-2.464989031117260365e-01
2.110911821258301332e-02
-4.638243080682181718e-01
2.293102514040932516e-01
1.310957084277318274e-01
-3.174027897848888391e-01
4.185069031327457445e-01
-3.635882877955359110e-02
-3.580438244026026284e-01
-2.556303978548180034e-01
2.290481167849982014e-01
2.339675603285259198e-01
2.195336096923638791e-01
-4.827866319942142881e-01
1.760995828189237944e-01
5.999208665849863759e-02
9.147182308822361385e-01
-4.548230954089136358e-01
-2.744303004420833858e-01
-7.412124333079500582e-01
-2.181804559666261356e-01
8.770545886319855433e-02
6.423364254572742071e-01
-2.327925427275032433e-01
4.255453250899087214e-01
1.080780040273222886e-01
-4.417591690693367101e-01
-2.667879915311356376e-01
-2.890569944225849786e-01
2.342146789225005299e-01
4.915484110737095014e-01
5.453092920282895939e-01
1.533798898953240286e-01
-2.011869263603876801e-01
2.901620887977847674e-01
3.434647523962637283e-01
1.800881375243553462e-01
1.851943006751561593e-01
-5.369685576354248369e-01
4.635775371503463860e-01
9.297990133704744919e-02
8.634717607014096019e-02
7.094323116302717058e-02
2.779664267508610287e-01
-6.848689964457929102e-01
-3.223668562653332625e-02
3.097694684802436149e-01
1.579452051290609615e-01
-5.145616306555252928e-01
3.637575655633851768e-01
-7.507783595338344239e-03
-1.425786896012421756e-01
2.917011622584262942e-01
5.302097175719711758e-02
-3.624497624835729126e-01
2.393470342406416318e-01
-2.182129772843862670e-01
6.725390865179418087e-01
-1.140972383716099964e-01
-4.768074386310797164e-01
-1.424907866965103576e-01
3.428545703295431402e-01
1.015298501355504923e-01
-6.222060629976592372e-01
2.331169460691323581e-02
6.493714716577191071e-02
1.336131628746713429e-01
2.120427932773682467e-01
-4.559533298842678023e-02
9.363904891505590855e-02
6.477884323449658588e-01
-2.182532362167988182e-01
-4.032719166134737243e-01
-2.604407119243767332e-01
4.566924244663260746e-01
-7.793528764847609813e-03
4.127018730772928357e-01
5.404171678654139388e-01
-1.903742737077182834e-01
-2.614162973810071344e-01
-5.663263356916646840e-01
-1.433307304873555343e-01
1.447718462116007743e-01
1.201068573327557509e-01
5.660548707711999805e-01
1.446246729618274607e-01
-5.006597437888730961e-02
2.026801645321752998e-01
-1.131477338821412632e-01
-3.141210663512995493e-01
4.080173488857027353e-01
4.958592809219178332e-01
-2.782916615788931791e-01
-2.628358030061270778e-01
-2.214484725478187421e-01
4.961944222769272828e-01
-1.338998885465106370e-01
2.596481646018279910e-01
-1.539019599942506415e-02
-3.164844132302457869e-01
-1.190657362518876272e-01
8.612141275805304530e-02
-1.437784456395106158e-01
1.917816094446428143e-01
6.002671790833980642e-02
6.335439687362924843e-01
6.113312071435014761e-02
-2.387943481887100927e-01
2.319774322642250697e-01
-2.181821123625322101e-01
2.161823646373801366e-01
6.191089925330303112e-01
-8.623547251394603208e-01
-2.679753714288611310e-01
4.532441412771952977e-02
-3.245082451143713187e-01
-1.816965895361143807e-02
6.634018942070121216e-01
-2.056662513040703189e-01
4.571172001545477370e-02
1.434111620328854149e-02
-1.371159456728033577e-01
1.663761339165185371e-01
2.526836374321594567e-02
9.264389709170986476e-02
1.316972325054432125e-01
4.846910475906158339e-02
-1.861886901395365113e-01
-8.706804754873723184e-02
1.911723124212843516e-01
3.262366572307968671e-01
4.442377373612713121e-02
-2.225829575236892566e-01
-2.200714414413770456e-02
-7.000797972182040141e-01
3.849397002249055344e-02
-6.977711741247606680e-02
2.844897252419748002e-01
-5.002207072075263161e-01
-3.293085015979845820e-01
5.011885709784927867e-01
-1.249733008546941304e-01
4.099788161983420332e-01
3.682956669973871389e-01
-2.878363772536365328e-01
4.471281494801810363e-01
1.369154844606236265e-01
-2.020671922389837005e-02
2.136344369491581865e-02
1.154122992254396352e-01
-1.038928926748894782e-01
4.560114275630836045e-01
3.941615743925352966e-01
3.232050543793379971e-02
-1.725364731136042606e-01
-8.266322747568727314e-02
1.670813293770693486e-01
-7.989954712980106011e-02
-1.812688198101078674e-01
-1.541298243515508426e-01
-3.383470203688042632e-01
1.076656062817287901e-01
4.643086518459690337e-01
3.010470756657729896e-01
7.162267418386404350e-01
5.988046169160839843e-02
-4.836321440209419287e-02
-2.104037298475465723e-01
3.761313087958298995e-01
-8.128140163369369786e-02
-7.481562424765156316e-02
-4.624478801347073342e-01
4.018912539462664024e-01
-4.790425532742614845e-03
-4.347513339846968972e-01
-5.412436567849487901e-02
6.099234853856777550e-01
9.721209199579508575e-02
4.935188719982949723e-02
