-3.300131886383022017e-01
-5.419735310135571638e-01
1.509281473334525003e-01
-2.260918922334010095e-01
2.206877151524101188e-01
3.429315775756396345e-01
-8.660282764694918201e-02
1.032929453305627548e-02
2.922065352029075136e-01
1.955866776466429202e-01
-5.242292807233132068e-01
1.508293905043536220e-01
-6.385039329973273281e-01
4.764481858758641553e-04
1.231908734247779136e-01
-2.582038911322452335e-01
5.562058806386552950e-02
-4.709081733391818902e-01
2.401273896579846912e-01
-3.773010372283726599e-01
-6.942795675280137579e-02
-4.907542272290930235e-03
-5.511392093167837292e-01
-2.746832931159403079e-01
3.720783215371465946e-01
-2.087345935903526378e-02
-3.604910863524160014e-01
8.920298131294578103e-02
6.683543396073265974e-02
2.450906225636159674e-02
-1.250100383279229566e-01
8.435999391924232926e-02
-4.401633982810465029e-01
-4.119404558176107886e-03
-9.152598351760422857e-02
-5.938198317308234220e-01
5.498386355516639012e-01
-2.444568912346714584e-01
3.186889510428844163e-01
-2.421851604205840086e-02
1.985194163697661177e-02
5.419577641561516002e-01
1.815409229202379904e-01
-1.258504732307907936e-01
-1.312833081175823480e-01
-4.223763900146804695e-01
2.222723557588979215e-01
-3.324183431250224974e-01
3.968206791132053990e-01
2.834924517987260084e-01
1.964402529917708695e-01
-1.549465359756044547e-01
6.779521001395705238e-02
-2.150784479243041114e-01
5.124395857101576857e-02
1.712083557482227403e-01
-2.797391152958430549e-01
1.914744087906597447e-01
-1.501374696169740508e-01
2.841409402054297928e-01
4.113798490433363819e-02
-4.603737825891019986e-01
-6.370029646779383770e-01
3.724374093836014254e-01
6.875158956230780216e-01
-2.248032955711479208e-01
1.498437271903097778e-01
2.041717443871237936e-01
-2.889911596176502062e-01
9.122920445914006748e-02
1.705823033184857285e-01
-8.232783736718071732e-02
3.628465901326269893e-01
2.565252392308216278e-02
1.952558492387299338e-01
-3.604463264432186120e-01
-1.197671055393774303e-01
-1.855072434516832625e-01
4.016763676288419571e-01
3.290593645827710745e-01
-9.288767431543498709e-02
3.908549296125780059e-01
2.257835472353760531e-01
-3.690255518281963798e-02
1.215233236492294644e-01
-2.482163087065725471e-01
2.132126929954674677e-01
9.887418740086587055e-02
-5.409728054165597877e-01
6.712412332032661189e-01
2.184784576140736956e-01
-1.621826782902413833e-01
-7.859009076469547495e-02
-2.719140680666445875e-01
-4.575092870090615160e-01
4.034235909647789775e-01
4.416341714967451648e-01
4.811945206804036923e-01
9.552330466294510491e-02
-3.760351869188309215e-01
-1.332457600337464132e-01
2.272372879675527146e-02
-4.468862625257034593e-01
-3.799142906434024303e-01
-1.691128449330727701e-01
6.702607787261316563e-02
-3.094112488330217400e-03
-4.108419758099645103e-01
1.950449527450183462e-01
2.907372526571846416e-01
-2.548812730412577943e-01
4.747760998727085235e-02
1.992327537040500599e-02
1.588831582896509109e-01
-5.581391303223982581e-01
3.057051995935582411e-01
-7.284213365280014507e-01
4.290803703063561514e-01
-2.023017913954210378e-01
1.700091434868222229e-01
9.626023357107059419e-02
-1.445341735620387091e-01
-2.579379521660141172e-01
-2.543523974126854492e-01
-5.277910822049449585e-02
2.018960196445749311e-01
2.926375806943460889e-01
1.040560938188375556e-01
9.232890172242026461e-01
2.058393504262400475e-01
1.829694240213662268e-02
-1.527486460128282542e-01
4.665425877804125765e-01
-1.729761381356575978e-01
-7.668127002427774230e-02
1.014260759411695356e-01
-2.549004257532977435e-01
2.620860007287980076e-01
1.256830811424775214e-02
8.582896337912648832e-03
2.205560281169602344e-01
2.421825385649623852e-01
-2.245669674387705539e-01
4.732631181212626492e-02
-3.286333777107681986e-02
2.700210736754014573e-01
1.787914098620441150e-01
-3.847095641130175020e-02
-3.173830081449707796e-01
-1.287783683441611760e-01
-4.700849358140751777e-01
1.116913120461574122e-01
-2.502393466930081800e-01
1.224735654352557823e-01
-7.325189186359797322e-01
-1.860091676176792996e-01
9.888715589757551827e-02
-2.374536650091534778e-02
4.716678444847324236e-01
5.691470560711907600e-01
4.615190944274852880e-01
1.700817867498722602e-01
2.844505580508278619e-01
-1.514903113472739482e-01
-4.095094094892297309e-02
3.049984668668536542e-02
-3.704355970339434645e-01
3.908595991700414274e-01
-7.414348492333806828e-02
-1.758383845787987732e-01
3.306908733336713091e-01
-1.637488013037520507e-01
1.841349574618145468e-01
-2.857653427313027183e-01
-1.570004744817461717e-01
2.586495523226084448e-01
-6.383955569470487479e-01
-3.260561245024981569e-01
-9.488127630039584759e-02
-1.540695324404626199e-01
4.175740920112288451e-02
4.888790546003497495e-01
2.974547803959540909e-02
-4.488463052716732959e-01
-4.141696360704177904e-02
2.684241382784259555e-02
2.309000095000897368e-02
-2.670554252059130218e-01
3.330074536565420518e-01
-6.127574422316640901e-02
-1.014852234931457459e-01
-6.902651932093431530e-02
-1.539949677418192553e-01
-3.707726888163208612e-01
1.140025639160443527e-01
8.094109931936896429e-02
3.461996445794193744e-01
-7.016596664173550824e-02
2.535573528018891798e-03
-2.734577715881634022e-02
-2.670534812420443105e-01
2.576163132593028982e-01
2.520368777558899542e-01
3.970825800136426054e-01
-2.269479129209868717e-01
-2.918087175208538553e-01
3.595347244302443679e-01
-6.582647878317573475e-01
8.090838451887394367e-02
4.190394045061945905e-01
-2.711214307681910074e-01
-9.055043702698324648e-02
5.762226527423817274e-02
1.643209422838993322e-02
3.048934014695476868e-01
1.740883936442160496e-01
3.412022113765356690e-01
2.725799860932864860e-01
5.110425012376372811e-01
7.424934979392211476e-02
-3.612446068330318893e-01
6.054876929952347081e-02
1.699790233028414810e-01
-5.144023528026333558e-01
1.175822781624660529e-01
-4.669973592135427953e-01
-3.667451635367736662e-01
-2.672393692648273866e-01
2.472607331891867322e-01
-4.926037695123781923e-02
4.471869910613578414e-01
-2.722034706528791981e-03
-1.651525349367907458e-01
-3.245901692297004093e-01
9.520693493237790406e-02
1.737954351920678042e-01
2.819052130458509220e-01
3.741165039762603395e-02
-3.056549894623019625e-01
3.547265329704283321e-01
-4.413496009546720444e-02
-7.888501024341455781e-02
7.931135183506630992e-02
3.591548053165596888e-01
3.578984358849207070e-01
-3.590481562155407591e-01
2.841792935014941096e-02
2.779027302778533937e-01
-1.184259118054494658e-01
-4.680844944890429904e-01
2.536220528220619053e-01
7.464426528119359749e-02
-4.003374928557690837e-01
1.124864227740208777e-01
-1.571428473845001006e-01
6.415773120211978875e-02
2.810775172860939808e-01
1.630678166075105184e-01
4.078087354772895190e-01
3.825786092617736167e-02
6.418095948100654979e-02
-8.533021223932583943e-02
-3.919541354536341948e-02
3.642439109964565880e-01
-5.856963927209717091e-02
