1.689795111015688078e-01
3.705084055010780114e-02
-5.912253297027356691e-01
-9.234283392533169932e-02
-1.416710574539532252e-01
2.918462986550890426e-01
3.559284761318979307e-01
-1.907101612476352556e-02
6.632796130696911874e-01
1.700801660284058381e-01
2.892293282520700393e-01
2.248662437465090425e-02
2.331613997823759055e-01
-2.845077519622146722e-01
2.025429221879843367e-01
-3.228471530152866587e-01
2.340858082122168615e-01
4.955066479816666591e-01
-1.200490571894755054e-01
-2.860955264158088762e-01
2.479980720078380219e-01
-6.238118064777810057e-01
1.376887739400910714e-02
-4.905727715963099922e-02
-2.471326577826755688e-01
-1.735375427365754009e-01
-8.941982314558177825e-02
5.719498396714430000e-02
3.071927935989826053e-01
-6.012579302416466015e-02
2.664454349060449978e-01
2.928451694374790693e-01
1.933255276956724611e-02
8.509266230757546456e-02
3.839780247588756024e-01
3.104921088913027982e-01
2.290520587093209937e-01
-5.129999879467564972e-01
1.449028266293164169e-01
8.253645254580747048e-01
-1.065205514864011604e-01
-2.251429314460525466e-01
7.421777542180908738e-02
-6.101032402847730851e-02
-4.678162750851859730e-01
-3.110824374727486075e-02
-3.647622927172143315e-01
-3.101830406530244333e-01
-4.406199474947930517e-01
4.141988264923135432e-01
-6.530248061045634822e-02
4.334022416091483088e-01
-2.052031480215590620e-01
-1.096082776535292069e-01
-1.839665377612046404e-01
3.365069866649179620e-01
-2.598080147213045477e-01
1.266970535140695131e-01
8.356191062472956288e-02
5.236030373896098933e-01
-1.526413400366739281e-01
-6.616545922745793451e-01
-4.837967916813545322e-01
4.481058968670788012e-01
6.862070600401640186e-02
-9.789140395373516212e-02
5.718212679084826444e-01
-1.075631709478355319e-01
-2.507520512129688406e-01
3.561162007191823881e-02
4.203919777236641009e-01
-2.095532908634475944e-01
-1.947417759345599630e-01
1.945146867991965622e-01
4.003411679303676696e-01
-4.714398742422721833e-01
4.494428405222160583e-01
-2.529381114795091201e-01
-1.048852776905073170e-01
-1.243702321592621701e-01
2.699642520669183199e-01
-5.896833005003502270e-01
-5.494169647486818464e-02
-2.364493037115541693e-02
4.976909737848799753e-01
-3.022155709936549806e-02
9.930261611858673398e-02
1.706174194192828786e-01
-8.994599137466477434e-02
5.036501543949912368e-02
-6.417789123462012968e-02
6.273677543690953096e-01
-3.656250299977886198e-01
-1.848465971319972478e-01
-3.233703318577533237e-01
3.168924343667676169e-01
2.141799983238386051e-01
-3.453958172310001573e-01
5.715592526781572147e-01
2.618922679090179284e-01
3.854954030426762102e-01
-3.172528637732083268e-01
4.398568334287802917e-02
-8.028092045746622329e-02
2.218652891918438119e-01
-2.738564750417319532e-02
2.421460311201450999e-01
1.672310018047870606e-01
-3.213165027871377200e-02
8.765212924358135871e-02
-2.453208499877796572e-02
-1.337338797025172110e-01
-8.092020320535350808e-02
1.572604891677946704e-01
4.583858592425056333e-01
-4.705671165292151237e-01
2.594870840315472993e-01
4.352039977299089202e-01
-1.151186370918943769e-01
8.671214850146111153e-02
-2.374894502831617071e-01
-4.125725986619730445e-01
-1.390647890277019183e-01
-5.363204645673363968e-02
-1.500941152133463130e-01
-5.675563962521877892e-01
-7.680441548788212447e-03
-3.326489255260312028e-01
6.834519737452758592e-02
6.534643290935331361e-01
1.766411971247350832e-01
4.332140815803413592e-01
4.498866247973972721e-01
2.734590061122597615e-01
4.002981224952262274e-01
2.191101724501798576e-01
1.815450627128409877e-01
4.593238352635844457e-01
-4.364741366791290156e-02
-5.060906046355383436e-01
4.479495952401672809e-02
-3.526444097814920853e-02
1.263537918192089993e-01
-2.805853411317317178e-02
-3.069860012843708685e-02
-1.707321473982298943e-01
-1.788346210694930771e-01
-2.480938726504630099e-01
6.622421487521921168e-01
-6.388376761790371949e-01
-3.307074431974979523e-02
-1.515062657521877021e-01
3.806191695203274272e-01
2.521091551413273332e-02
-7.402379228648864329e-03
2.100211691833018535e-01
-5.576593865068415479e-01
-1.126732255710725800e-01
-6.547779846243870217e-02
-1.668821802120994680e-01
-2.250180426431109826e-01
3.005941441490853072e-01
2.673276564981024173e-01
-8.572887932934390720e-02
4.736534717255179716e-01
-3.617479885812832641e-03
6.626827504808985303e-02
-5.265533552593121280e-02
-2.970586591584712943e-01
-2.945996666360422567e-01
3.703309764512202618e-01
-4.280042376952868100e-02
2.488642323467950557e-01
-1.548269571089213592e-01
3.006183227707543981e-01
-1.975560703116741035e-01
7.466394200068431353e-01
-7.070187731133677211e-02
-4.230622671621380171e-01
-4.511950913548410519e-02
4.823571644022218718e-01
2.513573602952685060e-01
3.955064769510654443e-01
3.368676717420051037e-01
-2.707712937365037709e-01
-4.549614208963091710e-02
2.641615386891915662e-01
-4.582314831319990733e-01
1.926365967026698045e-01
1.512385632408584646e-01
-4.050381946346589546e-01
-1.690548039615040465e-01
-3.738813532339263501e-01
-1.782607056592247496e-01
-4.987227363335714481e-01
-2.293394068364167648e-01
-3.057735511760779623e-01
-2.079840120404394255e-03
4.217192091123427300e-01
3.282212906885131343e-01
-6.790846487824514499e-02
-4.549640038094354688e-01
4.498244581480295712e-01
-4.775693398759608965e-01
-2.449876373190686130e-01
1.573030028834815075e-01
-6.693661709778120361e-02
4.406502784168019327e-01
-2.181313427901405977e-01
-6.073786103286485938e-01
-7.803230394702712625e-01
4.583248141439230650e-01
-1.038217308114924714e-01
-3.587279000270659490e-01
9.404012316314781794e-02
7.566083735009703215e-01
-8.351671468746843519e-02
1.651304682424996062e-01
-2.397511861349141404e-01
-1.795997312971656101e-01
-1.808356061632131195e-01
2.496806176309346037e-01
1.142797037656215070e-01
-3.361212545759612591e-01
2.968164012066919488e-01
-3.559574410780238507e-01
-7.211870642767003181e-01
2.281269098007026319e-01
3.806761981085429181e-01
-3.824992179978991547e-01
3.475382047632948890e-01
1.585086119066085597e-01
3.942582706916645807e-01
-3.669162935578372808e-01
-5.663086843603771792e-01
-1.745891574133235161e-02
-3.884623331901229104e-01
2.096045714874444910e-02
6.631596918531798557e-02
-3.362674732957927071e-01
-7.341854832365742045e-02
2.142004609355008804e-01
5.655602242816493153e-02
2.356093970453903286e-01
-5.565433910330712663e-01
-4.538287654129073423e-01
1.706574447456429833e-01
-6.185139040536036421e-03
1.683224966469562267e-01
-1.957224984797207301e-01
2.094576148356772638e-01
-4.319889656598977501e-01
-2.743350311720280099e-01
3.365089365867496296e-01
1.926574628867863126e-01
2.088145886253096051e-01
2.203165009053492662e-01
2.556109755963093533e-01
1.480930046107608311e-01
2.084757803468326176e-01
-1.097269397455523654e-01
-4.418555132172418132e-01
-4.446625581372253833e-01
7.008612315843076868e-01
-7.477289616219846662e-03
