-6.062436582619548098e-01
-3.122808906499262016e-01
-4.141797529235844433e-01
2.399934720273572686e-01
-5.165648095544050911e-01
5.069516163720900331e-02
-8.866099618487371936e-02
1.276973817970472602e-01
-5.375845413312956705e-02
1.418734179246887162e-01
1.265211432940148151e-01
-2.107018393536584933e-01
5.579183373585224620e-02
3.349263025901386137e-01
-4.586965446382853528e-01
1.444569664791724162e-01
-3.752132461812648367e-01
1.003386223626447499e-01
9.623017338464819048e-02
2.148656421340426892e-01
-3.983617176635299018e-01
-6.425745779148605008e-01
-3.443992014476278674e-01
-9.440649001423417896e-02
-1.979943195326945293e-01
3.801719142115774774e-01
2.323111223806961501e-01
6.894899611457286359e-02
-4.337397998829322088e-01
1.133721560182048005e-01
-4.588216488069042365e-01
-4.269386587984393966e-01
3.601069292568863101e-01
7.381301675672455320e-02
-3.349898331545163588e-01
3.162626192490270438e-01
1.697528038234758507e-01
3.397526636274357803e-01
5.986515939693249910e-01
-2.482504528518049702e-01
3.383668498409831554e-02
2.901073258669974522e-02
1.150703236688621622e-02
1.077274989643502989e-01
-2.162845292098691807e-01
2.192154286690376486e-01
2.903165382114674675e-01
1.559922952267876750e-01
3.537469890972314013e-02
1.287114715196740382e-03
-4.154526440268380139e-01
-1.532218628742276489e-01
1.781447557256040926e-01
2.921844269177794051e-01
1.324440131288915912e-01
-5.522535141954354465e-01
3.588628531443685543e-02
-2.458571983616441581e-01
-3.358866908991485489e-02
2.807240616527633542e-02
4.016650305506536123e-01
2.766429413240147350e-01
-1.497604415918730447e-01
-3.554778864874709732e-01
3.906617333262386582e-01
4.450505825490996825e-02
1.776250966383886576e-01
2.035700248731052708e-01
-4.278727488891629349e-01
3.816268810740924278e-01
2.692063610598504630e-01
3.861870567890349215e-01
2.372737111412073219e-01
-2.499061083258668770e-01
1.683335004998587625e-01
1.031048092194502691e-01
-2.269344210229459202e-01
3.334244359824814485e-01
2.610110778331680703e-01
3.473259003437998982e-01
6.297739012636031919e-02
1.820017656330940869e-01
9.640505018825037964e-02
-1.741535311097830996e-01
1.160750584436638644e-01
-6.296126777351875869e-01
9.714350077048392040e-02
3.101015336028650760e-01
-6.434238094404508279e-02
-2.485538451064273902e-01
1.069693765235572580e-01
-5.777507041539150512e-01
-4.627235515701436097e-01
-5.064784315261688930e-01
4.954826233275351488e-02
1.431308841191891168e-01
2.593252127060627354e-01
3.138678750349789826e-01
-1.521993184595655524e-01
-3.200273540862739324e-02
-3.712934635442428633e-01
-1.055993797201117967e-01
8.547004779265700986e-03
-1.481218580856543399e-01
-1.206165128133204756e-02
-7.765236092796226064e-01
-2.605619766572823681e-01
1.933070484525975519e-01
-2.372187913877606968e-01
-3.216321405746536133e-01
3.185251287937407305e-01
3.025584356358930194e-01
9.596838519759898212e-02
5.063283349457934346e-01
3.432641388570015217e-01
5.098123142282012799e-01
1.493925221586878127e-01
-3.913229354270559845e-01
-3.367852761823136865e-01
-2.415587783157342738e-02
7.647732301461021565e-02
3.400523595087699968e-01
-4.759148763006662564e-01
3.996862712451317717e-02
-4.517962953438474372e-03
-1.583172426602007521e-01
1.434031325603473961e-01
-4.679065214123082628e-01
-1.291376990094267041e-01
-4.884334735119137405e-01
2.762011856283526634e-01
3.380209600614659041e-03
2.742843346408719296e-01
1.416475264592688132e-01
-1.970213051362829648e-01
2.789557561946928166e-01
1.242234774444050116e-01
-2.147125337478560103e-01
-3.227468295511735641e-01
2.916099486628060955e-01
7.957976469831817834e-02
-3.921903028722963092e-02
4.245804701419682581e-01
-1.096424011646008612e-01
4.034672441147698074e-01
4.017254059533806876e-01
-2.195613906355898814e-01
1.351228075113183047e-01
3.704647887003852391e-01
-3.286703982514991296e-01
1.384964985035930241e-01
1.566397150745351963e-01
4.936734465962427237e-02
3.765454821777962369e-02
4.502499928378306260e-01
3.426092730362762656e-02
-4.150728624830170993e-02
-6.704787180806628943e-02
-8.911527617134804014e-03
1.121843426114366160e-02
5.145324997896998376e-01
6.092593725057307008e-01
-1.682059549416885513e-01
-1.268565253911755342e-01
2.766985297659572685e-01
-9.088821855021445018e-02
-1.582293303073340762e-01
-2.424913658469773914e-01
-4.678765175830179035e-01
-7.671131919311164823e-03
-2.296468831084423901e-01
1.972757032977444647e-01
-1.680285424571869302e-01
5.184860966351725331e-01
2.495504151302295470e-01
1.250271004413934239e-01
3.032017362643383285e-01
4.443916582519260583e-01
-1.948952727716495859e-01
2.391074748236118319e-01
-6.973397590822555392e-01
2.292125256141728518e-01
-1.280182253817057081e-01
1.661709519281275860e-01
-9.508646448685814656e-02
2.355068579433612086e-01
3.612295261602668228e-01
4.818308552180486926e-01
4.523458938686680808e-01
1.525623682289737881e-01
-3.820513389138609495e-01
1.884389984195350143e-01
-6.634490291459247402e-01
-8.005413909536870931e-02
-6.573921089547878349e-01
-4.214403839519383910e-01
-2.911618358192795131e-01
-3.836507311812284438e-01
-2.614452841745225076e-01
5.432180140404110347e-01
-1.184115028384951779e-01
1.419732017071474728e-01
-1.066064636452799530e-01
3.229771320176996752e-01
-3.923278107704803591e-02
1.979541489955358446e-01
1.312382639906484461e-01
2.834566027117895737e-01
-4.672847031641301774e-01
-4.785143911520574334e-02
-2.192018865647235581e-01
1.803787262779699696e-01
1.826560418851959910e-01
-1.689267606855482939e-01
-4.853257208806928125e-01
5.894796326916001972e-01
-2.356656279491469441e-01
1.147995391943214677e-01
-1.559604760652590072e-01
-2.927624747511101133e-01
-1.604203875821955116e-01
-1.120666902109136998e-01
-6.094807285661130170e-02
2.169000531959565659e-01
1.082288120205842641e-01
3.647858815820017586e-01
2.316788718040126149e-01
4.216403176726724045e-01
5.786488757517620485e-01
2.987196626983395498e-01
-1.527218423207567788e-01
-1.473375630505979195e-01
2.264517404770322040e-01
-1.785816226622739811e-01
-1.538375253246006269e-02
-1.530132281341062273e-01
-2.270324673012791283e-01
-1.845217031006821107e-01
-7.715929946788803451e-03
-2.332802723690908797e-01
4.808681607792036905e-02
5.849910633056161213e-01
1.602239722481267892e-01
1.694251849461548831e-01
-2.501766101516674223e-01
6.062335663252595153e-02
-7.515105951927754380e-02
3.199062668295250544e-01
5.275717812254838990e-02
-3.874882697375907070e-01
-4.435398403229513509e-01
-6.336132458062684880e-02
-8.397535926355087499e-02
-7.118220489953172581e-02
-1.295110997998051017e-01
-1.926838321464739157e-01
-2.806208277015865837e-01
4.440637500353556977e-01
-4.855191336508933864e-01
-3.195515041159580627e-01
-5.441603791267000945e-02
-3.673340539961832407e-01
2.030490893794749674e-01
7.819161888328096666e-01
-5.785105198200649612e-01
