4.879741977103644324e-01
-2.451185144537868232e-01
-5.479270084073968317e-01
-5.833660262430936383e-01
-5.035545689383269519e-01
-6.334710714045808065e-03
-1.167544379556576806e-01
3.434560881738540905e-02
8.142677893407869461e-02
8.627807580005746046e-03
1.270178022624890712e-01
-1.285118157642133885e-01
1.295706701432955965e-01
3.347410440906469775e-01
9.389225545434237707e-02
1.929031715999077745e-01
-3.705629804196965971e-01
-9.563457406399822683e-03
3.140694798202511850e-02
1.897842488769614644e-01
-4.470418742170519377e-01
-6.565287045720048509e-01
2.392568914609678743e-01
-1.324633301495773850e-03
-1.361739807656019985e-01
3.634808102100348104e-01
1.300649717789715554e-01
3.470648711529968067e-02
-4.328394198016072836e-01
1.331687855144103316e-01
-3.949495338598570937e-01
-3.621093851137988096e-01
2.784762876207784177e-01
2.252722440526616892e-03
-3.493837431195048748e-01
9.764641016306120636e-02
2.477064417658454420e-01
2.410672895385858605e-01
5.625448069407228413e-01
2.857937091679990105e-01
1.131841335072886479e-01
1.366525085501847127e-02
1.500081699101990240e-01
1.303535694421275870e-01
-2.436545093521692018e-01
1.547218892908464039e-01
6.456127463219461793e-02
1.211557892695336036e-01
-1.049195794350862160e-01
3.751878334997781755e-02
-2.793874783128723061e-01
-1.924156558597622524e-01
1.212307667011311985e-01
-2.598363205055749803e-01
1.268483782207378840e-01
-1.277283016447042403e-02
-4.471747260127234558e-01
-2.494913113235009694e-01
-5.307607736023420980e-02
1.498301107462893800e-01
2.818218183383839337e-01
1.354520116676700969e-01
-1.076382439373981398e-01
1.129358481885804205e-01
-3.782569008270472710e-01
-4.526771194610906268e-01
1.843132315807846366e-01
-9.018250728650042958e-02
-5.246493059007629745e-01
1.713126662497308494e-01
1.195909544570884636e-01
4.595908154378088861e-01
2.931286706558442479e-01
2.150733201147815299e-01
1.269023850729290859e-01
5.770223870838257080e-02
-2.780997876541210223e-01
3.999649189325922838e-01
1.689826008091729337e-01
3.194785550176701405e-01
8.651343410059107730e-02
1.953225515531636092e-01
2.375988294025933867e-02
-2.136059288512314469e-01
-1.787754259116130715e-02
-6.777916394538746614e-01
7.059143529797716476e-02
2.203729771881536570e-01
-6.257152235697147069e-02
-1.915786811266831646e-01
4.758845765017721136e-02
-4.779967915992705541e-01
-3.979282472141105753e-01
1.454084607775492366e-01
3.821274803292683542e-01
1.531514082715760006e-01
1.484259453247033234e-01
3.633977379353167669e-02
-1.732964602252271558e-01
-1.414334032430640889e-02
-3.772115609833344152e-01
-1.403264951665028903e-01
6.719920991395621213e-02
-2.524771670887390740e-01
-1.461303815434743421e-02
-7.829883249435746206e-01
1.330717555494427273e-01
1.506079172972366043e-01
-1.329858033248978444e-01
-2.114617164122418458e-01
3.388090027612855604e-01
3.247666874193270159e-01
-2.986530800458575552e-01
3.257902489057813433e-01
1.898638159220528421e-01
-2.363591979253147901e-01
3.166768293173899962e-01
-3.336277116375475638e-01
-2.561741783061941558e-01
-9.423051439850929634e-02
3.002934962793374352e-02
3.091492369712791066e-01
-2.246537524189579915e-01
2.963543321200568306e-02
-1.551694326375724700e-02
-2.019234431243260297e-01
1.698930088214345713e-01
-4.795905259464732784e-01
-1.485045872979364467e-01
-5.103879889733488051e-01
2.438080029754064459e-01
7.042459215818116895e-03
3.655776849140922602e-01
-8.473352161330939894e-03
-2.607755694737247110e-01
2.710752257172486246e-01
1.739828927222019372e-01
-6.943022379869122351e-02
-3.530555694641929199e-01
4.758488772790077648e-01
1.498552867376126696e-01
3.558541251869114241e-02
-3.706097609123659709e-01
-1.044538653850446142e-01
4.040003786809161501e-01
2.767055530197581881e-01
-1.948059260458821773e-01
1.983859939686171692e-01
3.842286050849273993e-01
-3.249206746899783727e-01
2.747750597019499655e-02
2.041570359322736894e-01
1.607515190388478510e-01
9.705497427289026813e-02
3.248853370096733140e-01
9.928336766968887117e-02
-5.676044738755553487e-02
-1.858683580481218511e-02
5.964435911210260732e-01
-1.580988184952300188e-02
5.511595183886668359e-01
5.695756024639417880e-01
-2.231439400705218790e-01
-1.444838710805805004e-01
3.691811916061326082e-01
-1.736231441046693497e-02
2.612690584149662265e-01
3.854872986384989542e-01
-3.634902881516008377e-01
1.153428757891102469e-01
-1.716720972978525994e-01
9.464443596068002063e-02
1.799035811263535178e-01
-2.652688557209731401e-01
2.938530755814590667e-01
1.238507584355780788e-01
5.706589346928045980e-01
4.386205874455976761e-01
-1.908663637262055235e-01
2.005352432070146296e-01
-6.453788982047590217e-01
1.545210733085388144e-01
-2.989693890573290047e-01
-1.217493855871279451e-01
1.912649493054083662e-03
1.504696727069938234e-01
2.937580219515970592e-01
-2.339175412033228652e-01
3.411307999512941946e-01
1.804209480833069423e-01
-2.612239839631925742e-01
1.721517672063652415e-01
-5.341147007477005104e-01
-7.875500111308217366e-02
-5.862997434010586151e-01
-4.043929942640074326e-01
-4.298809286288926002e-01
-1.500893419074899870e-01
-4.330022106750391342e-01
1.760831399944713660e-01
-1.188226041941644745e-01
-1.476510251854229738e-01
-1.105270451117259800e-01
7.733119512059530853e-01
7.989093290979304429e-02
2.049864076910712096e-01
-3.039490812801645681e-01
-9.340446162882552750e-02
-3.261770170783029887e-01
1.548608093622581283e-01
-1.822308858609204274e-01
5.086063862297250660e-02
-3.316661860765071634e-01
3.396533673999112962e-02
3.675228617628482908e-02
7.625311775385695823e-02
-3.427642138874653077e-01
1.063021038208792762e-01
-1.747851232580466541e-01
-3.531553063473284459e-01
-2.205964258717270643e-01
-1.592931186867378723e-01
-1.251361203622170792e-01
5.095842383609090753e-02
6.134865609878776410e-02
3.024714577903900303e-01
-9.714461154030776258e-02
5.010210733020087348e-01
5.128889283811627342e-01
6.802485506916686742e-01
-1.581857602098616089e-01
-1.613571349673077748e-01
1.999550816179143098e-01
1.185680111175577145e-01
-3.049308364620050837e-01
-1.429796425879074073e-01
-1.201262107942624863e-01
-4.210863346827599107e-01
-3.307813141294970588e-02
-3.030655611626586476e-01
1.125696080487274681e-01
-4.942087892398439042e-01
1.908493606170428014e-01
1.386532951824792359e-01
-1.517193975167569209e-01
3.008251255031500482e-01
-1.003887613669152828e-01
2.511671285165297807e-01
-7.670391188071946920e-02
-4.721399888349261942e-01
-3.063184695587186090e-01
-1.755151064708797004e-01
-8.377477052120349543e-02
-1.226110810924384148e-01
-1.670093485335236994e-01
2.105959620286186607e-01
-2.780103099714468229e-01
3.572510951871666895e-01
-5.484265507514429761e-01
-1.941569366367884297e-01
-2.922599293913731577e-02
-3.379910489356565129e-01
3.192086358892377851e-02
7.691826858872271577e-01
-4.921015587943267100e-01
