-1.452660793517749349e-01
2.785751438748992892e-02
2.574582320796415802e-01
-2.177586900421705218e-01
8.296714637245958257e-02
9.482791549962851785e-02
5.058670591867409083e-01
1.278609196783131452e-01
-4.448284001253507980e-01
5.856370066052053458e-01
3.741933872284826101e-01
-1.578360827037493530e-02
-1.331510467068166559e-01
9.042317015728187912e-02
-3.352954151911473613e-01
-2.486745567414064551e-01
4.556037333016720869e-01
1.443231089437094772e-01
3.860001424803327086e-01
-1.622547665645930337e-01
-4.145864592606737786e-01
8.375400105043867560e-02
9.163872187315312556e-02
3.629302114351383723e-01
-7.167101387396995760e-02
-2.246567585284088842e-01
6.037241932235806186e-01
-2.079880629615712129e-01
2.827402246880960091e-01
-8.165651794447984502e-01
2.834254562837053015e-01
9.569379402930358602e-02
8.308029327438694323e-02
-2.742889199744341089e-01
-7.427678840071534616e-02
-4.483271467149233525e-01
2.595667548057921728e-02
-6.148196593566844503e-02
2.230175418593769443e-01
8.009553364392554831e-02
2.081606915635638710e-01
1.452546174722927352e-01
-4.507639324998889419e-01
3.141849622097856454e-01
-1.784233751958450021e-01
1.785414928658124456e-01
-2.496203514840606430e-01
6.077212511422845909e-01
-9.782567578263511032e-02
1.210213596468773523e-01
3.941674849614776321e-02
-7.154904705467367287e-02
3.919587595838913696e-01
4.135374537044965160e-01
1.413445243278335650e-01
-1.642652130283758782e-01
-2.825015131329738360e-01
7.313803731911884265e-01
-1.592349726394260145e-01
2.017456960596143156e-01
-3.956179253510919702e-01
-3.054546820293538856e-01
2.830227007332214995e-01
-3.497905045415601599e-02
9.627678573351311497e-02
2.798664124225407057e-03
-1.834388518027015580e-01
1.663557096350481157e-01
-6.835067793937801839e-02
-1.182525169311485630e-01
5.542334325492100089e-02
-1.334426169528225847e-01
-3.177725372591185260e-01
-4.963496840358405660e-03
2.352077059737707199e-01
1.620440587081951878e-01
-5.923367625562525607e-01
-1.269714562092795311e-02
-1.590667299304019122e-01
2.232595294697943267e-01
1.132309791113452618e-01
4.700691457568832998e-01
2.537534293582507372e-01
-8.844101562168461828e-02
4.720349399880308661e-01
1.960532737007489035e-01
-4.487468537518310430e-01
1.325825562664639801e-01
-1.995016972045715320e-01
-1.592119020989969658e-01
7.475304229134569489e-01
2.170332216829523875e-01
3.616445258143466956e-01
1.812638345842679521e-01
2.579164082023798210e-01
8.563847854715340990e-02
-1.406433167943553775e-01
3.127034617825004137e-01
4.944386207882393025e-01
2.405513104314651110e-02
-4.207765267828680184e-02
-6.072686111066395442e-01
-1.881548472336652955e-01
-3.020361489675535416e-03
4.782635125699811751e-01
-1.551891146045845660e-01
3.427429759941134635e-01
-5.438435451979704849e-02
1.059012804983217870e-01
-1.433549262517192502e-01
-5.521173611680460502e-03
1.517591868027520496e-01
-4.237738684110394227e-01
2.708299755033469758e-01
1.006763495781407558e-01
-1.071600850397344123e-01
-2.695169699662108287e-01
2.300872134443544548e-01
3.783898858299901691e-01
7.918464825147317199e-02
-2.294546245754265079e-01
-3.212115947098123092e-01
4.407133809608929087e-01
-3.744013027734068300e-01
-2.939965437577235496e-01
-7.103921297992354944e-02
-1.982396617301676323e-01
-2.145708098862856295e-01
-4.829391826997855297e-01
-2.447644551036878280e-01
-2.493657248496184975e-01
-8.979123092851795662e-02
1.918875489048072966e-02
-3.586654540864717133e-01
4.134685853803454769e-01
-5.015155946005879217e-01
-2.123733827084566261e-01
-4.599466871883324814e-01
2.889761381389249761e-01
-1.009565789272160730e-01
5.882400576343862486e-01
1.502016598249550916e-01
1.257930589357723894e-01
-3.217258612864393186e-01
-6.084849111190253346e-02
-8.047624004700944245e-03
1.377843777185283614e-01
-5.069352962265595286e-01
-4.336578442238866460e-01
-1.678827989705998780e-01
-1.330943466830092348e-01
-9.854579640617661118e-02
1.213713447719502320e-01
-4.380630097223787156e-01
2.269029069495596407e-01
-1.123874214508596980e-01
-2.896419945792724424e-02
5.889199950003510819e-01
9.704814235568910707e-03
-1.441295332953453912e-01
8.821999952657942623e-02
-2.828203440405022487e-02
-1.770087672601138862e-01
-2.522731094874797741e-01
5.807363672206728999e-01
-8.179177775441955067e-02
1.840840481648697846e-02
1.095788422490491659e-01
1.298707194129920250e-01
-5.817855442317638737e-01
9.824727290373423683e-02
4.685360951425930898e-01
-1.332072931713571551e-01
6.900399107594053227e-02
-8.430919112638904367e-02
-3.930427549633316864e-01
-4.962217708305753927e-01
-5.376520113521753713e-02
-7.299137048482146062e-02
2.222102387944610014e-01
1.093026354744414397e-01
5.479203232089985276e-01
-4.246426269206156345e-02
1.630927400219833734e-01
8.405218241533732315e-02
4.713779896176549522e-02
3.492032335429610945e-02
-4.361399041986358527e-01
-3.509928406061189610e-01
-5.123712020322304661e-02
1.459040460977802933e-01
1.690904007086521665e-01
5.886097584370828528e-01
3.800841047336533940e-01
7.046009431398020384e-02
2.556351794417633938e-01
4.189322875806101298e-01
-4.745040148363010579e-01
-3.478686726342782309e-01
7.613592680779590616e-02
-1.046074062818692640e-01
-6.564578089088566326e-01
-2.661420410031972161e-01
4.025248059760769270e-02
2.261416008754416063e-01
1.752697053736623212e-01
1.025015909863209902e-02
-3.252039185025787371e-01
5.066382744783060055e-01
-6.204763673437663218e-01
-8.662949976911360483e-01
-1.212446110829080159e-01
2.263904209244348709e-01
1.316730699184092135e-01
1.551845109863333183e-01
-6.619460523013376285e-02
5.540043131395192000e-02
3.488829908973393734e-01
-7.813223720795235694e-02
3.901636652697729746e-01
2.279658244565876402e-01
-1.314784077123840600e-01
-7.778405636075597096e-02
1.864865556052325568e-01
4.499228499175119689e-01
-3.176497240146410050e-02
-2.622329415551764575e-01
-5.642845103444887878e-02
-1.167008880479949162e-01
2.085113329539869664e-01
-2.670691716194830145e-01
9.686267164878711866e-02
-3.709744734581547215e-02
-3.957803718662534775e-01
-5.208153268947155468e-01
3.947759407931334952e-01
3.812029957807216984e-01
-7.535389050804245370e-01
4.327914920804215582e-01
-1.606173592143615991e-01
-1.273760944209592350e-01
-5.418561584047756896e-02
1.247610362737596734e-01
3.092604937690727196e-01
-5.525969001454923701e-02
-5.110904988841765556e-02
2.089154920648844671e-01
5.614175630787342219e-02
-1.804856445061948089e-01
1.181053543489980484e-01
-1.400016832925447263e-01
8.247066990768303629e-02
-3.276752535152319679e-01
9.506606271517692788e-03
2.310864387573501044e-01
-6.688461357251945794e-01
-1.722175097066967753e-01
-5.467873452786432553e-01
-2.395251512487480139e-01
-2.191598760350679104e-02
1.180006091656302242e-01
-3.186549707705654821e-01
-4.210198093796262420e-01
9.665342708213242595e-02
-9.372667895575334529e-02
