-1.184703854830190389e-01
-3.694876664646548625e-01
-5.157869071958695040e-01
2.200137270706149228e-01
-5.035545689383269519e-01
-6.334710714045808065e-03
-9.725138077191780583e-02
3.434560881738540905e-02
1.111336961118302435e-01
4.315901945573698273e-02
1.707843923453612467e-01
-1.165177786584058600e-01
5.996030267838221850e-02
4.044357006448032199e-01
6.630843141422518294e-02
-2.954049446564395165e-01
-3.818234381539590272e-01
-9.563457406399822683e-03
5.857864945230470410e-02
2.324619329345124497e-01
-1.750679750783372401e-01
-6.120126884478147566e-01
3.160930607250290736e-01
-5.464720220606435197e-02
-1.569823526702729122e-01
3.036794320147888637e-01
1.184668211328576970e-01
6.553830275681037099e-02
-4.328394198016072836e-01
1.422349245077185464e-01
-4.264011515370036975e-01
-3.464334057740532935e-01
2.652439645829701709e-01
2.252722440526616892e-03
-2.702218579855686920e-01
1.401135120231601638e-02
1.896671590837721577e-01
2.410672895385858605e-01
5.737743610368206681e-01
2.898642448051090281e-01
4.855037474661388908e-02
1.689345120127462574e-02
1.173096823356687274e-01
1.866268380549506445e-01
-1.573966926457663895e-01
8.125122151991166775e-02
1.363133864545177654e-01
1.093203972368671367e-01
-1.458572380023516191e-01
9.597182262624306959e-04
-2.793874783128723061e-01
-1.247869469382148211e-01
3.079970502757434225e-02
1.754789351512353601e-01
1.705402252108376426e-01
-5.752204411589607186e-02
-2.207861089665447488e-02
-1.186079377167684884e-01
-5.307607736023420980e-02
2.295880523723782818e-01
2.770345704477555349e-01
1.354520116676700969e-01
-9.624687881681187607e-02
5.086728704829419911e-02
3.740264417545431375e-01
-4.058223671591097426e-01
1.843132315807846366e-01
-6.810719047037945562e-02
-4.970201635765797987e-01
1.483882103540076769e-01
1.102151039054348330e-01
3.980945142731128206e-01
3.318643489413883874e-01
2.150733201147815299e-01
1.769982480730756258e-01
5.770223870838257080e-02
-2.790091672829214109e-01
4.455754307399789615e-01
2.734456089935855538e-01
3.908678006315637332e-01
1.547748921022769064e-01
1.953225515531636092e-01
4.715092039333814572e-02
-1.423562650111327155e-01
-1.474707838789403314e-02
-6.458871459048997066e-01
7.125533551815570188e-02
2.023687433595729723e-01
-5.244653200450684338e-02
-2.431712319259628219e-01
-1.067451840106401623e-02
-4.910550350324818236e-01
-4.460339344976350651e-01
3.758276104260050987e-01
1.813106540989446180e-01
1.531514082715760006e-01
1.802331813963112539e-01
1.137000415860585228e-01
-1.517841728997017248e-01
-3.673640643610685125e-02
-4.485195450807389350e-01
-8.755768362390836668e-02
6.719920991395621213e-02
-3.431170768432612594e-01
-4.464949953085449452e-02
-7.359837253567036441e-01
1.330717555494427273e-01
2.154122963887428743e-01
-1.521090839381797344e-01
-1.470980956096528403e-01
4.184573757988601650e-01
2.442294051123602427e-01
-2.546233813547461033e-01
4.450660437525622015e-01
3.161039736757642049e-01
4.879815521163533010e-01
2.327077472918583356e-01
-2.770535159895378685e-01
-6.544283403037438607e-01
-1.037101090639971218e-01
4.375818972750708524e-02
2.763586080815770285e-01
-2.783287055357509532e-01
-8.399495319897667261e-03
-1.356576729006015170e-01
-2.019234431243260297e-01
2.819417464398541462e-01
-5.192902115769528759e-01
-1.485045872979364467e-01
-4.923233088588696016e-01
2.502517080061392729e-01
1.447687177375987268e-02
3.834425741859672221e-01
-9.329479048836674185e-03
-2.732970378847814907e-01
2.803078407191274546e-01
1.573435874114024469e-01
-1.740829296923738223e-01
-3.582911433876885265e-01
4.716109500540835997e-01
1.907083246600743132e-01
4.533689510956308288e-02
5.510173739229512480e-02
-1.235369463861045736e-01
3.795166110513138458e-01
3.074268371140943534e-01
-1.403824595061773650e-01
1.585406027298995324e-01
4.143921509682699234e-01
-4.190864249692269339e-01
6.299700411874481487e-02
-3.769480717624792976e-02
1.607515190388478510e-01
4.109281862547393971e-02
3.814328195538657096e-01
7.082540308302791299e-02
1.725927909203192612e-02
3.469617353772655455e-02
-1.171266300689325218e-01
-1.580988184952300188e-02
5.511595183886668359e-01
6.363535993584032990e-01
-2.139385294474154542e-01
-1.276880520969888022e-01
3.691811916061326082e-01
-9.617466238691244063e-02
3.028438457814441320e-01
1.684662435348509985e-02
-3.634902881516008377e-01
1.024299373467388724e-01
-1.689688876806680062e-01
1.558532988224966831e-01
2.639455493971468170e-01
-3.255455569529184245e-01
2.647429140565153438e-01
1.280482086631647420e-01
5.422187874423122222e-01
4.719665023855117991e-01
-1.983470237729558494e-01
2.065230636527196906e-01
-6.453788982047590217e-01
9.760556976024289955e-02
-2.187254199896849771e-01
9.038697036341995436e-03
-2.468097042886388537e-02
2.437107170165699888e-01
3.368271190247824620e-01
3.291242247406515609e-01
3.825782169503570973e-01
1.656258017401336935e-01
-2.218597200937041936e-01
9.695280057757731107e-02
-5.338725930269767606e-01
-3.635507550159340628e-02
-5.724321437784591904e-01
-3.519067073693609715e-01
-5.025509559717961094e-01
-1.273992939192477580e-01
-3.841278020463916865e-01
2.011348418210640587e-01
-1.978482843266161362e-01
-1.815500377597573933e-01
-4.765320747963823489e-02
7.002468932433671966e-01
4.118370001623220672e-02
2.365586067335166132e-01
-3.039490812801645681e-01
-8.212257505169490157e-04
-4.033221363010969229e-01
2.262449421218570844e-01
-2.109050925046736524e-01
9.049721565821261526e-02
-2.059002145570199005e-01
-8.323665762571111348e-02
1.377211311558924622e-01
6.648420484119951790e-02
-3.427642138874653077e-01
1.800936174309356597e-01
-1.815299917041994782e-01
-3.431842607169616199e-01
-1.825068782353658214e-01
-1.715902179972015051e-01
-5.015685954718328288e-02
5.095842383609090753e-02
8.534476238741663112e-02
3.153218087847553530e-01
-9.714461154030776258e-02
5.422170315664678331e-01
5.128889283811627342e-01
6.842918407391426205e-01
-1.986319456369991243e-01
-1.292578829870547064e-01
1.999550816179143098e-01
1.757561866159290664e-01
-3.795740230004941984e-01
-1.902534754904739445e-01
-2.090669584459713681e-01
-4.439837624058504684e-01
-3.307813141294970588e-02
-2.934790873354535257e-01
1.567117462787161741e-01
6.068926076896872246e-01
2.789534838156512153e-01
1.386532951824792359e-01
-2.404096970136760381e-01
-4.401586244126554776e-02
-2.103035751544788945e-01
1.997279565303593518e-01
-5.714486551382878810e-02
-4.072574062924665395e-01
-3.373628157986311993e-01
-2.070727773034457264e-01
-1.920740259900815261e-01
-1.129681003038378456e-01
-4.126025026174194865e-01
2.844670004566199339e-01
-1.811614834682881980e-01
3.572510951871666895e-01
-4.648054208318177505e-01
-3.281395554126239622e-01
-4.601045503336875786e-02
-3.379910489356565129e-01
2.350192541950596736e-01
7.274034540388019110e-01
-6.181954366618870322e-01
