-1.014890342736627371e-01
-3.570533938874811963e-01
-5.086819650986840191e-01
2.399934720273572686e-01
-5.031376974408477976e-01
3.776932422366139491e-02
-9.424229590522251176e-02
7.694832967302056570e-02
5.695933910832227248e-02
1.343831596876150780e-01
1.342524019070354124e-01
-1.912735362545168183e-01
5.354719874441068311e-02
2.450495263647562982e-01
1.348487739664778473e-01
1.455390325727952683e-01
-3.756580363370004005e-01
7.010097285765115593e-02
1.043619591421200143e-01
2.148656421340426892e-01
-3.808057173003385198e-01
-6.429068102618737957e-01
-2.794969943413849744e-01
-1.241834145237431519e-01
-1.576653348037713454e-01
3.016058656195159671e-01
2.090360431498592686e-01
6.553830275681037099e-02
-4.328394198016072836e-01
1.290266598980302215e-01
-4.264011515370036975e-01
-4.481434577336765868e-01
2.689570079626925625e-01
2.252722440526616892e-03
-3.546640018105110537e-01
2.894422193548523703e-01
1.688303153801462009e-01
1.601280267146065472e-01
6.100232187832652642e-01
-2.762982266453925528e-01
3.383668498409831554e-02
3.262458690821926771e-02
8.866789501936583884e-02
1.466732829591360088e-01
-2.461456401879753009e-01
2.446629523066407574e-01
2.211689009736310940e-01
1.506780838860980187e-01
-6.264487242106273057e-02
1.287114715196740382e-03
-3.556699371827807266e-01
-6.053788764827260777e-02
1.413073247282687350e-01
2.527904623354604308e-01
2.109199297750870006e-01
-1.031631808867442684e-02
3.315403803258350213e-02
-2.858479809071862721e-01
-5.942901897630863128e-02
-6.722768013795524245e-02
3.344194216150083721e-01
2.139514678464075614e-01
-1.387943325074985357e-01
-3.171668763258013723e-01
4.066013096109893366e-01
4.715309738185771704e-02
1.320400871048624525e-01
2.434555731130288447e-01
-4.140952619001383450e-01
-1.967142422533687748e-02
2.607585217032848957e-01
3.382640303598824505e-01
2.372737111412073219e-01
-2.438031849661758677e-01
1.702407438657831951e-01
6.558413273879130923e-02
-2.653653936224825705e-01
3.980521659456586203e-01
2.646878117081636894e-01
3.699165062172095064e-01
1.136916678559091037e-01
2.195325709997236752e-01
1.299479244072858086e-01
-2.424256687506448349e-01
1.419160433091090634e-02
-6.081332154691815317e-01
8.035372491755388147e-02
2.932244020320169398e-01
2.645881705827080044e-03
-2.556191443948204189e-01
1.069693765235572580e-01
-5.233661151591104677e-01
-4.480111340494615790e-01
2.415221650879769144e-01
3.120475874189684862e-02
1.350806167969761662e-01
2.366868723825341359e-01
2.829757606115189117e-01
-1.615486334789505984e-01
2.389935267748281161e-02
-4.254029079807151170e-01
-8.913353757597922145e-02
3.714285213498687288e-02
-2.086467500789955243e-01
-4.464949953085449452e-02
-8.174082691793752575e-01
1.557309097821555077e-01
2.369810900208378923e-01
-1.201799538383429011e-01
-3.662138239611907320e-01
3.755510959768439960e-01
3.713920664334229849e-01
3.933166983321415011e-02
4.631125608314843878e-01
2.960894879473317531e-01
4.796125065171835677e-01
1.849728645526882986e-01
-3.364195336896222965e-01
-3.562851362999232552e-01
1.885577135224947298e-02
3.383528444999978763e-02
3.706310483630769759e-01
-3.891973028763023867e-01
2.454432066547627619e-02
-6.159619497179344427e-02
-1.492134150990975794e-01
-1.507508953798320783e-01
-5.058755677121659078e-01
-1.291376990094267041e-01
-4.575280498636487003e-01
2.502517080061392729e-01
1.447687177375987268e-02
2.544847976283998170e-01
9.345146650546320988e-02
-1.465495814626351367e-01
3.277033257822409285e-01
1.445464007431422615e-01
-1.306541359412437264e-01
-2.533436094732217647e-01
3.675142500500914733e-01
1.209160174063499960e-01
-2.766009643344319660e-02
3.670941540103702661e-01
-1.026585799250936820e-01
4.854104177545797705e-01
3.474416938572794100e-01
-1.698882548880453203e-01
1.394222181128257632e-01
3.780729875238512117e-01
-4.009953909112566328e-01
1.831198649180109383e-01
1.964714084984224562e-01
1.857675960844147323e-01
6.046865437689582373e-02
4.502499928378306260e-01
8.682854674059226063e-02
-6.028181367025308574e-02
-6.046332122874274739e-02
-5.358305281198839920e-02
6.139613841911359393e-02
5.389416818591389324e-01
6.363535993584032990e-01
1.130867872587761336e-01
-1.721771382066074330e-01
2.859743727461981910e-01
-9.617466238691244063e-02
-2.031151555113692164e-01
-2.424913658469773914e-01
-4.213887593068013082e-01
1.745314533468864115e-04
-1.689688876806680062e-01
1.364388547900516890e-01
-1.490300293429408507e-01
-2.744268537037482525e-01
2.495504151302295470e-01
1.250271004413934239e-01
2.683466619277964371e-01
4.858664758047157028e-01
-1.689123101100167279e-01
2.427120199612173568e-01
-6.973397590822555392e-01
1.980614051071318271e-01
-2.343947373187436622e-01
2.212090277028195828e-01
-1.423846518987459953e-01
2.639542110294728072e-01
3.241824462739287815e-01
4.114865715641480293e-01
3.978203806742850457e-01
1.601276157035509962e-01
-2.639234403871654200e-01
1.884389984195350143e-01
-6.314739822481085785e-01
-6.306714830491109980e-02
-6.115046430371708919e-01
-3.925886036667822765e-01
-3.101020700683722597e-01
-3.034685514738372780e-01
-3.127362496117277457e-01
5.239167400174288280e-01
-1.404104979129587039e-01
-2.010166795028338060e-01
-1.500176312580151494e-01
2.792081277194022881e-01
6.771971024495379576e-03
1.979541489955358446e-01
1.262619333302240632e-01
2.834566027117895737e-01
-4.672847031641301774e-01
9.743487836141428993e-02
-7.926172742461760901e-02
2.207758721366381571e-01
-3.725450964130374021e-01
-8.323665762571111348e-02
-3.979698477828749748e-01
5.654449868422597447e-01
-2.630253109795359645e-01
2.017124204717645752e-01
-1.506358092213880007e-01
-2.927624747511101133e-01
-1.836834780635517028e-01
-1.120666902109136998e-01
-5.015685954718328288e-02
1.719525268224859071e-01
2.325928281581027962e-02
3.600318869857747628e-01
2.316788718040126149e-01
4.216403176726724045e-01
5.702290495142885440e-01
3.012238559857649545e-01
-1.385304100804185812e-01
-1.326432960431786490e-01
1.968182345755982443e-01
-1.610962119532755865e-01
-4.550281827311836169e-02
-2.016809742766141333e-01
-1.573762516941213940e-01
-2.137334585789976982e-01
-7.715929946788803451e-03
-3.265882892419311734e-01
8.911287832738107317e-02
6.302763222862961534e-01
2.277371130536989530e-01
1.226029257202006645e-01
-2.650531527259126219e-01
1.261074986477697668e-01
-8.879490600189761385e-02
2.165097670765925297e-01
1.872801433137713523e-03
-3.874882697375907070e-01
-3.373628157986311993e-01
-1.281702512212068434e-01
-7.478266462414516480e-02
-9.001092005889196890e-02
-2.802765948426964582e-01
-1.774575664145471021e-01
-2.613392793127913283e-01
3.736191788887082699e-01
-4.973603276456382005e-01
-3.093935791941215263e-01
2.771149640635656164e-03
-3.431006910600379878e-01
2.329002220219371921e-01
7.819161888328096666e-01
-5.751815353398894715e-01
