-6.652164569133535432e-02
-3.561450258528893742e-01
-1.010072900708593319e-01
1.012893852901677605e-01
-6.497008840563107956e-02
1.015234494082655065e-01
-2.043151410787110225e-02
5.688382762740973320e-02
-3.174638144522292094e-01
4.469263299581281434e-01
1.328392528533771377e-01
-3.224456818498835919e-01
-2.863368531886424928e-01
-4.632223666863076739e-01
-5.363569311580007604e-01
4.650604010463604832e-01
5.052299005338292126e-01
-1.202774918943928240e-01
-9.576060720161050366e-02
1.097494265905711447e-01
-1.558834858161658732e-01
-5.769067403303199670e-01
-4.522986063303391369e-02
3.780091469325922993e-01
-1.865637025095579771e-01
6.421545568732434095e-02
-1.873461138149894395e-03
-2.929158574178357399e-02
2.912566848325256474e-01
-8.676278727218596221e-02
-1.869381638004284640e-01
3.936140004776585988e-01
-4.848763536685360420e-02
-1.419088566546660747e-02
5.336576028488045909e-01
-1.750778339264951744e-01
-1.712807199607630296e-02
-1.161595303695363429e-01
5.758520422347394169e-02
-1.650296041268484726e-01
-5.271262583431519655e-01
3.409855398914703462e-01
-1.614706020731480896e-01
-5.326515326317248222e-01
-1.905003167154344090e-01
-1.564289802147031394e-01
3.482954091064280333e-02
3.732996929996119928e-02
5.519223629512180068e-02
1.132354015197084840e-01
-1.746139975495450136e-01
-5.299108601603488289e-01
7.670586634792903036e-01
-4.685093823152142734e-01
-1.192793643823207572e-01
-2.352053084560351559e-01
-8.732370933795811918e-02
3.825994224385536463e-02
-5.518267653684788554e-01
-2.044933442242080276e-03
3.191044259032241315e-01
8.389162434137650837e-02
1.164423024051365607e-01
-7.872758509377651703e-02
-2.574763309358601426e-01
-2.098033163820433866e-01
2.249028986363660054e-01
3.906933909869447219e-01
-1.463850886227872905e-01
-7.276877709842310971e-02
-5.276600152093049445e-01
8.184790017853127431e-02
1.038585369002161668e-02
5.930668201092573755e-01
-2.459124004059585200e-01
2.315650725641989482e-01
4.047005637114412524e-01
2.018338902276443358e-01
5.985944970422653680e-03
3.797568743379955980e-01
-1.603966940509432004e-01
-8.837272295094872332e-02
-1.758968413048823398e-01
7.827479049803165445e-01
-6.421808766169313787e-02
1.645201537238802081e-01
1.049603113055772169e-01
3.960112995779019318e-02
-4.452988342413137235e-01
-3.175972747868405222e-02
1.624318609122456791e-01
-2.969779422611733971e-02
2.777824741264228736e-01
-1.561728408962107795e-01
-3.061469415283243345e-01
6.024193484557944789e-01
-2.827893519417984391e-01
-2.361386416857786941e-01
1.518123954452907654e-01
4.200106459221880084e-01
4.546184512945429523e-02
-2.928524482327868883e-01
-7.431124120780989439e-02
-1.395208474006206512e-01
-3.077378098350483371e-01
2.824065397677438249e-01
-3.850987446403008468e-02
-4.340247031542846523e-01
3.866164688376564351e-01
3.165460082895166227e-01
6.973439053703819890e-02
3.473824264042647547e-01
-1.344226467869724662e-01
-3.360171077753149049e-02
-1.592034822250564252e-01
-3.591072543972448350e-01
-4.105148308023771064e-01
1.784633052637891182e-01
-8.804005282926359588e-02
-4.444309784739624014e-01
-2.494181639975810438e-01
6.456977354843139727e-01
-1.277727198977934575e-01
-3.115707032208188676e-01
2.867332537574284745e-01
2.423519642863357360e-01
-3.814862994419688791e-01
1.381868747274763755e-02
-4.252486342677140319e-01
-1.229829287541492622e-01
1.699524990955576798e-01
-3.424315359903790656e-01
-2.382720386049811956e-01
3.039512131352874458e-01
1.128461427731618227e-01
2.724481397693403473e-01
1.544160608324849082e-01
3.028521797950234351e-01
-4.394213906403789394e-01
2.725035700527358440e-01
3.455431018447585045e-01
-3.420609831646911347e-01
-2.222878622604307353e-01
-4.999894198765425513e-01
3.854490561532658011e-01
-1.141929056090003336e-01
1.690243386864554442e-01
-1.058391497065353237e-01
8.548074324237411870e-02
2.603016449303933721e-01
-4.214480556026147240e-01
-5.871656321567145786e-01
-3.383044587160130567e-02
-3.652327798448014029e-01
4.117745289047554380e-02
-2.721486869129945418e-01
1.470241901639792181e-01
1.595548506232671304e-01
1.007845368306674455e-01
-2.612689827790141694e-01
7.596145616490368457e-01
5.539046180379528783e-01
-8.538677065530622667e-02
-3.099149711453817457e-01
1.678973031911483449e-01
-2.883428425752953550e-01
2.990548286760802976e-01
-1.631002918984821026e-01
1.245838561083236623e-01
-9.321266675019353187e-02
-1.032587130903757366e-01
-3.949370884622238620e-01
1.916787839403190363e-01
-8.189619938504437771e-03
3.828735141733787262e-01
-4.395428584390455584e-01
-2.718949808264553014e-01
-7.005867175931758395e-02
-1.586225134106325832e-02
-2.833718722922264899e-01
-2.938888114306958399e-01
-8.630600909008777355e-02
-2.473073294735776417e-01
4.176829673393999687e-01
5.568861573321489677e-01
3.473307405210138143e-01
-2.910060913300064334e-01
2.054071207582227609e-01
8.561018270349417258e-02
2.355955270580050165e-01
-5.376488918401686745e-02
9.481970234142408915e-02
-4.702432545660101826e-01
4.439945005502272668e-01
-3.042293097021875892e-01
3.677553292517826700e-01
1.906505359020962409e-01
7.209089547205213000e-01
-2.221857671288812452e-01
1.668135079138959587e-01
3.341819616256868630e-01
4.593081051009582222e-02
9.082831063997330590e-02
-4.460117378961654944e-01
-6.351082585276195125e-02
2.342208801055376266e-01
-2.028953049869032521e-01
-5.184229162468558805e-01
-3.210790797958864434e-02
2.491489084006535404e-01
-3.872745359573003254e-01
1.657148696052856973e-01
2.731363259358171036e-01
2.914856874210721149e-01
-4.137879383459217020e-01
3.587433005871601410e-01
2.525468268215159268e-02
-2.017594603194332870e-01
4.634183362583662591e-01
6.348838387656967619e-01
-4.520378406441954988e-01
3.985217115072029470e-01
1.486061988184513294e-01
-2.282215483566276681e-01
9.389546420291558417e-04
1.692365809371307594e-01
-1.651607916164824288e-02
-2.479259151336511147e-01
4.151307721729777800e-01
-4.072379419104896758e-01
1.295027182665673959e-01
8.317324115048419647e-03
5.303698117284386809e-02
-1.717193072703579737e-01
3.751594280998912234e-01
-2.933372232267254520e-01
4.846594869247218274e-01
2.280401432733052125e-01
-5.701168561849728755e-01
5.828769835270547484e-02
1.577289054406779412e-01
8.337911305096239872e-03
1.597098666806925082e-01
-1.450986416387923250e-01
1.244523032652868760e-01
-1.181689747569383553e-01
1.522308476960552437e-01
2.693772771839171298e-01
4.780045479101935890e-01
1.520720683346652169e-01
-3.100249860902466459e-01
3.609047083108218312e-01
2.249871154397374007e-01
1.969561525861758533e-01
5.493731273277717708e-01
-6.510461613472322794e-03
-6.792128357765489510e-02
4.334135932874236263e-01
1.833424926678670075e-01
1.798811679568221022e-01
-4.447546354339860786e-01
8.064089917795842777e-02
1.771281790637722064e-01
1.998389455258578126e-02
1.056381446631790150e-01
