-2.386646546643008959e-01
-2.833674123870887351e-01
-2.773046804183554870e-01
5.201277599684412944e-01
-7.127777554883887173e-03
6.230687304634845436e-01
1.001801528488599630e-01
-1.047850394973688232e-01
-5.408856235699446291e-01
-5.662665194284522974e-01
7.171011573545523765e-01
6.265543552469593491e-02
2.200435295558030580e-01
1.561850770649908793e-01
1.561773558021005426e-01
1.797527475333574876e-01
-7.503478550860739893e-03
2.682326077827698607e-01
-8.953138667682415675e-02
5.858376112747046283e-02
-3.832594264154257080e-02
-1.576975081556273584e-01
-8.294846133363530383e-01
3.113016231557617919e-02
-6.889857401433401030e-02
2.499182761289031329e-01
2.732171877349474087e-01
-1.825547415712815702e-01
1.746708879560380512e-01
-1.429226683337931070e-01
-6.367585729877686118e-01
1.961557011449658328e-01
4.464899716776267735e-01
-1.605991265767644505e-01
2.672567323545682605e-02
-3.299719607930175491e-01
-2.931062708408235240e-01
-6.877348924233955829e-02
3.967636506954015374e-01
-2.627913243362337697e-02
3.773242674250413820e-01
-2.620645566755260281e-01
9.869782385654121692e-02
-3.677026975486091809e-01
2.928759254582044558e-02
-3.827284524395052068e-01
1.878404634379973182e-01
-8.630996007383225088e-02
6.602303605218565741e-01
4.114860095305717530e-02
4.470902177742004380e-01
1.597605784889761793e-01
-3.734610885576166717e-01
9.948655520469223967e-02
3.566782996430725716e-01
-4.796160075133926726e-01
2.985699301059067667e-01
7.340620481921859841e-02
9.729422842098077728e-01
-2.890885156794832933e-01
-4.119348907337393451e-01
-6.470632753673102866e-02
-3.960335315770935338e-01
3.367393909724293866e-01
8.615377104555785315e-02
-7.076491814426849603e-02
-1.271301316891824129e-01
-3.260687147826036303e-01
-5.631536602396566837e-02
4.871709013895660356e-01
8.682713966063640432e-02
-1.173147930320946886e-01
3.317731054758295273e-02
3.045233241048940220e-01
-2.000558239001593852e-01
-5.095195415315302567e-02
3.633641149332182407e-01
-2.175084932963856077e-01
-1.409922600883012356e-02
-1.808747884562842967e-01
-3.216440557792607513e-02
-9.890803417649397800e-03
1.699383147762989210e-01
-5.026450722628698908e-02
1.847320214589933951e-01
4.565664296592938376e-01
1.509115801259483802e-01
-2.574304232427211958e-01
-1.787567418677574460e-01
-1.779223881428957099e-01
5.068904768659577842e-01
9.963684376256509712e-02
-1.189349606816247212e-01
3.102708558756824830e-01
1.630341973293895907e-02
2.503111100920052956e-01
5.706368133944106358e-01
3.943806560311263754e-03
-1.477693474310088906e-01
-2.893522176594481299e-01
-1.800639816125000348e-01
-2.163244428668110730e-01
2.259776150510977855e-01
2.221760051404948755e-01
-3.482239822178787580e-01
-3.298991472767091593e-01
-1.307922251406919423e-01
3.729162534167329568e-03
-3.139020934321527512e-01
4.561098708247928735e-01
2.494167305871360929e-01
-1.870409138632862511e-01
5.195131270792769929e-01
1.893461304229502040e-01
-1.420011023993760502e-01
2.500000381786611769e-01
-5.633671901991329500e-01
-2.941800023085608395e-02
-2.034774296017127088e-02
3.068841193193609929e-01
-3.667400745014618435e-01
-1.781641317807789726e-01
-2.484560853005297332e-01
-3.419864156465138305e-01
3.316671119838802695e-01
3.611810855767227935e-02
4.386227713594921251e-01
-3.289867580736079988e-01
-4.295834164711897496e-01
-2.341590066345557164e-01
7.945189970768314902e-01
3.693578014417189803e-01
1.620409596582252920e-01
-2.095149012996683768e-01
1.785355231733808667e-01
-4.920237881395747581e-01
-2.728364954566897885e-02
-5.315110947502282857e-01
-3.761348423350864834e-01
4.348070426433146007e-01
-7.614153561382827617e-02
-3.943080388842389872e-01
6.291868197856747003e-01
1.858964527463628780e-01
7.812554048212300151e-01
-3.711950916465805994e-01
-1.806658987994956833e-01
4.684289372173064403e-01
1.956915165743286500e-01
-6.793254930591817453e-02
8.440661343412576845e-02
7.255426163781411031e-01
1.129892437628598895e-01
4.925567798361934341e-02
-2.579047529798508126e-03
-1.318779407246191415e-01
4.482558151323940421e-01
-1.772875799703925170e-01
4.200057573888931195e-01
-2.581534615736166480e-02
1.542932475697539885e-01
-5.183524742684622044e-01
7.439325860615068897e-02
-2.166562811061315263e-01
1.902238439112803603e-01
1.405029076414677502e-01
1.986437662985686761e-02
7.299711682290871417e-01
8.791256359540329524e-02
5.556454361569286293e-01
3.973026862728659125e-01
6.615774486236370988e-01
-8.139489753842306385e-02
-5.464655244348467500e-01
2.818956094893831366e-01
-2.888659254173071844e-02
-4.009569998974631400e-01
-3.474151633400441308e-01
-2.063060858780251805e-01
-2.622983952986904232e-01
-1.403620844506078269e-01
-3.672564067847478575e-01
-3.928818205652200857e-01
9.519282528400896393e-03
-5.752147760275138078e-01
-1.673179402774692959e-01
2.831588208801519291e-02
-2.303698215142810923e-01
-7.721578074556394167e-02
-1.984526206242635260e-01
-7.022355429926343540e-01
1.143249676306040546e-01
1.004547376159342642e-01
-3.896297294249843196e-02
-2.711490686607075928e-01
-2.787906468980663743e-02
-4.701930364842994980e-01
3.213998410070750822e-01
1.186933555792800687e-01
-4.207618818090320123e-01
-5.105969738780893330e-01
-1.048220498620205249e-02
-1.120338033790590909e-01
1.494267916563549736e-01
-4.248821442166106355e-01
2.756361353156651095e-01
-8.988363051239661033e-03
4.670806712694409168e-01
-1.161985555199343267e-01
-1.483924768505201497e-01
-5.352635714514537568e-01
-9.041147889555169181e-02
4.497001102340850709e-01
3.758310900540371424e-01
4.715364779655095151e-01
-3.982821958398893303e-01
-2.084061299939122397e-02
1.971646200977454910e-01
-3.010912043299506652e-02
4.495264722575483818e-01
-3.050937201607565805e-02
2.212824929331526080e-01
2.193430509667065181e-03
7.784480495274544165e-02
1.133443250053746548e-01
-1.559702197532935597e-01
9.313043370468171780e-03
2.465114507869264893e-01
2.342761241587817955e-01
1.893510456510545115e-01
-5.478201757900021951e-01
6.060604759054012691e-02
3.220937492696790971e-01
-7.289363472311627401e-02
1.044319423615275993e-02
8.602432384756952821e-02
-5.414578354043586561e-01
-1.785270562623290230e-03
2.902552487351918176e-01
-2.876626609431194859e-01
-1.243256460112013434e-01
-2.069460276811461996e-01
-4.448788815068114300e-01
-3.965734862917996706e-01
-5.603844410337972537e-01
1.831236488510707971e-01
-2.068544638284048609e-01
3.345268399266900228e-01
-1.829342159627564413e-02
-2.415987853193731494e-01
-3.956452231592487712e-01
-1.459024230579545334e-01
1.076020007720652621e-01
-1.486007381713877751e-01
1.876648747141153040e-01
3.657406963038246639e-01
2.912678926071256558e-01
-2.118314371088100001e-01
2.938849672885354147e-01
4.428452542367110334e-02
-2.275164415784384220e-01
7.186296676030474728e-01
2.441784309237499118e-01
-3.421046585210062441e-01
2.857641128592887103e-01
