-1.400493311722758316e-01
5.012105906125809140e-02
-1.467990476614383366e-01
4.273067428161290704e-01
3.900343998452828753e-01
1.095644218757252375e-01
-3.521108312648042749e-02
-1.979265914571879670e-01
-4.741720722909010255e-01
-2.320594270186698005e-01
-2.240032653414128216e-01
-2.717411946942897144e-02
2.475973009702845118e-01
4.527408751076423821e-01
-4.924037931203539831e-01
-1.467669749864512763e-02
-4.424296830865704910e-01
-1.204049653307771861e-02
-2.800537544286466618e-01
2.101645201823606202e-01
-4.326697166564360542e-01
3.182442966598558742e-03
2.906123515114411582e-01
-5.183077677432983144e-02
1.195776045560524303e-01
2.812632184317515743e-02
1.814101715325749931e-01
-4.067176773350697494e-02
-1.633233115760448495e-01
2.573064878926786467e-02
-3.499564375532843163e-01
-1.433036793273994303e-01
9.154771711543956136e-02
-6.400805732303597173e-01
2.947553211946857266e-01
-1.156315242727189857e-01
-5.054862752999398356e-01
-7.102150491951121358e-01
2.876167520157213442e-01
4.194622168515888538e-01
3.482835772317590117e-01
-3.331194005613555831e-01
1.612742612777137707e-01
-2.149319538034313581e-01
6.769723009162138816e-02
-8.392259489412713658e-02
-2.932001088869565786e-01
-3.304667880824280757e-01
-3.586526740026368953e-01
-1.556773051700422461e-01
-2.313434415556110957e-01
-1.078154191034418757e-02
-1.192058315376945954e-01
-6.258305316153525699e-02
-3.693733085670469762e-01
-3.834494325373405399e-01
-2.821986797760516613e-02
-2.502827852089474225e-01
5.281363098025011471e-01
-4.489515580740273126e-01
-3.204649972142016301e-01
7.353882789270317633e-02
-1.236036467299893582e-01
-3.602012699434073983e-01
1.479568279308774992e-01
-2.676435287202124855e-02
6.436865356304950769e-02
1.911600120272248238e-01
-2.018940548438734883e-01
-7.872972525335701632e-02
-1.752178076891361125e-01
4.631353712923984012e-01
1.296993957966809941e-01
4.075948280958033298e-02
-1.038160068805330100e-01
1.367045299388376101e-01
-2.792457375008515763e-01
9.467039773707307260e-02
-2.209700880352791219e-02
-9.697925081187470930e-02
1.258571078169823665e-01
1.042119640506252304e-01
-7.632560082332703888e-02
4.232335216558232305e-01
-2.994960607813456077e-01
7.415970721971780998e-03
2.187356155744858421e-01
-1.699385974732215560e-02
-3.637103750994539753e-01
3.455480171505956877e-01
1.049290829018306448e-01
-3.404168558324041638e-01
2.765332106515867513e-02
1.804614685775060845e-01
4.400200636306995094e-01
-2.588605670774378198e-01
-6.670898241872222356e-02
1.044740491603614319e-01
5.632223918440331517e-02
-3.826678069050066799e-01
5.644718787663004222e-02
-1.027026845820846329e-01
-3.500893968700202752e-01
-3.674221650124197547e-01
5.699818463248274014e-01
-3.715270141169503826e-01
3.641486544991065499e-01
-4.223256927052934651e-02
2.079779414783163027e-01
-9.364056340845025028e-01
-4.741820170218534747e-01
2.435286530795144622e-01
3.967815974681702662e-01
-5.557200414864946758e-01
-9.770042395688781356e-02
8.992817856058285542e-02
-4.866538025898735631e-01
-8.693106589271878959e-02
9.582080491187588978e-02
-2.265761513350053880e-01
-1.413307058766005986e-01
-5.833716895062441843e-01
-1.716433687230680127e-01
-4.343384957281114234e-03
2.745737115586559945e-02
-2.079243415943872741e-01
1.614277111044338797e-01
-2.396131684183821220e-01
2.109783513201204663e-01
-4.211003844660885509e-01
1.255486903298814461e-01
-3.720581323274289587e-01
-1.633622100881433337e-01
6.230306934150932341e-02
1.048977311260337886e-02
1.304392544502785689e-01
-2.282845087434055009e-01
1.937987837018125825e-01
-6.312611707927312521e-01
3.311434387446061667e-01
2.332444130614206301e-01
-5.032989354555483796e-01
-3.202206532008358142e-01
2.085885422111309617e-01
-1.396226737683556041e-01
1.056354276406767656e-01
-1.886336788387553420e-01
-2.930514739755585851e-01
4.138139556419499487e-01
-1.731022046074252585e-01
7.683057558159409051e-02
-3.332561705939500185e-01
-1.652190466551870796e-01
1.531491144070987742e-01
-6.098489834769751372e-01
-2.769695652180902412e-01
-4.105086657342370549e-01
-5.523287703649196190e-02
4.427382019178794509e-02
-5.328018426031998489e-01
-3.956053661826986617e-02
1.429997380366259119e-01
4.227104893668224839e-01
-5.903118349626276240e-01
-9.534468212208567495e-02
-1.014999222392790751e-02
2.845650855900682119e-01
3.781969340907007093e-01
7.991423212768183904e-02
3.517664160973703602e-01
3.265042276353769535e-01
1.137237136343592463e-02
-5.057616445934705052e-01
2.170000438665896092e-01
-3.470113615675980978e-01
-5.594026128883343718e-01
4.432014528447716928e-02
6.394737852860784555e-01
1.039505577910513900e-01
5.280741537141265818e-01
-3.218515512480367158e-01
-9.818980288244272270e-02
-6.798885425005067873e-01
-6.546639135092388595e-02
2.152710613344894219e-01
7.102476095018370184e-02
-3.021490745491515195e-01
2.156913374366705716e-01
2.847615184338914140e-01
3.778298025259253096e-02
9.709084117105887257e-02
4.175430949748599740e-01
7.471600936856614972e-02
-1.813379247770519065e-02
1.339735978596323374e-01
2.932246374852091608e-01
-2.959792128221870322e-01
1.708020349483610201e-01
-3.978491205129539576e-01
-1.980935738280513447e-01
1.896051106380177709e-01
2.433391057480404351e-01
2.290042231849162002e-01
-1.518279908555244251e-01
1.607255201148146961e-01
-3.588095734917890467e-01
-6.163968924241167158e-02
6.025674727228926830e-01
1.649830661576376090e-01
-4.526597094400152121e-01
-1.743786393505225574e-01
1.892824278128452664e-01
1.299845697366164565e-01
-1.668550711494033167e-01
2.405792510355732050e-01
-4.743324200091284526e-01
1.715491008926366967e-01
-9.269870986077834163e-02
-2.128995285176931151e-01
-5.352312584464391509e-02
-3.558887304487480252e-01
-2.272782007145978389e-01
1.944239980261910222e-03
-2.236151944376003342e-01
7.203147925329321799e-01
4.860352772069350680e-01
-1.712322482776652832e-01
-6.751314922382944950e-01
4.219403052214829586e-01
-2.643572211574447550e-01
4.118550565470056185e-02
2.942482080251483390e-01
-3.637851413687911983e-01
-4.218093735057214244e-02
4.196051845339953540e-02
2.578823845265156289e-01
-5.601132151370141754e-01
3.189018044485779080e-01
1.191671992507437883e-01
3.905293513018398555e-02
1.123004015799630440e-01
3.405763419345383958e-01
7.419426755606374213e-01
6.899817764163049261e-02
2.189581921072329962e-01
7.522571671776283331e-02
-3.285599290036583242e-01
-6.304479521965425382e-02
4.347558130743988114e-01
-2.414333015523327797e-01
-5.682708749195964915e-01
-1.366046359835090540e-01
-5.517655694861864912e-01
1.603758900294559864e-01
3.009855407562674889e-01
-1.023000607030208203e-01
-2.216454937532286174e-02
7.183677695826224952e-01
-1.561798792140433323e-01
-3.004894118703591577e-01
1.370862709284161318e-01
-1.773899795629066412e-01
-2.264567100841672065e-01
3.374898874125612513e-01
-2.971683734777478408e-02
