-6.185233779483029215e-01
-2.572589380091448996e-01
-1.083768456953796144e-01
-6.079141585677465959e-02
-3.618714482108428832e-01
2.507880511496899945e-01
-2.034986892078429754e-01
-4.864377541930066662e-01
-3.527771486034338433e-01
2.233032041545934265e-01
5.780085534919390811e-03
9.754475534881891507e-02
3.405350351220226002e-01
-3.180779096189870203e-01
1.295234813705125609e-01
5.795863583720418932e-02
3.903533793541478225e-01
-2.640295093569446361e-01
3.009363594967747746e-01
4.740760193293501457e-02
-2.113936612430944439e-01
1.191768211001187350e-01
-2.475474235235325948e-01
-3.829404007147463318e-01
1.809181893538629737e-01
2.729413702617833337e-02
4.812584133833646555e-02
-2.039792851946260754e-01
2.235940603576661023e-01
3.260831149894330427e-01
-1.148388468389644340e-01
1.391519429570591548e-01
-2.979290564964222621e-01
-8.378333883862886244e-01
-2.841087341171928682e-02
2.758705503656371238e-01
-3.580660253315385844e-01
3.337030994921755811e-01
1.545893210913873092e-02
-3.867244648361662929e-01
-1.348225852257128599e-01
7.987881283299840263e-01
-2.437069491051746528e-01
1.365128768010058224e-01
-1.743935863775459005e-01
-1.037141843739632086e-01
1.239535125981635760e-01
-1.471753837400917586e-01
-2.917785003163103630e-01
-3.556481430183253134e-01
-1.815208473317292681e-01
-1.006789239686504134e-01
-2.328272755947214667e-01
-4.916318616190650248e-01
5.650423646517392651e-02
2.871494202779821259e-01
2.313926771754622469e-01
-3.163555802686725260e-02
2.152735900934867885e-01
7.484523564309335519e-01
2.188741546423161322e-01
-1.912171218108587034e-01
6.204908049618452354e-02
2.076725521361923454e-01
3.715233760284616243e-02
-6.373852995885759265e-01
3.518113007055701513e-01
9.966230177519085076e-02
4.340003502291323034e-01
-1.123493352028625408e-02
-3.896797634237726404e-01
-1.521538783715324916e-01
-2.849271863482571443e-01
-1.550183931041311247e-01
-3.287694121887304033e-01
2.817640278182836910e-02
4.082902461862198962e-01
-3.614440516662218439e-01
-4.579020469845405950e-02
-9.551832121107285689e-02
-5.782135402900823173e-01
-2.657929025288607860e-01
-1.349385235609588118e-01
-1.691655340548454400e-01
2.510328810579404712e-01
4.878214684631350107e-01
-2.487931080335994416e-01
-3.977978962731650719e-02
2.709657816003929048e-02
2.060377792796974639e-02
-4.490800464936310354e-01
1.885470603327931982e-01
-2.204256432539255517e-01
-1.206441217177729452e-01
-1.470097237526613032e-01
2.171831201595914029e-01
-1.158051736372594648e-01
-1.182762043591799872e-01
-1.318850823276656314e-01
6.214438330885545259e-02
-4.792632803903789651e-01
-5.063101809731578723e-02
-1.014497450685022673e-01
-1.140876095348677677e-01
4.494560026348581872e-01
-8.026380352412529340e-03
-6.857953321259799284e-02
2.587179629329650066e-01
-1.668762629139650677e-01
1.288843747504159025e-02
-3.951362857904953119e-01
-4.135616000874205167e-02
-6.800091450368148105e-02
-5.561310684189619824e-01
1.300682379283231715e-01
-2.645570166913599475e-01
1.004115471896250139e-01
-1.081406845988264198e-02
1.245387176351715752e-01
-6.474065844608418996e-03
-6.916444603128249491e-03
-5.163124722411892298e-02
1.585846981471231432e-01
1.993442351892786568e-01
-1.938118871175958935e-01
-1.950116182023911571e-01
-1.589660629212307774e-01
1.827890244294339342e-02
-2.384023879118088440e-02
7.754806512594576706e-02
6.208174978716449882e-02
2.908487871235799355e-02
6.472353459476579696e-01
3.985572391214680654e-01
2.109402678777803908e-01
6.165824039539612444e-01
-3.903684012983510976e-01
3.648518868510397528e-01
2.607243554106509209e-01
2.812599737345028994e-01
1.753896816511048978e-02
1.356663217517064257e-01
-4.403698297804135575e-01
-2.088406123771272549e-01
-3.784303385623306593e-01
-1.445440961897428468e-02
2.978641148372009884e-01
2.010522979854955650e-01
1.915846857635537248e-01
-1.090728182867928275e-02
6.621226937146276748e-02
-1.930535278789327625e-01
-3.335955869571098631e-02
1.418756656806312022e-01
2.782269340134568281e-01
3.652499160970851255e-01
-2.720937278961611527e-01
3.255736857914802718e-01
6.527612951119665663e-02
-2.317055253714845331e-01
-2.744961906613417775e-03
-1.695750005668445193e-01
2.861275573622670265e-01
-5.992833866506280804e-01
-3.630816878238586343e-01
-1.108526897929074939e-01
4.944109790710923824e-01
5.953997297175981362e-01
-1.574224881693899458e-01
2.787021575632538384e-01
-2.990293230825313286e-01
2.713280377498177853e-01
3.954020953082718060e-01
2.016349001730018131e-02
2.212284343101411366e-01
-1.441111402922925777e-01
2.397187791738649154e-01
4.244727944299387379e-01
-7.767724785365391627e-02
-1.657031134380723691e-02
-5.517068214451007480e-01
2.581122044523045389e-01
-1.421078813244414096e-01
-2.433832912011481275e-01
3.507388600299196080e-01
-7.408448116090415869e-02
-6.465214228508921190e-02
2.005786418299158880e-01
-1.514442917957211088e-01
-3.637009819756636952e-01
2.151559372614558763e-01
-4.053893237066287236e-01
2.356915734921062877e-01
-7.200107306128493423e-02
1.289450249292845296e-01
2.159696535695481978e-01
2.174624647855616377e-01
-2.021077939515044108e-01
-5.844179001989554534e-01
-3.512249858362488930e-01
-3.087434009945933533e-01
-3.174413187401783909e-01
1.726324140553748276e-01
3.633794736808162451e-01
-2.969809050152896757e-01
3.695044028405444214e-01
-9.390872203296737886e-02
-3.731126714669477651e-02
-6.615529779345088457e-01
-1.706003241237935841e-01
-2.317668609759520049e-01
-6.416395249528218658e-02
3.247179296743246679e-01
-7.033080774291564086e-02
-1.345803516834581659e-01
-1.633641690733526053e-01
-7.519542043175052315e-02
-5.113993379903724046e-01
-6.022230427021492138e-01
1.158336845976303126e-01
-3.853847077626299522e-01
5.232986560451000635e-01
2.216692615223339879e-01
3.487724091300189455e-01
-2.227363501467243684e-02
-1.151431509229561279e-01
-2.008619656926030062e-01
1.950599742104273671e-01
2.041747596148102972e-01
-2.790319087249726326e-01
4.289121599426228282e-01
-1.797611263725280017e-01
-2.922632473944347109e-01
-4.867757224528568294e-01
2.508457730980404587e-01
-4.576442708385013991e-01
-5.084636718853702275e-02
3.980108485906699856e-01
-5.825463415874110318e-01
-4.117945503088274450e-01
-2.317717121239130373e-01
3.346374536131583310e-01
-1.647251992109530772e-01
8.141498023504598058e-03
3.812952064152684839e-01
-4.921079803298878952e-01
-4.809458849433204675e-01
-1.722177233989544698e-01
2.471288529976122528e-01
3.651985820380789782e-01
-5.239354550227834917e-01
-2.306599524766215215e-01
1.958696477066521335e-01
6.956517241561491205e-02
-1.327803141391951658e-01
3.774638943987584372e-01
-5.121500872793148806e-01
1.496918411021832263e-01
1.646558113079737984e-01
2.344481761617632776e-01
-5.780104022534811314e-02
-2.944700406655278435e-01
4.088001048931019094e-02
6.604403024066577421e-01
-1.769438770218940277e-02
