-6.265471574521371823e-01
-2.625000445334300658e-01
-8.209429625477915327e-02
-6.079141585677465959e-02
-3.618714482108428832e-01
2.905946909176624904e-01
-2.034986892078429754e-01
-5.027946940702195944e-01
-3.845933405103590941e-01
2.890586524494809795e-01
-5.450830698799016133e-02
7.124888477882770910e-02
-1.892854905025394552e-01
-3.080249651103622033e-01
1.295234813705125609e-01
3.133469999483166207e-02
4.126298942900641364e-01
-2.702482060714709866e-01
3.246502298576363632e-01
9.256460913217909314e-02
-1.994446205483116907e-01
1.337971156152483743e-01
-2.441759773568474567e-01
-3.600727414491127210e-01
1.316854699093374936e-01
9.696693920005758360e-02
1.122852936907661470e-01
-1.808749893636737993e-01
2.546043611922011451e-01
2.777766246184098509e-01
-1.281728256543129552e-01
1.883381503645958910e-01
1.023898215032356812e-01
-8.026281221804447696e-01
-2.841087341171928682e-02
2.677955913104884678e-01
-3.876478680115290620e-01
3.006890693074121268e-01
3.294184108655101584e-01
-4.584634721982207006e-01
-1.291286935589012197e-01
8.347609331267299426e-01
-2.812013882514608487e-01
2.088265920882893534e-01
-1.743935863775459005e-01
-1.789949188655705348e-01
1.239535125981635760e-01
-2.272907144461107087e-01
-1.917133534616976553e-01
-3.782931715925301752e-01
-2.617832342879046204e-01
-1.006789239686504134e-01
-1.888988725673677038e-01
-5.537505249729421930e-01
2.539228467615470969e-02
2.845654076554191558e-01
2.707584525276086618e-01
-5.210851964462639430e-01
1.853278944473142342e-01
8.002256206188566034e-01
2.586833631287144830e-01
-1.616775928425971676e-01
-3.827558190452242520e-02
1.633339601622776360e-01
1.826772959366228244e-02
-6.075082205943409530e-01
3.023946701130708625e-01
8.073775799393401176e-02
4.340003502291323034e-01
-1.123493352028625408e-02
-4.239061237252583769e-01
-1.130085771234293213e-01
-2.626985954716801186e-01
-1.262636131781840476e-01
-3.287694121887304033e-01
7.082050304232270777e-02
4.214009040577220699e-01
-4.456097169318264384e-01
-7.588316784944695859e-02
-1.229073080914205585e-01
-5.782135402900823173e-01
-2.452400653713089351e-01
-1.036478863395597083e-01
-1.982343551996673947e-01
2.040489596217858193e-01
5.245808869294924515e-01
-3.156913319053412104e-01
1.143625279740230483e-01
-1.197845298549089776e-02
2.429630250102475519e-02
-5.087676368375442237e-01
1.885470603327931982e-01
-2.204256432539255517e-01
-4.358059350945853172e-02
-1.854363940809643785e-01
4.125949335991540567e-01
-8.811440021537798872e-02
-1.179796913810433334e-01
-1.782306838972581853e-01
6.829955899423482968e-02
-4.488903657938501102e-01
-7.658464200765401075e-03
-1.014497450685022673e-01
-1.615754423810662477e-01
3.978382172616786727e-01
-2.903004288574262404e-02
7.833125988651253035e-02
2.099157828500558820e-01
-1.937361902896221066e-01
1.754008573823145206e-02
-4.297466880791532273e-01
-4.299726135462818288e-02
-4.396824832559109164e-01
-5.516589392828395999e-01
1.279556549948058508e-01
-3.134208335950227631e-01
1.222377972821856451e-01
3.525908832042803920e-03
8.596231553242540679e-02
-5.060397002725016552e-02
2.008883756700343554e-02
-1.056841574843493253e-01
1.857765047843974726e-01
2.320544416636245444e-01
-2.028658169050718552e-01
-1.432946398428837087e-01
-1.205260155088610785e-01
-3.139561775658241544e-03
-4.861898176326590049e-02
7.754806512594576706e-02
3.009639757343280514e-02
4.081997979010268396e-02
6.433355172515796694e-01
2.901109781090331907e-01
2.349938153541885344e-01
5.945120408600317319e-01
-3.707574110823466662e-01
4.072176648640512542e-01
2.733982643326653972e-01
-1.988639158493412940e-01
1.753896816511048978e-02
7.284024962257278080e-02
-4.615466330770048864e-01
-2.383850991223316063e-01
-1.323909768987412139e-01
1.943996365934797660e-02
3.486532367256908183e-01
1.821331743474882692e-01
2.008125533775009797e-01
-1.127497425632039002e-01
1.229314615476904127e-01
-1.286979325443468047e-01
-3.367980715426364263e-02
1.418756656806312022e-01
2.455244496575307300e-01
4.126662267662514205e-01
-2.720937278961611527e-01
2.242048648551134837e-01
1.073466175947965506e-01
-2.317055253714845331e-01
4.954546286582195425e-02
-1.695750005668445193e-01
2.769201993874865209e-01
-6.446210427536580578e-01
-3.877680359520779829e-01
-5.837619713970826352e-02
-1.111696082194687935e-01
6.143749095462863741e-01
1.527607053243090207e-01
2.826094541805012073e-01
-3.539986201038032299e-01
2.382499563762159323e-01
3.664376628374031442e-01
9.945588414293295154e-02
2.701342674707242764e-01
-1.656865604645521850e-01
2.289050919932490435e-01
4.609087497930051680e-01
-8.417682038588039650e-02
-2.476391673417794106e-02
-4.761214232786359912e-01
2.641852804873309757e-01
-2.143071648201612667e-01
-2.453131263326395473e-01
3.637599266310032609e-01
1.242149768119021891e-02
-5.649595413112312031e-02
3.406656821088853704e-01
-1.514442917957211088e-01
-3.772612016223809706e-01
-3.501242182912153722e-01
-2.949578758624181729e-01
2.282658520025728222e-01
-6.046370297194443577e-02
1.639564310184922213e-01
2.159696535695481978e-01
1.897137565983637031e-01
-2.021077939515044108e-01
-5.242298788700975321e-01
-4.962793706152598405e-01
-3.014891700070556069e-01
-3.211888430029852803e-01
1.503640270206771656e-01
3.638319066297368010e-01
-2.924687383756864878e-01
3.163081633063952181e-01
4.767030213755312634e-02
-4.273206763035519717e-02
-6.862358557225373135e-01
-8.792273046203108455e-02
-1.747526282609490056e-01
-2.784118698269661546e-02
3.247179296743246679e-01
-1.014931840749157266e-01
-9.808269674188309362e-02
-7.837160100001760998e-02
9.074374386022425465e-02
-8.281270889967838611e-02
-4.910785282333294810e-01
7.553870425303255143e-02
-4.366540041149153395e-01
4.910602740269036093e-01
1.797960693378563568e-01
3.487724091300189455e-01
-2.716711058293794223e-02
-5.243485022804350582e-02
-2.090326340990313059e-01
1.261243306294672628e-01
9.483793523991729257e-02
-2.790319087249726326e-01
4.764877311037479801e-01
-1.445885701181937599e-01
-2.586232284591413744e-01
-3.963749136162605380e-01
3.068947397126474685e-01
1.116884616451377793e-01
-1.613958481231101555e-02
3.851516011778433057e-01
-5.923884669639108980e-01
-4.240832639250020075e-01
4.683210068702760576e-01
2.938802312780393056e-01
-2.323797320037306324e-01
2.364553414865507366e-02
3.812952064152684839e-01
-5.030228548938410205e-01
-3.942696160838425889e-01
-1.008841524218742070e-01
2.700481190763289741e-01
4.099265783943984998e-01
-5.076543263228396885e-01
-2.256435062545336379e-01
1.550575568213791722e-01
6.956517241561491205e-02
2.679391801003773166e-01
3.845011408938917574e-01
-5.463818521489498536e-01
2.329203115401975166e-01
-4.068965766557903208e-01
2.344304225597562408e-01
-5.780104022534811314e-02
-3.455498785460698330e-01
5.181222435797604858e-02
7.049860313837746917e-01
1.592217559766682944e-02
