2.338098294697964208e-01
-7.728126861434103656e-02
1.162057687173299325e-01
2.652932845622515412e-01
2.309685500486071408e-01
-3.946574818698567744e-01
-1.829599478883616459e-01
-1.313084642797550904e-02
2.405025878670078721e-01
2.059134285534232611e-01
-2.581072697408958172e-01
7.158416487120830562e-02
-1.106930457799510346e-02
7.126958569725935222e-01
-1.658649369121631134e-01
7.653706377569882702e-02
6.640734845573575962e-02
6.628331015973631946e-02
6.018280158111242173e-01
6.846578890511348554e-03
-2.661149395320412392e-01
2.508481678715739904e-01
-9.961173893807412361e-02
-6.366025773569580770e-02
-8.059737697079091268e-01
1.669310477406669435e-01
-2.742903342246073017e-01
-4.189916152290648621e-01
-1.676008053052433777e-01
2.585062549126285539e-02
7.469497825460760798e-02
-1.946537480529683395e-01
-3.788574423729986207e-01
-2.582445782640495069e-01
-7.872380224394523451e-02
5.355798535191753640e-01
5.126884280178922726e-01
3.792853542397731093e-02
2.804836518653313626e-01
2.004611111946201785e-01
4.794625480938038420e-01
-2.748884305643304327e-01
5.036905294539340688e-02
2.375985903948187594e-01
-4.388523575787333653e-01
-8.937529371760613572e-02
-4.103275855167057840e-01
3.059144611012042936e-01
1.621376232007088469e-01
4.093016123594696021e-01
-2.133247547878222294e-01
4.668506581568767078e-01
-3.231600046488370542e-02
-1.585456965516099659e-01
4.005979645727699157e-01
-2.126620152925281781e-01
2.402441039538658896e-01
2.731744053217460277e-01
4.082345832174938960e-01
-2.240560304364647981e-01
-5.336322795831961452e-01
1.563389713015227904e-03
-1.779435195589477992e-01
-1.981048122888232343e-01
3.640032312549028037e-01
-5.730824078701948210e-01
-1.266057454309516828e-01
-4.087291534279470229e-01
2.569845892444277413e-01
-7.478583241513311886e-02
1.721184572769613730e-01
6.233660191786793980e-01
-5.609727264804724445e-02
-2.302456917224632582e-01
2.504550786218793790e-01
3.296393944460006553e-01
-5.753057233099326817e-01
3.162691869215717433e-01
-3.875658343068133505e-01
2.104967898077975685e-01
-2.587443303798455177e-03
2.339087886234940961e-01
-7.458203902855581324e-02
-4.054444794082510128e-01
-2.741351505929373045e-01
-5.328079284944658295e-02
1.269210580100741011e-02
3.239383626923250659e-01
4.332207937068177084e-01
5.729650523536793383e-01
-1.627846982634573725e-01
1.484510601312488687e-02
3.013704847263839470e-01
-5.953779652628431174e-02
-2.404643161870508583e-01
1.475867923112267888e-01
-1.914065828745381559e-02
-9.549565945283522428e-02
-5.752209313465746210e-02
-2.636133215458580370e-01
-4.237327287424371702e-01
9.537236591669753794e-02
-5.673210810713268382e-01
-1.380911618907272598e-01
-7.767947283220236754e-01
-1.450368900193216848e-01
-4.029740423696620000e-01
1.142064848505809083e-01
6.286391214794657956e-02
-2.911144516979247143e-01
-1.580537560207401770e-01
1.928832022735378279e-02
1.660285682955960629e-01
-3.171342217331203917e-01
-5.977694175665528020e-02
1.905417835815985117e-01
-8.900520277388019111e-03
-2.890040560506417222e-01
1.251023956580541580e-02
-1.561882415527709664e-02
-1.668318069960125216e-01
4.645571965065447007e-01
2.927313671479419566e-01
9.586511062356918578e-02
2.081487218189860544e-01
-2.246589897802752644e-01
-2.526255661021437615e-01
2.458036093686034318e-01
4.272076921191995114e-01
-8.676287685329168997e-02
-1.260674099238680568e-01
6.899450975664824792e-01
-3.529924922580151558e-01
-2.163472176734445029e-01
-1.941825029046843898e-01
-1.260804182013433306e-01
1.026603424537313181e-01
4.247929577154866410e-01
1.733263421548534577e-01
-1.630561915264547579e-01
3.428173903130477540e-01
1.629845657746548104e-01
-1.930250239888811337e-01
2.807054754080783865e-01
4.254026936734379982e-02
-6.558664331831980110e-02
-5.944271216371595223e-02
-5.039623302205676891e-01
-2.589991333199920601e-02
4.842252171043015530e-02
-3.344424378394327269e-01
-9.666247688340391664e-02
-9.522683886563228228e-02
-5.202722118734261908e-03
8.327248533822918797e-02
1.917071410776588838e-02
1.010259567367689376e-01
1.083298073587321830e-01
3.477801356819336387e-02
3.865685798485152813e-01
3.055426736824690681e-01
4.229639264472640492e-01
9.161134897606133809e-02
4.396755517792999557e-01
-1.270793709574829511e-01
1.214948085971175595e-01
3.316549127748022463e-02
1.530682654995817182e-01
-1.866073329201522191e-01
2.056240488572752267e-01
4.138357065361945031e-01
-3.333881298925726600e-01
1.736275329598979122e-01
2.817491265680564447e-02
1.282547220409972211e-01
-4.338803207227290987e-02
4.352972660452920084e-01
5.763458070368789737e-02
2.448811184446602618e-01
1.093831958060455106e-01
3.719273749222668513e-01
5.769588665186952126e-01
5.089886802349082862e-01
-2.456196309809832445e-01
-5.281923793219944763e-02
4.455997723552436729e-01
-2.935920092369396217e-01
-2.373959856797587184e-02
-8.687754542280555492e-02
-2.179570158300294935e-01
-9.466998395936150612e-02
-1.612494554231032051e-01
2.519982273811830278e-02
-3.519659975401684959e-01
-3.869002082013872079e-01
2.253602326976286152e-01
2.788708004680234484e-02
-2.416449624730973578e-01
3.160685974272315346e-01
9.754546210469891565e-02
-9.056695514449884798e-02
6.048099367858358333e-01
3.857767926527981839e-01
-4.067807226189459890e-01
-2.296107021996167744e-02
1.175476706173225888e-01
-1.732493560450667491e-01
-2.597439681870483685e-01
-4.442943021014901794e-01
-8.544845597786925040e-02
1.007849327021624330e-01
5.610124426560081368e-01
-3.650675095547780136e-01
3.847672784003116492e-02
-4.087197128676742786e-01
9.827539916549181409e-02
6.033782613905956937e-01
-1.713087795459455331e-01
-3.243833964698824013e-01
3.921671524302769440e-01
-2.333954348823142622e-01
-2.738097703664270632e-01
3.161254104806079934e-01
1.271147390183244852e-01
4.845746506400628456e-02
-3.099196865329011952e-01
-1.312401462463798074e-01
-3.608394852653629137e-01
1.458424160792069491e-01
3.765040311777076432e-01
8.034090843403214610e-02
-4.020514377725923488e-02
9.060513148858199972e-02
8.445664326891216822e-02
-1.804866812779493401e-01
-4.042848485442111506e-01
-5.672412357523309856e-01
-1.957242533901695503e-01
2.788276434837522744e-01
-4.651147568300207924e-01
-3.890358501447173101e-01
-7.642071358724901453e-02
-3.364281974755810312e-02
7.462176780488788408e-02
-5.137393490083087544e-01
4.699302574818733369e-01
-3.119794785412741134e-01
-3.557801133088082657e-01
-1.501798373437844558e-01
4.628896941035179902e-01
3.847164379182259064e-01
2.523221772836274912e-01
-1.631715768715031045e-01
6.485548082531957803e-01
-1.123578490169973715e-01
-2.429545041343962250e-02
9.446444069436299440e-02
-4.589247711152678044e-01
-1.727963278953645876e-01
-3.864926946470997882e-01
6.632497088392339674e-03
1.267160814686021375e-01
4.898460313610792372e-01
3.231204592792188968e-01
5.593142530614826358e-01
