-5.735357082865167877e-01
3.135481829362501416e-01
-1.965145891765953112e-01
8.727649665037894022e-02
-6.704299730203133745e-02
-5.049579082613039338e-01
-5.290110362872378902e-01
5.523204356079650795e-02
5.726401434793411405e-02
-6.693494616610171088e-02
-2.998044231890163447e-01
2.700235614650840429e-02
-1.532646815720064004e-01
1.062003565324252663e-01
-2.019123543748924665e-01
-3.070507264324663366e-01
-1.900917581295515357e-01
-5.561147900633921504e-01
2.956991552675242163e-02
3.325394850431961924e-01
-1.936779697861673588e-01
-2.859829224590506036e-01
4.152030658774078509e-01
-3.924745019040976612e-01
-1.808772748767316363e-01
1.599084667688728256e-01
4.417352284491272152e-01
-1.902088143580485391e-01
-3.761758003623246194e-01
-3.979001540250047264e-01
-8.588795304625884697e-01
-8.962911765323118563e-02
-3.205233305248025300e-01
2.297394110903194508e-01
-4.967601536172420312e-02
-1.763647489194015427e-01
2.624204403152062826e-01
1.122643494982654144e-01
-4.556553200398612280e-03
-1.873631185056164744e-02
4.650071123953281593e-01
2.547676947098325151e-01
-1.136773064712115477e-01
-8.092089885235684843e-01
1.583829645287999077e-01
3.870740504012574745e-01
4.030870890387107108e-01
1.903291474718434850e-01
-5.866890976423950743e-01
-1.635853580248153027e-01
-3.634588452314501117e-01
-4.851020564188102124e-01
-2.407143210138070477e-01
-1.102250238923530162e-01
1.200122750135659278e-01
-6.443183488772218082e-02
3.880419810229031596e-01
-3.028665505848106565e-01
5.429621795127169692e-01
-4.497280937215672458e-03
-4.512311914971579019e-01
2.307616684557829145e-01
-5.861716947546036227e-02
4.951404052112497872e-02
-2.898490994506732199e-01
-1.248289512871353368e-01
-4.752788507339216761e-01
-2.577778754010918716e-01
5.129637295431715982e-01
2.435363751070783178e-01
-1.203731524546668985e-01
2.328933968090609874e-01
1.168961842800114448e-01
2.292547310645505765e-01
-1.201680869015740588e-01
8.578208258926310892e-01
6.078517032232202411e-01
-4.306947065817005177e-02
1.386681244531648705e-01
-1.751126864846447029e-01
3.181358883565417184e-01
-1.301833467072602835e-01
3.974097839217943240e-01
-1.531117266252753351e-01
-2.082487245972906853e-01
-4.780288486674388881e-01
3.055264893286298022e-01
3.537145486408361794e-01
-4.798504041942216469e-01
9.667576078312846433e-02
-3.092251723646066708e-01
-7.939709672045794364e-02
7.993135520587624221e-02
2.755099951588924068e-02
-1.938565624079724159e-01
-8.015549827258465765e-01
1.323490157738543838e-01
-6.438680051533951509e-02
2.708057498366294169e-01
5.987259112211269496e-01
3.125626785233778099e-02
-3.871781673113369737e-01
-4.715781884294797249e-02
-2.007533631132220053e-01
3.461979141761574730e-01
-3.544069804310812644e-01
8.994388325706564880e-02
6.381248537814954158e-01
2.529388292968636209e-01
1.865402648225050197e-01
1.410426358261886171e-01
-1.515185242418096989e-01
-1.525656625006745759e-01
3.242653054764380038e-01
2.828855644517405121e-01
-1.208962396383890664e-01
3.711225741453722665e-02
-3.552751161440749206e-01
-3.710506673598044092e-01
-1.243750390950608131e-01
1.116915059335307631e-01
-1.172585136626950741e-01
-8.303697476535783217e-02
-4.419273851476732684e-01
-1.571799224242685367e-01
-4.173870844505050970e-01
2.695566057031423823e-01
-4.529671176951494682e-01
-1.883595787308719183e-01
6.833035772106337280e-01
3.809531487146832762e-01
3.756060682217681190e-01
-3.615125488195756742e-01
-1.928015139044580994e-01
-2.078547373635452056e-01
-7.049707601231562648e-02
1.775521861559655468e-01
-4.910253017787442054e-01
3.171054297012146361e-01
-1.250331614909701572e-01
-4.735568180858408249e-01
5.093073820459482759e-01
7.220412877404604191e-02
-6.840125268919169943e-02
4.054910752846700439e-01
4.447462039389221689e-01
3.842039318436891726e-01
-1.553308854717289911e-01
-2.044527401063631344e-01
-3.439829717557932875e-01
5.320289081643997386e-01
-6.102170552893387834e-03
2.619782670058999896e-01
-7.293396230570842187e-01
-5.535039585910098703e-01
1.934981450837092859e-02
-3.258920685801984796e-01
-6.688862318704057452e-01
-1.785014332925107805e-01
3.120406162366982320e-03
2.089543650083471038e-01
2.754177189747030186e-01
2.711114818564607787e-01
1.724719942874609890e-01
-3.849747102424208034e-01
-1.614614397041580218e-01
-7.479192936132257330e-01
-1.174482856299125799e-01
4.298863155971022754e-01
-1.670525762676362547e-01
-2.658767502812150463e-01
4.063704025370734607e-01
-2.712753664433463774e-01
1.506983676182619691e-01
-4.277687560862476063e-02
1.195913623999666775e-01
2.899927524721777616e-01
4.366815971073813030e-01
7.626794352614423012e-03
-3.448139374248450628e-01
1.087266004488626203e-01
-4.926433834926040589e-01
1.918677587472583101e-01
-4.585583022835820061e-02
-2.160713150970688390e-01
-1.445316139940240885e-01
1.792078854516449549e-01
-6.425039617029604938e-03
-4.273512579946254775e-01
3.435386822087681258e-02
3.377926027467139658e-01
1.346069456932741104e-01
-2.781914983637111538e-01
-4.021228053717196826e-01
-4.376726806458960950e-01
2.386665825704740174e-01
-4.339083528274164103e-01
-3.850583072951022645e-01
5.151848634467017796e-01
-2.791118679228741795e-01
-2.708485221593482928e-01
3.355998304477914029e-01
3.346964764812138671e-01
8.832012555047806524e-02
-1.026504554506769001e-01
1.239514469919959089e-01
7.381732981155608719e-01
7.947314960087024927e-02
1.575442940815440784e-01
1.724684326881273932e-01
-2.871425994112666857e-01
-1.476349238493684379e-01
4.616840318186680170e-01
4.560457074839187608e-01
1.876020161096239591e-03
3.686023570376477099e-01
3.353505575169962172e-01
-2.696311772865388479e-01
-2.093831023882272158e-01
-3.702145425965150394e-01
-4.136416402867384434e-01
-6.209399095535877988e-01
-3.397918740757032707e-01
-6.125459325607502947e-01
-7.409775550031059976e-02
-2.206565430934317729e-01
1.736751019853664535e-01
-1.923896350828428470e-01
-2.018009100312546100e-01
-8.920238862501564392e-02
-1.771332284943973878e-01
3.181241589738387776e-01
3.090269297921265923e-01
-3.004829573446748947e-02
1.209193779973320726e-01
8.159252029323506294e-02
4.421951627347334712e-01
-5.720242834951830280e-04
-3.120909723398104241e-01
3.249061335523546479e-01
-1.777216251178192347e-02
3.288834470672316046e-01
-2.155864763967173525e-01
1.145501934921480669e-01
1.566570759239785116e-01
-3.556398076537267694e-01
-4.343787227036700060e-01
-6.137085565368494144e-02
-1.856619722848549814e-01
1.372360257931065641e-01
1.767524637558259559e-01
5.335893364574809117e-03
2.393928022689744695e-01
3.981207944343128080e-01
5.263117769549181535e-01
-4.222649249417025769e-02
2.099166278790998985e-01
-2.011016938530010012e-01
-1.030495784343475607e-02
4.763163269129566113e-01
5.750602285530321822e-01
2.422402858699543027e-01
3.198681121643959235e-01
8.195394719556632346e-01
-3.486668837566788137e-01
