2.556102410430151628e-01
4.009121034554780083e-01
2.696282905120274132e-01
2.461644166116168375e-01
-2.630241977847470602e-01
2.819074847384207549e-01
-2.279621148167535610e-02
7.674946847306247932e-02
-2.708094636284305232e-02
-2.550538478717666660e-02
3.855942803053378221e-01
5.672233581418555104e-02
3.784263105241540970e-01
1.902209792163150615e-01
-3.864917132607679773e-01
-1.143355117741217536e-01
1.214523057611973794e-01
3.333236206230991705e-01
1.231506455869422340e-02
4.059856300277334684e-01
-3.894439641353870662e-01
6.123141075509180853e-01
-4.685685357714626242e-01
-5.029415372915756188e-03
-4.582665707977018887e-01
1.285522746154240115e-01
1.176367621383932471e-01
8.013755332761984818e-02
9.693850905891605862e-02
-1.712269108094982284e-01
1.509905046962590480e-01
-2.393214335904441381e-01
-1.996144526388749230e-01
2.889591071596925298e-01
2.415582804537178829e-01
-3.987378412486101142e-01
-7.280625254527895995e-01
3.458984228364074820e-01
-1.787152795125325211e-01
-3.032784750247964345e-01
1.490688408623853378e-01
2.909936030208737923e-01
1.979513147140113116e-01
-1.944540950033293303e-01
4.062739741359037149e-01
1.502755311443738639e-01
1.223848314383578911e-01
2.183539033749455974e-02
9.441015661441201634e-02
1.549300719808290316e-01
-2.703053572199811128e-01
-4.799577891450241829e-01
1.978193747785276235e-01
1.977170089497425620e-01
1.328441483797142553e-01
-6.853253874706828619e-02
-4.295053621769246988e-01
1.395638847144222427e-01
-9.311971760006801380e-02
3.461165336432268091e-01
-3.062990186421479105e-02
1.101127539449474058e-01
3.402148219424809272e-01
1.821352589735130423e-01
-4.528003906006508039e-01
1.049626518347704096e-01
-1.726761097319797489e-01
2.533403433576652541e-01
3.432223374741658062e-01
1.698455916010336020e-01
2.895102543966066588e-01
-4.324510388907492307e-03
1.110453648469415799e-01
-3.269647134810665934e-01
7.251066473874560880e-02
-1.002219778127251271e-01
-2.269085489831031699e-01
1.321464625311454671e-02
2.066145206759373298e-01
-6.697347885455012806e-01
3.138040671416705840e-01
-2.547685277963434580e-01
1.118216511287175863e-01
1.108257596525290545e-01
-5.737785706573639982e-02
-2.160715555879634819e-01
2.974511878055022263e-01
3.806191213220792013e-01
2.706846763694080171e-01
4.195035116294542066e-01
-3.506363059567116358e-01
-1.232473651878312863e-02
2.693980284577806028e-01
-4.702677758614374759e-01
4.947152497398727561e-02
8.923459803234681798e-02
-3.381230700558065516e-01
-2.920238172308748936e-01
-5.463142832709238367e-02
-3.732784475651085843e-01
1.135629654306724856e-01
-8.070401170684764480e-01
1.492127396663058825e-01
3.066951923430794036e-01
3.688388074758334190e-01
2.156331903451018661e-01
-3.637617221152835145e-01
-1.208768803498533329e-01
-3.014139246383846227e-01
2.753668004258409407e-01
-3.605864002593524575e-01
-1.560579832979790416e-01
-6.633746590619195027e-01
-3.698916919677834869e-01
2.685161471635478803e-01
4.776627258683525945e-02
1.899928155310598443e-02
-4.550635196144336980e-01
-2.658844026792046011e-01
9.028713356699172299e-02
-6.956934770216308128e-02
3.762833008484010588e-01
-6.250460329017099026e-01
4.014850063487570009e-01
-6.460328512077510021e-01
5.510503659836742951e-01
-1.863747680333827372e-01
2.982131969677245809e-01
-7.592647199975793848e-02
6.360659054825247918e-03
4.600903374914817878e-02
-7.706011804698987833e-01
-1.649039751057026215e-01
-1.601471406301145303e-02
1.994262085059611278e-01
1.924826447170248367e-01
1.769018352173651887e-01
1.902907173525630879e-01
4.495909941022667444e-02
1.358761591455102391e-01
1.233372292534733322e-01
-5.318597259743066408e-01
1.763285532834234226e-01
-4.185361086667729880e-02
4.311371247670459095e-01
-7.889225605394248331e-02
-2.533224120461758377e-01
-4.596413532878279584e-02
-5.741496941134175414e-01
-1.498043295049209522e-01
3.981982919176232372e-01
-3.325062169286143732e-01
-6.149479227644019663e-02
1.348130278460752882e-02
3.274275719667459894e-01
-7.793461556466431406e-02
8.653650183694935882e-02
1.674828729487326251e-01
-4.416347514435965405e-01
-2.180946554035866070e-01
-2.622350187289470003e-01
-2.676816860379500201e-02
1.062234816065498605e-01
-1.191813052745013118e-02
2.439658410689229256e-02
5.445562716743757026e-02
-2.849685996786021636e-01
-1.805677965122082229e-01
-6.373038753458011296e-01
2.860349012637591892e-01
-1.251111901330223819e-01
-2.140065148821141960e-01
-2.324486970094406801e-01
-2.181277475090000473e-01
1.904480309277682692e-01
3.643168975215227978e-01
-3.908055671988200364e-01
-3.722368495579254644e-01
2.118863156758238608e-01
-3.705315404938252510e-01
2.355925170882128272e-01
2.310257894054245920e-01
4.971648036547863386e-02
9.240135205180975697e-02
-7.759676183186517417e-02
-5.091899865403857334e-02
-2.898099256910002253e-01
-1.216007552755392074e-01
6.091128332201265483e-01
-1.858002943651511016e-02
-3.778043407846961022e-01
-4.663320093164965985e-01
1.582954574607546849e-01
-3.544104212863056769e-01
1.925320416468060680e-01
5.993638627616928310e-02
-1.809020350200159777e-01
6.239099981923363902e-01
-4.974041538015900876e-01
-6.556695786558671690e-01
6.586872836561658007e-01
-4.403875154305583739e-01
3.249369549127590906e-01
3.178555696938359376e-02
1.563776662852630062e-01
7.150890973241560977e-02
-3.638722259754429422e-01
1.174551357873136748e-01
-1.953065955666000858e-02
-9.761702958358711713e-02
-2.357730649314839499e-01
2.596050305689395765e-01
5.840348681393549984e-02
-3.098597679203732302e-01
8.717146187318255968e-02
-2.376117509593805160e-02
-2.111927990478666972e-01
-7.399610824355870586e-02
-1.981957978987980151e-01
3.048662599340243307e-01
-3.205811645762576267e-01
-3.545948604318486241e-01
2.689909497885594747e-01
7.139785627534430690e-01
-5.088716212592227922e-02
2.485605416335174844e-01
-2.222578024796002527e-01
-2.972996460636652682e-01
6.422697695101028392e-01
3.206827288218160044e-03
-4.263997226823590947e-01
5.391530642177924104e-01
2.004976557331439313e-01
2.907393636765481792e-01
-5.148492825239798787e-01
-8.185271461273115057e-02
-5.621017682491217249e-01
-6.571480189578773889e-03
1.795600093831537306e-02
3.643474474441513733e-01
-3.367317771998176723e-01
1.485948595578135967e-01
5.588021696729976728e-01
5.695813484954304062e-01
9.910056181656941299e-02
-5.617756080894091841e-01
-1.841492995009105516e-01
9.873045312922439365e-01
-1.418708879386756105e-01
4.407360762844754476e-02
-7.898230704849731887e-02
-2.042594531991716866e-01
1.888438778553112180e-02
5.069909002446024160e-02
9.642582322082071666e-02
3.075741893914522018e-01
3.333965147516625982e-01
4.705649270916298366e-01
1.389704416620551330e-01
5.830692166389773723e-01
1.411731605513810994e-01
-6.245644379305502758e-01
2.132199574603290126e-01
2.142806320349913973e-01
5.546053377674239337e-01
